uuid,date,time,sym,n_close,amount_delta,n_midprice,n_bid1,n_bsize1,n_bid2,n_bsize2,n_bid3,n_bsize3,n_bid4,n_bsize4,n_bid5,n_bsize5,n_ask1,n_asize1,n_ask2,n_asize2,n_ask3,n_asize3,n_ask4,n_asize4,n_ask5,n_asize5,label_5,label_10,label_20,label_40,label_60
0,34,13:10:03,9,-0.0319178082191781,1038901.0,-0.0317808219178081,-0.0319178082191781,5.470387275372421e-07,-0.0321917808219177,2.297562655656417e-07,-0.0323287671232876,2.2428587829026925e-07,-0.0324657534246576,2.1334510373952441e-07,-0.0326027397260273,9.463769986394288e-07,-0.0316438356164383,1.2034852005819325e-07,-0.0315068493150684,8.533804149580977e-07,-0.0312328767123287,8.205580913058631e-08,-0.0310958904109588,2.6476674412802515e-06,-0.0309589041095891,1.0940774550744841e-07,1,1,1,2,2
1,34,13:10:06,9,-0.0316438356164383,367552.0,-0.0317808219178081,-0.0319178082191781,4.649829184066558e-07,-0.032054794520548,5.470387275372421e-09,-0.0321917808219177,2.297562655656417e-07,-0.0323287671232876,2.2428587829026925e-07,-0.0324657534246576,2.1334510373952441e-07,-0.0316438356164383,5.470387275372421e-08,-0.0315068493150684,1.1214293914513463e-06,-0.0312328767123287,8.205580913058631e-08,-0.0310958904109588,2.6476674412802515e-06,-0.0309589041095891,1.0940774550744841e-07,1,1,1,2,2
2,34,13:10:09,9,-0.0316438356164383,395839.0,-0.0315753424657535,-0.0316438356164383,6.564464730446904e-08,-0.0319178082191781,3.993382711021867e-07,-0.032054794520548,2.1881549101489683e-08,-0.0321917808219177,2.297562655656417e-07,-0.0323287671232876,2.1881549101489682e-07,-0.0315068493150684,1.1159590041759738e-06,-0.0312328767123287,8.205580913058631e-08,-0.0310958904109588,2.532789308497431e-06,-0.0309589041095891,1.0940774550744841e-07,-0.0308219178082191,1.750523928119175e-07,1,1,1,2,2
3,34,13:10:12,9,-0.0316438356164383,2297684.0,-0.0317123287671232,-0.0317808219178081,1.3128929460893809e-07,-0.0319178082191781,3.719863347253246e-07,-0.032054794520548,2.1881549101489683e-08,-0.0321917808219177,2.1881549101489682e-07,-0.0323287671232876,2.1881549101489682e-07,-0.0316438356164383,2.406970401163865e-07,-0.0315068493150684,2.7351936376862106e-08,-0.0312328767123287,7.111503457984149e-08,-0.0310958904109588,2.532789308497431e-06,-0.0309589041095891,1.0940774550744841e-07,1,1,1,2,2
4,34,13:10:15,9,-0.0316438356164383,650332.0,-0.0317123287671232,-0.0317808219178081,3.336936237977177e-07,-0.0319178082191781,3.719863347253246e-07,-0.032054794520548,5.470387275372421e-08,-0.0321917808219177,2.1881549101489682e-07,-0.0323287671232876,2.1881549101489682e-07,-0.0316438356164383,5.470387275372421e-08,-0.0315068493150684,2.7351936376862106e-08,-0.0312328767123287,7.111503457984149e-08,-0.0310958904109588,2.532789308497431e-06,-0.0309589041095891,1.0940774550744841e-07,1,1,1,2,2
5,34,13:10:18,9,-0.0316438356164383,940040.0,-0.0317123287671232,-0.0317808219178081,5.470387275372421e-09,-0.0319178082191781,2.0240432918877963e-07,-0.032054794520548,7.111503457984149e-08,-0.0321917808219177,2.1881549101489682e-07,-0.0323287671232876,2.1881549101489682e-07,-0.0316438356164383,5.470387275372421e-08,-0.0315068493150684,2.7351936376862104e-07,-0.0312328767123287,7.111503457984149e-08,-0.0310958904109588,2.532789308497431e-06,-0.0309589041095891,1.0940774550744841e-07,1,1,1,2,2
6,34,13:10:21,9,-0.0315068493150684,1590299.0,-0.0313698630136984,-0.0315068493150684,6.564464730446904e-08,-0.0316438356164383,2.729723250410838e-06,-0.0317808219178081,1.2034852005819325e-07,-0.032054794520548,3.282232365223452e-08,-0.0321917808219177,2.844601383193659e-07,-0.0312328767123287,6.564464730446904e-08,-0.0310958904109588,2.532789308497431e-06,-0.0309589041095891,1.0940774550744841e-07,-0.0308219178082191,1.750523928119175e-07,-0.0306849315068492,4.3763098202979367e-08,1,1,1,2,2
7,34,13:10:24,9,-0.0313698630136987,678896.0,-0.0313013698630136,-0.0313698630136987,3.282232365223452e-08,-0.0315068493150684,3.8292710927606954e-08,-0.0316438356164383,2.6969009267586037e-06,-0.0317808219178081,6.564464730446904e-08,-0.032054794520548,3.282232365223452e-08,-0.0312328767123287,2.7351936376862106e-08,-0.0310958904109588,2.313973817482534e-06,-0.0309589041095891,1.0940774550744841e-07,-0.0308219178082191,1.750523928119175e-07,-0.0306849315068492,4.3763098202979367e-08,1,0,1,2,2
8,34,13:10:27,9,-0.0310958904109588,445554.0,-0.0313013698630136,-0.0315068493150684,8.752619640595873e-08,-0.0316438356164383,2.6969009267586037e-06,-0.0317808219178081,1.4770045643505538e-07,-0.032054794520548,3.282232365223452e-08,-0.0321917808219177,4.2669020747904883e-07,-0.0310958904109588,2.095158326467637e-06,-0.0309589041095891,1.0940774550744841e-07,-0.0308219178082191,1.750523928119175e-07,-0.0306849315068492,4.3763098202979367e-08,-0.0305479452054795,7.111503457984149e-08,0,0,1,2,2
9,34,13:10:30,9,-0.0316438356164383,2679181.0,-0.0313698630136984,-0.0316438356164383,7.822653803782562e-07,-0.0317808219178081,1.4770045643505538e-07,-0.0319178082191781,1.0940774550744842e-08,-0.032054794520548,5.579795020879869e-07,-0.0321917808219177,4.649829184066558e-07,-0.0310958904109588,2.127980650119872e-06,-0.0309589041095891,1.0940774550744841e-07,-0.0308219178082191,1.750523928119175e-07,-0.0306849315068492,4.3763098202979367e-08,-0.0305479452054795,7.111503457984149e-08,1,0,1,2,2
10,34,13:10:33,9,-0.0316438356164383,1774315.0,-0.0313698630136984,-0.0316438356164383,5.360979529864973e-07,-0.0317808219178081,5.470387275372421e-08,-0.0319178082191781,1.0940774550744841e-07,-0.032054794520548,5.579795020879869e-07,-0.0321917808219177,4.81394080232773e-07,-0.0310958904109588,2.127980650119872e-06,-0.0309589041095891,1.0940774550744841e-07,-0.0308219178082191,1.750523928119175e-07,-0.0306849315068492,4.3763098202979367e-08,-0.0305479452054795,7.111503457984149e-08,1,1,1,2,2
11,34,13:10:36,9,-0.0316438356164383,2581010.0,-0.0313698630136984,-0.0316438356164383,1.641116182611726e-08,-0.0317808219178081,5.470387275372421e-08,-0.0319178082191781,1.0940774550744841e-07,-0.032054794520548,5.579795020879869e-07,-0.0321917808219177,4.0480865837755926e-07,-0.0310958904109588,1.925576320931092e-06,-0.0309589041095891,2.7351936376862104e-07,-0.0308219178082191,1.859931673626623e-07,-0.0306849315068492,4.3763098202979367e-08,-0.0305479452054795,7.111503457984149e-08,1,1,1,2,2
12,34,13:10:39,9,-0.0316438356164383,197931.0,-0.0317123287671232,-0.0317808219178081,1.586412309858002e-07,-0.0319178082191781,1.0940774550744841e-07,-0.032054794520548,5.579795020879869e-07,-0.0321917808219177,4.0480865837755926e-07,-0.0323287671232876,2.2428587829026925e-07,-0.0316438356164383,1.0940774550744841e-07,-0.0312328767123287,2.7351936376862106e-08,-0.0310958904109588,1.936517095481837e-06,-0.0309589041095891,5.579795020879869e-07,-0.0308219178082191,1.859931673626623e-07,1,1,1,2,2
13,34,13:10:42,9,-0.0317808219178081,438215.0,-0.0318493150684929,-0.0319178082191781,1.0940774550744841e-07,-0.032054794520548,6.837984094215526e-07,-0.0321917808219177,4.0480865837755926e-07,-0.0323287671232876,2.2428587829026925e-07,-0.0324657534246576,2.844601383193659e-07,-0.0317808219178081,2.1881549101489683e-08,-0.0316438356164383,2.6257858921787617e-07,-0.0315068493150684,4.649829184066558e-07,-0.0313698630136987,1.0940774550744842e-08,-0.0312328767123287,1.586412309858002e-07,1,2,1,2,2
14,34,13:10:45,9,-0.0316438356164383,197918.0,-0.0317808219178081,-0.0319178082191781,1.1487813278282086e-07,-0.032054794520548,6.837984094215526e-07,-0.0321917808219177,4.0480865837755926e-07,-0.0323287671232876,2.2428587829026925e-07,-0.0324657534246576,2.5163781466713136e-07,-0.0316438356164383,2.1881549101489682e-07,-0.0315068493150684,4.649829184066558e-07,-0.0313698630136987,2.7351936376862106e-08,-0.0312328767123287,1.3675968188431052e-07,-0.0310958904109588,1.870872448177368e-06,1,2,2,2,2
15,34,13:10:48,9,-0.0316438356164383,268613.0,-0.0317123287671232,-0.0317808219178081,5.470387275372421e-08,-0.0319178082191781,2.406970401163865e-07,-0.032054794520548,1.750523928119175e-07,-0.0321917808219177,4.102790456529316e-07,-0.0323287671232876,2.2428587829026925e-07,-0.0316438356164383,4.9233485478351786e-08,-0.0315068493150684,4.649829184066558e-07,-0.0313698630136987,2.7351936376862106e-08,-0.0312328767123287,2.297562655656417e-07,-0.0310958904109588,1.870872448177368e-06,1,1,1,2,2
16,34,13:10:51,9,-0.0316438356164383,784532.0,-0.0317123287671232,-0.0317808219178081,1.0940774550744842e-08,-0.032054794520548,1.750523928119175e-07,-0.0321917808219177,4.102790456529316e-07,-0.0323287671232876,2.2428587829026925e-07,-0.0324657534246576,2.5163781466713136e-07,-0.0316438356164383,2.680489764932487e-07,-0.0315068493150684,4.923348547835179e-07,-0.0313698630136987,2.7351936376862106e-08,-0.0312328767123287,2.2428587829026925e-07,-0.0310958904109588,1.870872448177368e-06,1,1,2,2,2
17,34,13:10:54,9,-0.032054794520548,1208319.0,-0.0321232876712328,-0.0321917808219177,3.993382711021867e-07,-0.0323287671232876,2.2428587829026925e-07,-0.0324657534246576,2.5163781466713136e-07,-0.0326027397260273,1.1268997787267187e-06,-0.0327397260273972,2.1881549101489683e-08,-0.032054794520548,5.798610511894766e-07,-0.0317808219178081,2.1881549101489683e-08,-0.0316438356164383,3.883974965514419e-07,-0.0315068493150684,4.923348547835179e-07,-0.0313698630136987,2.7351936376862106e-08,2,2,2,2,2
18,34,13:10:57,9,-0.0319178082191781,1497931.0,-0.032054794520548,-0.0321917808219177,1.641116182611726e-08,-0.0323287671232876,2.2428587829026925e-07,-0.0324657534246576,2.5163781466713136e-07,-0.0326027397260273,1.0721959059729943e-06,-0.0327397260273972,2.1881549101489683e-08,-0.0319178082191781,1.6411161826117265e-07,-0.0317808219178081,4.3216059475442123e-07,-0.0316438356164383,3.993382711021867e-07,-0.0315068493150684,1.0940774550744841e-07,-0.0313698630136987,2.7351936376862106e-08,2,2,2,2,2
19,34,13:11:00,9,-0.0319178082191781,501788.0,-0.0319863013698631,-0.032054794520548,4.3763098202979367e-08,-0.0321917808219177,8.588508022334701e-07,-0.0323287671232876,2.297562655656417e-07,-0.0324657534246576,2.5163781466713136e-07,-0.0326027397260273,1.0721959059729943e-06,-0.0319178082191781,2.1881549101489683e-08,-0.0317808219178081,2.5710820194250377e-07,-0.0316438356164383,4.540421438559109e-07,-0.0315068493150684,1.0940774550744841e-07,-0.0313698630136987,2.7351936376862106e-08,2,2,2,2,2
20,34,13:11:03,9,-0.0317808219178081,1660771.0,-0.0317123287671232,-0.0317808219178081,8.205580913058631e-08,-0.032054794520548,8.205580913058631e-08,-0.0321917808219177,1.0612551314222496e-06,-0.0323287671232876,2.297562655656417e-07,-0.0324657534246576,2.5163781466713136e-07,-0.0316438356164383,1.859931673626623e-07,-0.0315068493150684,1.0940774550744841e-07,-0.0313698630136987,1.0940774550744842e-08,-0.0312328767123287,1.3675968188431052e-07,-0.0310958904109588,1.8654020609019957e-06,1,1,2,2,2
21,34,13:11:06,9,-0.0317808219178081,586645.0,-0.0317123287671232,-0.0317808219178081,1.1706628769296982e-06,-0.0319178082191781,1.0940774550744842e-08,-0.032054794520548,1.1487813278282086e-07,-0.0321917808219177,8.205580913058631e-08,-0.0323287671232876,2.2428587829026925e-07,-0.0316438356164383,8.205580913058631e-08,-0.0315068493150684,3.829271092760695e-07,-0.0313698630136987,1.0940774550744842e-08,-0.0312328767123287,1.6411161826117265e-07,-0.0310958904109588,1.8654020609019957e-06,1,2,2,2,2
22,34,13:11:09,9,-0.0316438356164383,155512.0,-0.0315753424657535,-0.0316438356164383,1.2198963624080498e-06,-0.0317808219178081,4.9233485478351786e-08,-0.0319178082191781,7.65854218552139e-08,-0.032054794520548,4.431013693051661e-07,-0.0321917808219177,9.299658368133117e-08,-0.0315068493150684,3.829271092760695e-07,-0.0313698630136987,1.0940774550744842e-08,-0.0312328767123287,1.6411161826117265e-07,-0.0310958904109588,1.8654020609019957e-06,-0.0309589041095891,1.1487813278282086e-07,1,2,2,2,2
23,34,13:11:12,9,-0.0310958904109588,3324040.0,-0.0310273972602739,-0.0310958904109588,1.859931673626623e-07,-0.0316438356164383,1.0776662932483669e-06,-0.0317808219178081,2.7789567358891896e-06,-0.0319178082191781,1.9146355463803476e-07,-0.032054794520548,5.415683402618696e-07,-0.0309589041095891,1.1487813278282086e-07,-0.0308219178082191,2.07874716464152e-07,-0.0306849315068492,4.3763098202979367e-08,-0.0305479452054795,3.282232365223452e-08,-0.0304109589041096,1.0940774550744842e-08,1,1,2,2,2
24,34,13:11:15,9,-0.0315068493150684,275836.0,-0.0310273972602739,-0.0310958904109588,3.282232365223452e-08,-0.0315068493150684,7.822653803782562e-07,-0.0316438356164383,1.9693394191340717e-07,-0.0317808219178081,3.758156058180853e-06,-0.0319178082191781,2.4616742739175896e-07,-0.0309589041095891,1.0940774550744841e-07,-0.0308219178082191,2.406970401163865e-07,-0.0306849315068492,4.3763098202979367e-08,-0.0305479452054795,3.282232365223452e-08,-0.0304109589041096,1.0940774550744842e-08,1,1,2,2,2
25,34,13:11:18,9,-0.0315068493150684,120208.0,-0.0314383561643836,-0.0315068493150684,7.220911203491596e-07,-0.0316438356164383,2.2428587829026925e-07,-0.0317808219178081,3.758156058180853e-06,-0.0319178082191781,2.406970401163865e-07,-0.032054794520548,5.853314384648491e-07,-0.0313698630136987,1.03937358232076e-07,-0.0309589041095891,1.3128929460893809e-07,-0.0308219178082191,2.406970401163865e-07,-0.0306849315068492,4.3763098202979367e-08,-0.0305479452054795,3.282232365223452e-08,1,2,2,2,2
26,34,13:11:21,9,-0.0313698630136987,28283.0,-0.0314383561643836,-0.0315068493150684,7.330318948999044e-07,-0.0316438356164383,2.5163781466713136e-07,-0.0317808219178081,3.758156058180853e-06,-0.0319178082191781,2.406970401163865e-07,-0.032054794520548,7.54913444001394e-07,-0.0313698630136987,8.752619640595873e-08,-0.0312328767123287,4.3763098202979367e-08,-0.0310958904109588,8.205580913058631e-08,-0.0309589041095891,2.0240432918877963e-07,-0.0308219178082191,2.07874716464152e-07,1,2,2,2,2
27,34,13:11:24,9,-0.0315068493150684,1018118.0,-0.0314383561643836,-0.0315068493150684,8.697915767842149e-07,-0.0316438356164383,2.5710820194250377e-07,-0.0317808219178081,3.758156058180853e-06,-0.0319178082191781,7.603838312767665e-07,-0.032054794520548,7.54913444001394e-07,-0.0313698630136987,1.641116182611726e-08,-0.0312328767123287,3.282232365223452e-08,-0.0310958904109588,2.4616742739175896e-07,-0.0309589041095891,1.805227800872899e-07,-0.0308219178082191,2.07874716464152e-07,1,2,2,2,2
28,34,13:11:27,9,-0.0313698630136987,381785.0,-0.0314383561643836,-0.0315068493150684,6.017426002909662e-07,-0.0316438356164383,3.4463439834846253e-07,-0.0317808219178081,3.758156058180853e-06,-0.0319178082191781,7.603838312767665e-07,-0.032054794520548,8.096173167551183e-07,-0.0313698630136987,6.017426002909662e-08,-0.0312328767123287,3.063416874208556e-07,-0.0310958904109588,2.4616742739175896e-07,-0.0309589041095891,1.805227800872899e-07,-0.0308219178082191,2.07874716464152e-07,1,2,2,2,2
29,34,13:11:30,9,-0.0313698630136987,523217.0,-0.0313013698630136,-0.0313698630136987,1.4605934025244365e-06,-0.0315068493150684,9.463769986394288e-07,-0.0316438356164383,4.0480865837755926e-07,-0.0317808219178081,3.758156058180853e-06,-0.0319178082191781,8.150877040304907e-07,-0.0312328767123287,2.899305255947383e-07,-0.0310958904109588,2.5163781466713136e-07,-0.0309589041095891,2.297562655656417e-07,-0.0308219178082191,2.07874716464152e-07,-0.0306849315068492,4.3763098202979367e-08,2,2,2,2,2
30,34,13:11:33,9,-0.0313698630136987,162645.0,-0.0313013698630136,-0.0313698630136987,1.6028234716841191e-06,-0.0315068493150684,1.105018229625229e-06,-0.0316438356164383,3.993382711021867e-07,-0.0317808219178081,3.758156058180853e-06,-0.0319178082191781,7.93206154929001e-07,-0.0312328767123287,2.406970401163865e-07,-0.0310958904109588,3.5010478562383493e-07,-0.0309589041095891,2.297562655656417e-07,-0.0308219178082191,2.352266528410141e-07,-0.0306849315068492,4.3763098202979367e-08,1,2,2,2,2
31,34,13:11:36,9,-0.0310958904109588,1067954.0,-0.0310273972602739,-0.0310958904109588,1.0448439695961323e-06,-0.0313698630136987,3.068887261483928e-06,-0.0315068493150684,1.1159590041759738e-06,-0.0316438356164383,6.947391839722974e-07,-0.0317808219178081,3.758156058180853e-06,-0.0309589041095891,2.2428587829026925e-07,-0.0308219178082191,2.406970401163865e-07,-0.0306849315068492,4.3763098202979367e-08,-0.0305479452054795,5.470387275372421e-09,-0.0304109589041096,1.0940774550744842e-08,1,2,2,2,2
32,34,13:11:39,9,-0.0309589041095891,127329.0,-0.0310273972602739,-0.0310958904109588,1.531708437104278e-07,-0.0312328767123287,3.282232365223452e-08,-0.0313698630136987,3.041535325107066e-06,-0.0315068493150684,1.3183633333647534e-06,-0.0316438356164383,7.494430567260217e-07,-0.0309589041095891,1.4223006915968298e-07,-0.0308219178082191,2.406970401163865e-07,-0.0306849315068492,7.111503457984149e-08,-0.0305479452054795,5.470387275372421e-09,-0.0304109589041096,1.0940774550744842e-08,2,2,2,2,2
33,34,13:11:42,9,-0.0312328767123287,1011495.0,-0.0311643835616438,-0.0312328767123287,9.846697095670357e-08,-0.0313698630136987,3.0305945505563213e-06,-0.0315068493150684,1.9529282573079544e-06,-0.0316438356164383,7.93206154929001e-07,-0.0317808219178081,3.834741480036067e-06,-0.0310958904109588,2.1881549101489683e-08,-0.0308219178082191,5.470387275372421e-09,-0.0306849315068492,7.111503457984149e-08,-0.0305479452054795,5.470387275372421e-09,-0.0304109589041096,1.2034852005819325e-07,2,2,2,2,2
34,34,13:11:45,9,-0.0308219178082191,566003.0,-0.0307534246575342,-0.0308219178082191,1.3730672061184775e-06,-0.0309589041095891,5.470387275372421e-09,-0.0310958904109588,2.1881549101489683e-08,-0.0312328767123287,4.649829184066558e-07,-0.0313698630136987,3.068887261483928e-06,-0.0306849315068492,1.0940774550744842e-08,-0.0305479452054795,5.470387275372421e-09,-0.0304109589041096,1.2034852005819325e-07,-0.0302739726027396,9.463769986394288e-07,-0.0301369863013698,1.706760829916195e-06,1,2,2,2,2
35,34,13:11:48,9,-0.0308219178082191,2186279.0,-0.0308904109589041,-0.0309589041095891,1.3675968188431052e-07,-0.0310958904109588,3.282232365223452e-08,-0.0312328767123287,4.759236929574006e-07,-0.0313698630136987,3.068887261483928e-06,-0.0315068493150684,1.9529282573079544e-06,-0.0308219178082191,7.166207330737871e-07,-0.0306849315068492,2.1881549101489683e-08,-0.0305479452054795,5.470387275372421e-09,-0.0304109589041096,1.2034852005819325e-07,-0.0302739726027396,9.190250622625668e-07,2,2,2,2,2
36,34,13:11:51,9,-0.0306849315068492,1252342.0,-0.0305479452054793,-0.0306849315068492,8.643211895088425e-07,-0.0308219178082191,1.0940774550744842e-08,-0.0309589041095891,1.6958200553654506e-07,-0.0310958904109588,3.282232365223452e-08,-0.0312328767123287,5.853314384648491e-07,-0.0304109589041096,6.564464730446904e-08,-0.0302739726027396,9.190250622625668e-07,-0.0301369863013698,1.706760829916195e-06,-0.0299999999999999,5.470387275372421e-09,-0.0298630136986302,1.0940774550744841e-07,1,2,2,2,2
37,34,13:11:54,9,-0.0306849315068492,2816073.0,-0.0304794520547944,-0.0306849315068492,1.641116182611726e-08,-0.0308219178082191,2.220977233801203e-06,-0.0309589041095891,1.641116182611726e-08,-0.0310958904109588,5.470387275372421e-09,-0.0312328767123287,7.002095712476699e-07,-0.0302739726027396,9.026139004364496e-07,-0.0301369863013698,1.706760829916195e-06,-0.0299999999999999,5.470387275372421e-09,-0.0298630136986302,1.0940774550744841e-07,-0.0297260273972602,5.525091148126145e-07,2,2,2,2,2
38,34,13:11:57,9,-0.0304109589041096,1082927.0,-0.0304794520547944,-0.0305479452054795,5.470387275372421e-08,-0.0306849315068492,3.391640110730901e-07,-0.0308219178082191,2.1553325864967338e-06,-0.0309589041095891,2.7351936376862106e-08,-0.0310958904109588,1.641116182611726e-08,-0.0304109589041096,4.9233485478351786e-08,-0.0302739726027396,3.4463439834846253e-07,-0.0301369863013698,1.706760829916195e-06,-0.0299999999999999,5.470387275372421e-09,-0.0298630136986302,1.0940774550744841e-07,2,2,2,2,2
39,34,13:12:00,9,-0.0302739726027396,941310.0,-0.0303424657534246,-0.0304109589041096,2.1881549101489683e-08,-0.0305479452054795,8.150877040304907e-07,-0.0306849315068492,7.65854218552139e-08,-0.0308219178082191,2.1553325864967338e-06,-0.0309589041095891,3.8292710927606954e-08,-0.0302739726027396,3.993382711021867e-07,-0.0301369863013698,1.6520569571624711e-06,-0.0299999999999999,5.470387275372421e-09,-0.0298630136986302,1.0940774550744841e-07,-0.0297260273972602,5.525091148126145e-07,2,2,2,2,2
40,34,13:12:03,9,-0.0305479452054795,2810531.0,-0.0303424657534246,-0.0305479452054795,7.385022821752768e-07,-0.0306849315068492,2.954009128701107e-07,-0.0308219178082191,2.2702107192795547e-06,-0.0309589041095891,6.564464730446904e-08,-0.0310958904109588,2.1881549101489683e-08,-0.0301369863013698,2.2428587829026925e-07,-0.0299999999999999,5.470387275372421e-09,-0.0298630136986302,1.0940774550744841e-07,-0.0297260273972602,5.525091148126145e-07,-0.0295890410958903,5.470387275372421e-09,2,2,2,2,2
41,34,13:12:06,9,-0.0302739726027396,1069333.0,-0.0301369863013697,-0.0302739726027396,1.641116182611726e-08,-0.0304109589041096,1.03937358232076e-07,-0.0305479452054795,7.439726694506492e-07,-0.0306849315068492,3.829271092760695e-07,-0.0308219178082191,2.2811514938303e-06,-0.0299999999999999,2.7351936376862106e-08,-0.0297260273972602,1.4223006915968298e-07,-0.0295890410958903,5.470387275372421e-09,-0.0294520547945206,3.336936237977177e-07,-0.0293150684931506,2.908604914315516e-07,2,2,2,2,2
42,34,13:12:09,9,-0.0299999999999999,488749.0,-0.0297260273972602,-0.0299999999999999,5.470387275372421e-08,-0.0301369863013698,6.345649239432008e-07,-0.0302739726027396,1.9146355463803476e-07,-0.0304109589041096,9.299658368133117e-08,-0.0305479452054795,1.3675968188431052e-07,-0.0294520547945206,2.680489764932487e-07,-0.0293150684931506,2.908604914315516e-07,-0.0291780821917807,4.3763098202979367e-08,-0.029041095890411,3.604985214470425e-06,-0.0289041095890411,1.2581890733356568e-07,1,2,2,2,2
43,34,13:12:12,9,-0.0294520547945206,1083515.0,-0.0297945205479454,-0.0301369863013698,6.290945366678284e-07,-0.0302739726027396,3.11812074696228e-07,-0.0304109589041096,1.03937358232076e-07,-0.0305479452054795,3.719863347253246e-07,-0.0306849315068492,1.6958200553654506e-07,-0.0294520547945206,5.470387275372421e-09,-0.0293150684931506,2.908604914315516e-07,-0.0291780821917807,4.3763098202979367e-08,-0.029041095890411,3.604985214470425e-06,-0.0289041095890411,1.2581890733356568e-07,2,2,2,2,2
44,34,13:12:15,9,-0.0294520547945206,1929452.0,-0.0293835616438357,-0.0294520547945206,1.8380501245251333e-06,-0.0301369863013698,2.2428587829026925e-07,-0.0305479452054795,3.090768810585418e-07,-0.0306849315068492,1.6958200553654506e-07,-0.0308219178082191,3.282232365223452e-08,-0.0293150684931506,2.416270059531998e-07,-0.0291780821917807,9.846697095670357e-08,-0.029041095890411,3.604985214470425e-06,-0.0289041095890411,1.2581890733356568e-07,-0.0287671232876711,6.728576348708078e-07,1,1,1,2,2
45,34,13:12:18,9,-0.0294520547945206,425103.0,-0.0293835616438357,-0.0294520547945206,1.5481195989303952e-06,-0.0301369863013698,3.3041139143249423e-06,-0.0305479452054795,3.090768810585418e-07,-0.0306849315068492,1.6958200553654506e-07,-0.0308219178082191,3.282232365223452e-08,-0.0293150684931506,2.470973932285723e-07,-0.0291780821917807,3.993382711021867e-07,-0.029041095890411,3.604985214470425e-06,-0.0289041095890411,1.2581890733356568e-07,-0.0287671232876711,6.728576348708078e-07,1,1,1,2,2
46,34,13:12:21,9,-0.0294520547945206,155873.0,-0.0293835616438357,-0.0294520547945206,1.4223006915968294e-06,-0.0299999999999999,3.8292710927606954e-08,-0.0301369863013698,3.315054688875687e-06,-0.0304109589041096,5.470387275372421e-07,-0.0305479452054795,3.200176556092866e-07,-0.0293150684931506,2.30686231402455e-07,-0.0291780821917807,5.415683402618696e-07,-0.029041095890411,3.604985214470425e-06,-0.0289041095890411,1.2581890733356568e-07,-0.0287671232876711,6.728576348708078e-07,1,1,1,2,2
47,34,13:12:24,9,-0.0293150684931506,525542.0,-0.0292465753424656,-0.0293150684931506,1.7605347368331062e-06,-0.0294520547945206,1.4605934025244365e-06,-0.0297260273972602,8.205580913058631e-08,-0.0299999999999999,7.65854218552139e-08,-0.0301369863013698,3.380699336180156e-06,-0.0291780821917807,5.415683402618696e-07,-0.029041095890411,3.604985214470425e-06,-0.0289041095890411,1.2581890733356568e-07,-0.0287671232876711,6.728576348708078e-07,-0.0286301369863014,1.6958200553654506e-07,1,1,1,2,2
48,34,13:12:27,9,-0.0291780821917807,127554.0,-0.0292465753424656,-0.0293150684931506,2.6084447645158317e-06,-0.0294520547945206,1.586412309858002e-06,-0.0297260273972602,8.205580913058631e-08,-0.0299999999999999,1.03937358232076e-07,-0.0301369863013698,3.429932821658508e-06,-0.0291780821917807,5.087460166096352e-07,-0.029041095890411,3.7636264454562255e-06,-0.0289041095890411,1.2581890733356568e-07,-0.0287671232876711,6.728576348708078e-07,-0.0286301369863014,1.6958200553654506e-07,1,1,1,2,2
49,34,13:12:30,9,-0.029041095890411,4301320.0,-0.0292465753424656,-0.0293150684931506,1.7959281425047656e-07,-0.0294520547945206,1.624705020785609e-06,-0.0297260273972602,8.205580913058631e-08,-0.0299999999999999,3.993382711021867e-07,-0.0301369863013698,3.4627551453107424e-06,-0.0291780821917807,5.470387275372421e-08,-0.029041095890411,3.741744896354736e-06,-0.0289041095890411,1.2581890733356568e-07,-0.0287671232876711,6.728576348708078e-07,-0.0286301369863014,1.6958200553654506e-07,1,1,1,2,2
50,34,13:12:33,9,-0.029041095890411,212605.0,-0.0291095890410958,-0.0291780821917807,3.282232365223452e-08,-0.0293150684931506,2.616486233810629e-07,-0.0294520547945206,1.7559943153945471e-06,-0.0297260273972602,8.205580913058631e-08,-0.0299999999999999,3.993382711021867e-07,-0.029041095890411,3.7526856709054807e-06,-0.0289041095890411,1.2581890733356568e-07,-0.0287671232876711,6.728576348708078e-07,-0.0286301369863014,1.6958200553654506e-07,-0.0284931506849315,2.7351936376862106e-08,1,1,1,2,2
51,34,13:12:36,9,-0.029041095890411,2402701.0,-0.0291095890410958,-0.0291780821917807,1.1487813278282083e-06,-0.0293150684931506,2.1881549101489683e-08,-0.0294520547945206,1.7605347368331062e-06,-0.0297260273972602,8.205580913058631e-08,-0.0299999999999999,3.938678838268143e-07,-0.029041095890411,2.379618464787003e-06,-0.0289041095890411,1.2581890733356568e-07,-0.0287671232876711,6.728576348708078e-07,-0.0286301369863014,1.6958200553654506e-07,-0.0284931506849315,2.7351936376862106e-08,1,1,1,2,2
52,34,13:12:39,9,-0.029041095890411,269322.0,-0.0291095890410958,-0.0291780821917807,1.947457870032582e-06,-0.0293150684931506,1.6958200553654506e-07,-0.0294520547945206,1.4815449857891128e-06,-0.0297260273972602,8.205580913058631e-08,-0.0298630136986302,1.0940774550744842e-08,-0.029041095890411,2.303033042931789e-06,-0.0289041095890411,1.2581890733356568e-07,-0.0287671232876711,7.002095712476699e-07,-0.0286301369863014,1.6958200553654506e-07,-0.0284931506849315,2.7351936376862106e-08,1,2,2,2,2
53,34,13:12:42,9,-0.0291780821917807,1396199.0,-0.0291095890410958,-0.0291780821917807,1.5700011480318848e-06,-0.0293150684931506,2.7351936376862104e-07,-0.0294520547945206,1.4815449857891128e-06,-0.0297260273972602,8.205580913058631e-08,-0.0298630136986302,1.0940774550744842e-08,-0.029041095890411,2.0185729046124235e-06,-0.0289041095890411,4.212198202036764e-07,-0.0287671232876711,7.002095712476699e-07,-0.0286301369863014,1.6958200553654506e-07,-0.0284931506849315,2.7351936376862106e-08,1,2,2,2,2
54,34,13:12:45,9,-0.029041095890411,1382126.0,-0.0291095890410958,-0.0291780821917807,1.4332414661475745e-06,-0.0293150684931506,3.11812074696228e-07,-0.0294520547945206,1.4815449857891128e-06,-0.0297260273972602,8.205580913058631e-08,-0.0298630136986302,1.0940774550744842e-08,-0.029041095890411,1.1487813278282083e-06,-0.0289041095890411,4.212198202036764e-07,-0.0287671232876711,7.002095712476699e-07,-0.0286301369863014,1.6958200553654506e-07,-0.0284931506849315,2.7351936376862106e-08,1,1,2,2,2
55,34,13:12:48,9,-0.029041095890411,751327.0,-0.0291095890410958,-0.0291780821917807,2.521848533946686e-06,-0.0293150684931506,3.172824619716004e-07,-0.0294520547945206,1.4815449857891128e-06,-0.0297260273972602,8.205580913058631e-08,-0.0298630136986302,1.0940774550744842e-08,-0.029041095890411,2.1662733610474785e-06,-0.0289041095890411,4.212198202036764e-07,-0.0287671232876711,7.002095712476699e-07,-0.0286301369863014,1.6958200553654506e-07,-0.0284931506849315,2.7351936376862106e-08,1,2,2,2,2
56,34,13:12:51,9,-0.029041095890411,885928.0,-0.0291095890410958,-0.0291780821917807,2.182684522873596e-06,-0.0293150684931506,3.172824619716004e-07,-0.0294520547945206,1.4815449857891128e-06,-0.0297260273972602,8.205580913058631e-08,-0.0298630136986302,1.0940774550744842e-08,-0.029041095890411,1.9036947718296024e-06,-0.0289041095890411,7.056799585230423e-07,-0.0287671232876711,7.002095712476699e-07,-0.0286301369863014,1.6958200553654506e-07,-0.0284931506849315,2.7351936376862106e-08,1,2,2,2,2
57,34,13:12:54,9,-0.0291780821917807,1318344.0,-0.0291095890410958,-0.0291780821917807,1.8818132227281127e-06,-0.0293150684931506,3.2275284924697285e-07,-0.0294520547945206,1.4487226621368782e-06,-0.0297260273972602,8.205580913058631e-08,-0.0298630136986302,1.0940774550744842e-08,-0.029041095890411,6.509760857693181e-07,-0.0289041095890411,7.056799585230423e-07,-0.0287671232876711,7.002095712476699e-07,-0.0286301369863014,1.6958200553654506e-07,-0.0284931506849315,2.7351936376862106e-08,2,1,2,2,2
58,34,13:12:57,9,-0.0289041095890411,3933538.0,-0.0289726027397261,-0.029041095890411,1.641116182611726e-08,-0.0291780821917807,8.752619640595873e-08,-0.0293150684931506,3.2275284924697285e-07,-0.0294520547945206,1.3393149166294297e-06,-0.0297260273972602,8.205580913058631e-08,-0.0289041095890411,4.759236929574006e-07,-0.0287671232876711,7.002095712476699e-07,-0.0286301369863014,1.6958200553654506e-07,-0.0284931506849315,2.7351936376862106e-08,-0.0283561643835615,8.752619640595873e-08,1,1,2,2,2
59,34,13:13:00,9,-0.0287671232876711,1658955.0,-0.0288356164383561,-0.029041095890411,5.798610511894766e-07,-0.0291780821917807,1.2034852005819325e-07,-0.0293150684931506,3.2275284924697285e-07,-0.0294520547945206,1.1916144601943745e-06,-0.0297260273972602,8.205580913058631e-08,-0.0286301369863014,1.6958200553654506e-07,-0.0284931506849315,2.7351936376862106e-08,-0.0283561643835615,8.752619640595873e-08,-0.0282191780821917,3.063416874208556e-07,-0.0280821917808218,4.540421438559109e-07,1,2,2,2,2
60,34,13:13:03,9,-0.029041095890411,1431810.0,-0.0288356164383561,-0.029041095890411,2.899305255947383e-07,-0.0291780821917807,1.6958200553654506e-07,-0.0293150684931506,3.2275284924697285e-07,-0.0294520547945206,1.186144072919002e-06,-0.0297260273972602,8.205580913058631e-08,-0.0286301369863014,1.3128929460893809e-07,-0.0284931506849315,2.7351936376862106e-08,-0.0283561643835615,8.752619640595873e-08,-0.0282191780821917,3.063416874208556e-07,-0.0280821917808218,4.540421438559109e-07,1,2,2,2,2
61,34,13:13:06,9,-0.029041095890411,170137.0,-0.0287671232876711,-0.0289041095890411,3.282232365223452e-08,-0.029041095890411,5.032756293342627e-07,-0.0291780821917807,1.6958200553654506e-07,-0.0293150684931506,3.2275284924697285e-07,-0.0294520547945206,1.1369105874406503e-06,-0.0286301369863014,1.3128929460893809e-07,-0.0284931506849315,2.7351936376862106e-08,-0.0283561643835615,8.752619640595873e-08,-0.0282191780821917,3.063416874208556e-07,-0.0280821917808218,4.540421438559109e-07,1,1,2,2,2
62,34,13:13:09,9,-0.0286301369863014,531682.0,-0.0285616438356165,-0.0286301369863014,1.0940774550744841e-07,-0.0287671232876711,1.641116182611726e-08,-0.0289041095890411,1.6411161826117265e-07,-0.029041095890411,6.783280221461801e-07,-0.0291780821917807,1.805227800872899e-07,-0.0284931506849315,3.008713001454831e-07,-0.0283561643835615,3.719863347253246e-07,-0.0282191780821917,3.063416874208556e-07,-0.0280821917808218,4.540421438559109e-07,-0.0279452054794521,1.805227800872899e-07,1,2,1,2,2
63,34,13:13:12,9,-0.0284931506849315,113461.0,-0.0285616438356165,-0.0286301369863014,5.470387275372421e-08,-0.0287671232876711,2.1881549101489683e-08,-0.0289041095890411,2.2428587829026925e-07,-0.029041095890411,7.93206154929001e-07,-0.0291780821917807,1.531708437104278e-07,-0.0284931506849315,2.954009128701107e-07,-0.0283561643835615,3.993382711021867e-07,-0.0282191780821917,3.063416874208556e-07,-0.0280821917808218,4.595125311312834e-07,-0.0279452054794521,1.805227800872899e-07,1,2,2,2,2
64,34,13:13:15,9,-0.0286301369863014,113456.0,-0.0286986301369862,-0.0287671232876711,1.3675968188431052e-07,-0.0289041095890411,2.406970401163865e-07,-0.029041095890411,1.1378405532774636e-06,-0.0291780821917807,1.586412309858002e-07,-0.0293150684931506,3.063416874208556e-07,-0.0286301369863014,4.3763098202979367e-08,-0.0284931506849315,2.954009128701107e-07,-0.0283561643835615,3.993382711021867e-07,-0.0282191780821917,3.063416874208556e-07,-0.0280821917808218,5.142164038850075e-07,1,2,2,2,2
65,34,13:13:18,9,-0.0284931506849315,794201.0,-0.0284246575342463,-0.0284931506849315,2.7351936376862106e-08,-0.0289041095890411,2.899305255947383e-07,-0.029041095890411,1.1597221023789532e-06,-0.0291780821917807,1.6411161826117265e-07,-0.0293150684931506,2.954009128701107e-07,-0.0283561643835615,3.993382711021867e-07,-0.0282191780821917,3.063416874208556e-07,-0.0280821917808218,5.525091148126145e-07,-0.0279452054794521,2.07874716464152e-07,-0.0278082191780821,2.5710820194250377e-07,1,1,2,2,2
66,34,13:13:21,9,-0.0283561643835615,624141.0,-0.0284246575342463,-0.0284931506849315,2.1881549101489683e-08,-0.0286301369863014,9.299658368133117e-08,-0.0289041095890411,3.391640110730901e-07,-0.029041095890411,1.19801481330656e-06,-0.0291780821917807,1.6411161826117265e-07,-0.0283561643835615,1.2581890733356568e-07,-0.0282191780821917,4.704533056820282e-07,-0.0280821917808218,5.525091148126145e-07,-0.0279452054794521,2.07874716464152e-07,-0.0278082191780821,2.6257858921787617e-07,1,1,2,2,2
67,34,13:13:24,9,-0.0286301369863014,872352.0,-0.0286986301369862,-0.0287671232876711,9.299658368133117e-08,-0.0289041095890411,4.540421438559109e-07,-0.029041095890411,1.2034852005819325e-06,-0.0291780821917807,9.299658368133117e-08,-0.0293150684931506,3.172824619716004e-07,-0.0286301369863014,6.017426002909662e-08,-0.0283561643835615,2.1881549101489683e-08,-0.0282191780821917,3.938678838268143e-07,-0.0280821917808218,5.525091148126145e-07,-0.0279452054794521,2.07874716464152e-07,2,2,2,2,2
68,34,13:13:27,9,-0.0287671232876711,382913.0,-0.0286986301369862,-0.0287671232876711,2.899305255947383e-07,-0.0289041095890411,4.485717565805385e-07,-0.029041095890411,1.1925444260311878e-06,-0.0291780821917807,8.205580913058631e-08,-0.0293150684931506,3.172824619716004e-07,-0.0286301369863014,5.470387275372421e-09,-0.0283561643835615,2.7351936376862106e-08,-0.0282191780821917,3.938678838268143e-07,-0.0280821917808218,5.525091148126145e-07,-0.0279452054794521,2.07874716464152e-07,2,2,2,2,2
69,34,13:13:30,9,-0.0286301369863014,205677.0,-0.0282876712328766,-0.0283561643835615,2.7351936376862104e-06,-0.0286301369863014,5.470387275372421e-08,-0.0287671232876711,6.072129875663387e-07,-0.0289041095890411,4.540421438559109e-07,-0.029041095890411,1.2636594606110292e-06,-0.0282191780821917,3.938678838268143e-07,-0.0280821917808218,5.525091148126145e-07,-0.0279452054794521,2.07874716464152e-07,-0.0278082191780821,2.6257858921787617e-07,-0.0276712328767122,6.564464730446905e-07,1,2,2,2,2
70,34,13:13:33,9,-0.0283561643835615,1205899.0,-0.0282191780821917,-0.0283561643835615,2.5273189212220584e-06,-0.0286301369863014,1.0940774550744841e-07,-0.0287671232876711,6.345649239432008e-07,-0.0289041095890411,4.2669020747904883e-07,-0.029041095890411,1.2691298478864016e-06,-0.0280821917808218,7.822653803782562e-07,-0.0279452054794521,2.07874716464152e-07,-0.0278082191780821,2.6257858921787617e-07,-0.0276712328767122,6.564464730446905e-07,-0.0275342465753425,2.691430539483231e-06,1,1,2,2,2
71,34,13:13:36,9,-0.0283561643835615,4206163.0,-0.0284246575342463,-0.0284931506849315,1.0940774550744842e-08,-0.0286301369863014,4.540421438559109e-07,-0.0287671232876711,6.345649239432008e-07,-0.0289041095890411,4.3216059475442123e-07,-0.029041095890411,1.2910113969878914e-06,-0.0283561643835615,1.0448439695961323e-06,-0.0280821917808218,8.205580913058631e-07,-0.0279452054794521,2.07874716464152e-07,-0.0278082191780821,2.6257858921787617e-07,-0.0276712328767122,6.564464730446905e-07,1,2,2,2,2
72,34,13:13:39,9,-0.0286301369863014,3199203.0,-0.028013698630137,-0.0280821917808218,1.641116182611726e-08,-0.0283561643835615,1.641116182611726e-08,-0.0286301369863014,3.5010478562383493e-07,-0.0287671232876711,6.23624149392456e-07,-0.0289041095890411,4.3216059475442123e-07,-0.0279452054794521,2.07874716464152e-07,-0.0278082191780821,2.6257858921787617e-07,-0.0276712328767122,7.002095712476699e-07,-0.0275342465753425,2.691430539483231e-06,-0.0273972602739726,9.742978552929296e-06,1,1,2,2,2
73,34,13:13:42,9,-0.0280821917808218,1291054.0,-0.028013698630137,-0.0280821917808218,5.1968679116038e-07,-0.0282191780821917,2.1881549101489682e-07,-0.0286301369863014,3.282232365223452e-08,-0.0287671232876711,6.673872475954353e-07,-0.0289041095890411,4.2669020747904883e-07,-0.0279452054794521,1.750523928119175e-07,-0.0278082191780821,5.360979529864973e-07,-0.0276712328767122,7.54913444001394e-07,-0.0275342465753425,2.691430539483231e-06,-0.0273972602739726,9.699215454726315e-06,1,1,2,2,2
74,34,13:13:45,9,-0.0280821917808218,3802920.0,-0.028013698630137,-0.0280821917808218,1.728642379017685e-06,-0.0282191780821917,2.406970401163865e-07,-0.0283561643835615,5.470387275372421e-09,-0.0284931506849315,5.470387275372421e-09,-0.0286301369863014,1.4770045643505538e-07,-0.0279452054794521,1.750523928119175e-07,-0.0278082191780821,5.634498893633593e-07,-0.0276712328767122,7.54913444001394e-07,-0.0275342465753425,2.691430539483231e-06,-0.0273972602739726,9.671863518349454e-06,1,2,2,2,2
75,34,13:13:48,9,-0.0279452054794521,3476572.0,-0.028013698630137,-0.0280821917808218,3.167354232440632e-06,-0.0282191780821917,2.406970401163865e-07,-0.0283561643835615,1.9693394191340717e-07,-0.0284931506849315,1.1487813278282086e-07,-0.0286301369863014,1.586412309858002e-07,-0.0279452054794521,4.485717565805385e-07,-0.0278082191780821,5.634498893633593e-07,-0.0276712328767122,7.877357676536286e-07,-0.0275342465753425,2.691430539483231e-06,-0.0273972602739726,9.633570807421848e-06,1,2,2,2,2
76,34,13:13:51,9,-0.0279452054794521,404456.0,-0.028013698630137,-0.0280821917808218,3.32052507615106e-06,-0.0282191780821917,2.406970401163865e-07,-0.0283561643835615,2.1881549101489682e-07,-0.0284931506849315,1.1487813278282086e-07,-0.0286301369863014,4.0480865837755926e-07,-0.0279452054794521,2.2428587829026925e-07,-0.0278082191780821,5.634498893633593e-07,-0.0276712328767122,7.877357676536286e-07,-0.0275342465753425,2.691430539483231e-06,-0.0273972602739726,9.633570807421848e-06,1,2,2,2,2
77,34,13:13:54,9,-0.0279452054794521,4640690.0,-0.027876712328767,-0.0279452054794521,1.690349668090078e-06,-0.0280821917808218,2.587493181251155e-06,-0.0282191780821917,2.406970401163865e-07,-0.0283561643835615,2.1881549101489682e-07,-0.0284931506849315,1.2034852005819325e-07,-0.0278082191780821,3.282232365223452e-08,-0.0276712328767122,6.455056984939457e-07,-0.0275342465753425,2.691430539483231e-06,-0.0273972602739726,9.611689258320358e-06,-0.0272602739726026,2.680489764932487e-07,1,2,2,2,2
78,34,13:13:57,9,-0.0279452054794521,262557.0,-0.027876712328767,-0.0279452054794521,1.6192346335102366e-06,-0.0280821917808218,3.0251241632809487e-06,-0.0282191780821917,2.4616742739175896e-07,-0.0283561643835615,2.1881549101489682e-07,-0.0284931506849315,1.2034852005819325e-07,-0.0278082191780821,5.470387275372421e-09,-0.0276712328767122,6.181537621170835e-07,-0.0275342465753425,2.691430539483231e-06,-0.0273972602739726,9.611689258320358e-06,-0.0272602739726026,2.680489764932487e-07,1,2,2,2,2
79,34,13:14:00,9,-0.0278082191780821,858686.0,-0.0277397260273973,-0.0278082191780821,2.7351936376862104e-07,-0.0279452054794521,2.303033042931789e-06,-0.0280821917808218,2.926657192324245e-06,-0.0282191780821917,8.205580913058631e-08,-0.0283561643835615,2.1881549101489682e-07,-0.0276712328767122,1.2855410097125188e-06,-0.0275342465753425,2.691430539483231e-06,-0.0273972602739726,9.392873767305462e-06,-0.0272602739726026,2.680489764932487e-07,-0.0271232876712329,6.017426002909662e-08,1,2,2,2,1
80,34,13:14:03,9,-0.0276712328767122,425830.0,-0.0277397260273973,-0.0278082191780821,7.713246058275113e-07,-0.0279452054794521,2.603904343077272e-06,-0.0280821917808218,3.0470057123824385e-06,-0.0282191780821917,9.299658368133117e-08,-0.0283561643835615,2.1881549101489682e-07,-0.0276712328767122,1.520767662553533e-06,-0.0275342465753425,2.7625455740630724e-06,-0.0273972602739726,9.507751900088282e-06,-0.0272602739726026,2.680489764932487e-07,-0.0271232876712329,6.017426002909662e-08,1,2,2,2,1
81,34,13:14:06,9,-0.0278082191780821,2533844.0,-0.0277397260273973,-0.0278082191780821,2.5710820194250377e-07,-0.0279452054794521,2.7078417013093484e-06,-0.0280821917808218,3.0579464869331832e-06,-0.0282191780821917,7.65854218552139e-08,-0.0283561643835615,2.297562655656417e-07,-0.0276712328767122,6.619168603200629e-07,-0.0275342465753425,2.7625455740630724e-06,-0.0273972602739726,9.529633449189773e-06,-0.0272602739726026,2.680489764932487e-07,-0.0271232876712329,6.017426002909662e-08,1,2,2,2,1
82,34,13:14:09,9,-0.0278082191780821,6346573.0,-0.0276027397260274,-0.0278082191780821,7.002095712476699e-07,-0.0279452054794521,2.811779059541424e-06,-0.0280821917808218,1.6575273444378435e-06,-0.0282191780821917,7.65854218552139e-08,-0.0283561643835615,2.352266528410141e-07,-0.0273972602739726,8.205799728549646e-06,-0.0272602739726026,2.680489764932487e-07,-0.0271232876712329,6.017426002909662e-08,-0.026986301369863,5.470387275372421e-07,-0.026849315068493,6.564464730446904e-08,1,2,2,2,1
83,34,13:14:12,9,-0.0276712328767122,1220921.0,-0.0275342465753423,-0.0276712328767122,1.4934157261766708e-06,-0.0278082191780821,1.690349668090078e-06,-0.0279452054794521,2.6969009267586037e-06,-0.0280821917808218,1.482474951625926e-06,-0.0282191780821917,7.65854218552139e-08,-0.0273972602739726,8.151095855795922e-06,-0.0272602739726026,4.2669020747904883e-07,-0.0271232876712329,6.017426002909662e-08,-0.026986301369863,5.470387275372421e-07,-0.026849315068493,6.564464730446904e-08,1,2,2,1,1
84,34,13:14:15,9,-0.0273972602739726,9293480.0,-0.0274657534246575,-0.0275342465753425,2.352266528410141e-06,-0.0276712328767122,1.0612551314222496e-06,-0.0278082191780821,1.870872448177368e-06,-0.0279452054794521,2.6695489903817413e-06,-0.0280821917808218,1.482474951625926e-06,-0.0273972602739726,2.374366893002645e-06,-0.0272602739726026,4.2669020747904883e-07,-0.0271232876712329,6.017426002909662e-08,-0.026986301369863,5.470387275372421e-07,-0.026849315068493,6.564464730446904e-08,2,2,2,2,1
85,34,13:14:18,9,-0.0273972602739726,3145579.0,-0.0273287671232876,-0.0273972602739726,6.257904227535034e-06,-0.0275342465753425,2.385088852062376e-06,-0.0276712328767122,1.028432807770015e-06,-0.0278082191780821,6.0885410374895045e-06,-0.0279452054794521,2.691430539483231e-06,-0.0272602739726026,4.540421438559109e-07,-0.0271232876712329,6.017426002909662e-08,-0.026986301369863,5.470387275372421e-07,-0.026849315068493,6.564464730446904e-08,-0.0267123287671233,1.750523928119175e-07,2,2,1,1,1
86,34,13:14:21,9,-0.0273972602739726,1370364.0,-0.0273287671232876,-0.0273972602739726,8.686756177800389e-06,-0.0275342465753425,2.379618464787003e-06,-0.0276712328767122,1.1761332642050703e-06,-0.0278082191780821,5.990074066532801e-06,-0.0279452054794521,2.625785892178762e-06,-0.0272602739726026,1.03937358232076e-07,-0.0271232876712329,6.017426002909662e-08,-0.026986301369863,5.470387275372421e-07,-0.026849315068493,6.564464730446904e-08,-0.0267123287671233,1.750523928119175e-07,2,2,1,2,2
87,34,13:14:24,9,-0.0273972602739726,511241.0,-0.0272602739726028,-0.0273972602739726,9.118916772554813e-06,-0.0275342465753425,2.379618464787003e-06,-0.0276712328767122,1.2034852005819325e-06,-0.0278082191780821,5.990074066532801e-06,-0.0279452054794521,2.620315504903389e-06,-0.0271232876712329,1.641116182611726e-08,-0.026986301369863,5.470387275372421e-07,-0.026849315068493,6.564464730446904e-08,-0.0267123287671233,1.750523928119175e-07,-0.0265753424657534,3.282232365223452e-08,2,2,2,1,2
88,34,13:14:27,9,-0.0273972602739726,6703319.0,-0.0270547945205478,-0.0271232876712329,1.805227800872899e-07,-0.0272602739726026,5.470387275372421e-09,-0.0273972602739726,6.881528376927491e-06,-0.0275342465753425,2.4233815629899822e-06,-0.0276712328767122,1.4770045643505535e-06,-0.026986301369863,5.798610511894766e-07,-0.026849315068493,6.564464730446904e-08,-0.0267123287671233,1.750523928119175e-07,-0.0265753424657534,3.282232365223452e-08,-0.0263013698630136,2.07874716464152e-07,2,2,1,1,1
89,34,13:14:30,9,-0.026849315068493,1122339.0,-0.0267808219178081,-0.026849315068493,4.3763098202979364e-07,-0.026986301369863,5.470387275372421e-08,-0.0271232876712329,2.4616742739175896e-07,-0.0272602739726026,7.111503457984149e-08,-0.0273972602739726,6.90340992602898e-06,-0.0267123287671233,1.03937358232076e-07,-0.0265753424657534,3.282232365223452e-08,-0.0263013698630136,2.07874716464152e-07,-0.0261643835616437,1.821638962699016e-06,-0.026027397260274,9.846697095670358e-07,1,1,1,1,1
90,34,13:14:33,9,-0.0265753424657534,838325.0,-0.0264383561643836,-0.0265753424657534,8.752619640595873e-08,-0.0267123287671233,4.3763098202979367e-08,-0.026849315068493,1.2034852005819325e-07,-0.026986301369863,2.95947951597648e-06,-0.0271232876712329,6.017426002909662e-08,-0.0263013698630136,2.07874716464152e-07,-0.0261643835616437,1.821638962699016e-06,-0.026027397260274,9.846697095670358e-07,-0.0257534246575341,2.406970401163865e-07,-0.0256164383561644,3.282232365223452e-08,1,1,1,1,1
91,34,13:14:36,9,-0.0263013698630136,1514080.0,-0.0262328767123286,-0.0263013698630136,6.564464730446904e-08,-0.0267123287671233,4.9233485478351786e-08,-0.026849315068493,4.102790456529316e-07,-0.026986301369863,4.7373553804725166e-06,-0.0271232876712329,1.0940774550744841e-07,-0.0261643835616437,1.3457152697416156e-06,-0.026027397260274,9.846697095670358e-07,-0.0257534246575341,2.406970401163865e-07,-0.0256164383561644,3.282232365223452e-08,-0.0254794520547945,1.4496526279736915e-06,1,1,1,1,1
92,34,13:14:39,9,-0.0264383561643836,135049.0,-0.0263698630136988,-0.0264383561643836,6.564464730446904e-08,-0.0265753424657534,4.704533056820282e-07,-0.0267123287671233,7.65854218552139e-08,-0.026849315068493,1.2855410097125188e-06,-0.026986301369863,4.830351964153848e-06,-0.0263013698630136,4.9233485478351786e-08,-0.0261643835616437,1.3949487552199674e-06,-0.026027397260274,9.901400968424082e-07,-0.0257534246575341,2.406970401163865e-07,-0.0256164383561644,3.282232365223452e-08,1,1,1,1,1
93,34,13:14:42,9,-0.0264383561643836,1087472.0,-0.0263698630136988,-0.0264383561643836,4.9233485478351786e-08,-0.0265753424657534,1.0886070677991118e-06,-0.0267123287671233,9.846697095670357e-08,-0.026849315068493,1.0886070677991118e-06,-0.026986301369863,4.879585449632199e-06,-0.0263013698630136,8.205580913058631e-08,-0.0261643835616437,1.2198963624080498e-06,-0.026027397260274,9.901400968424082e-07,-0.0257534246575341,2.406970401163865e-07,-0.0256164383561644,3.282232365223452e-08,1,1,1,1,1
94,34,13:14:45,9,-0.0263013698630136,1641695.0,-0.0264383561643836,-0.0265753424657534,4.212198202036764e-07,-0.0267123287671233,2.5710820194250377e-07,-0.026849315068493,1.0995478423498563e-06,-0.026986301369863,4.879585449632199e-06,-0.0271232876712329,1.3675968188431052e-07,-0.0263013698630136,5.470387275372421e-08,-0.0261643835616437,1.1597221023789532e-06,-0.026027397260274,9.901400968424082e-07,-0.0257534246575341,2.5163781466713136e-07,-0.0256164383561644,8.752619640595873e-08,1,1,1,1,1
95,34,13:14:48,9,-0.0263013698630136,604189.0,-0.0265068493150685,-0.0265753424657534,4.868644675081455e-07,-0.0267123287671233,2.4616742739175896e-07,-0.026849315068493,1.0339031950453876e-06,-0.026986301369863,3.200176556092866e-06,-0.0271232876712329,1.2581890733356568e-07,-0.0264383561643836,5.470387275372421e-09,-0.0263013698630136,4.485717565805385e-07,-0.0261643835616437,1.1487813278282083e-06,-0.026027397260274,9.846697095670358e-07,-0.0257534246575341,2.5163781466713136e-07,1,1,1,1,1
96,34,13:14:51,9,-0.0263013698630136,2366962.0,-0.0262328767123286,-0.0263013698630136,5.027285906067255e-06,-0.0264383561643836,6.564464730446904e-08,-0.0265753424657534,5.1968679116038e-07,-0.0267123287671233,2.1334510373952441e-07,-0.026849315068493,1.0229624204946427e-06,-0.0261643835616437,1.132370166002091e-06,-0.026027397260274,9.846697095670358e-07,-0.0257534246575341,2.5163781466713136e-07,-0.0256164383561644,9.299658368133117e-08,-0.0254794520547945,1.4496526279736915e-06,1,1,1,1,1
97,34,13:14:54,9,-0.0263013698630136,7171975.0,-0.0262328767123286,-0.0263013698630136,5.142164038850075e-07,-0.0264383561643836,6.564464730446904e-08,-0.0265753424657534,5.087460166096352e-07,-0.0267123287671233,2.1881549101489682e-07,-0.026849315068493,1.0229624204946427e-06,-0.0261643835616437,1.208955587857305e-06,-0.026027397260274,9.846697095670358e-07,-0.0257534246575341,2.5163781466713136e-07,-0.0256164383561644,9.299658368133117e-08,-0.0254794520547945,1.4496526279736915e-06,1,1,1,1,1
98,34,13:14:57,9,-0.0263013698630136,2032769.0,-0.0263698630136988,-0.0264383561643836,2.4616742739175896e-07,-0.0265753424657534,1.3675968188431052e-07,-0.0267123287671233,2.07874716464152e-07,-0.026849315068493,1.0229624204946427e-06,-0.026986301369863,3.211117330643611e-06,-0.0263013698630136,4.485717565805385e-07,-0.0261643835616437,9.901400968424082e-07,-0.026027397260274,9.846697095670358e-07,-0.0257534246575341,2.954009128701107e-07,-0.0256164383561644,9.299658368133117e-08,1,1,1,1,1
99,34,13:15:00,9,-0.0263013698630136,1599199.0,-0.0264383561643836,-0.0265753424657534,4.3763098202979367e-08,-0.0267123287671233,2.6257858921787617e-07,-0.026849315068493,1.0776662932483669e-06,-0.026986301369863,3.211117330643611e-06,-0.0271232876712329,8.752619640595873e-08,-0.0263013698630136,6.017426002909662e-07,-0.0261643835616437,9.463769986394288e-07,-0.026027397260274,9.846697095670358e-07,-0.0257534246575341,2.954009128701107e-07,-0.0256164383561644,9.299658368133117e-08,1,1,1,0,1
100,34,13:15:03,9,-0.0261643835616437,1279454.0,-0.0262328767123286,-0.0263013698630136,1.3840079806692225e-06,-0.0264383561643836,2.7351936376862106e-08,-0.0265753424657534,2.844601383193659e-07,-0.0267123287671233,2.680489764932487e-07,-0.026849315068493,1.0776662932483669e-06,-0.0261643835616437,1.028432807770015e-06,-0.026027397260274,9.846697095670358e-07,-0.0257534246575341,3.11812074696228e-07,-0.0256164383561644,1.1487813278282086e-07,-0.0254794520547945,1.4223006915968294e-06,1,1,1,0,1
101,34,13:15:06,9,-0.026027397260274,9891814.0,-0.025890410958904,-0.026027397260274,4.978052420588903e-07,-0.0261643835616437,2.7351936376862106e-08,-0.0263013698630136,2.7351936376862106e-08,-0.026986301369863,9.35436224088684e-07,-0.0271232876712329,7.111503457984149e-08,-0.0257534246575341,3.063416874208556e-07,-0.0256164383561644,1.1487813278282086e-07,-0.0254794520547945,1.4223006915968294e-06,-0.0253424657534245,7.65854218552139e-08,-0.0252054794520548,6.290945366678284e-07,0,1,1,0,1
102,34,13:15:09,9,-0.0261643835616437,1457826.0,-0.0260958904109589,-0.0261643835616437,6.290945366678284e-07,-0.0263013698630136,2.1881549101489682e-07,-0.0264383561643836,5.470387275372421e-09,-0.0265753424657534,3.008713001454831e-07,-0.026986301369863,9.35436224088684e-07,-0.026027397260274,3.172824619716004e-07,-0.0254794520547945,1.312892946089381e-06,-0.0253424657534245,7.65854218552139e-08,-0.0252054794520548,6.290945366678284e-07,-0.0250684931506849,2.828190221367541e-06,1,1,1,1,1
103,34,13:15:12,9,-0.0263013698630136,1691900.0,-0.0263698630136988,-0.0264383561643836,5.470387275372421e-09,-0.0265753424657534,3.008713001454831e-07,-0.026849315068493,1.0940774550744842e-08,-0.026986301369863,9.35436224088684e-07,-0.0271232876712329,7.111503457984149e-08,-0.0263013698630136,5.378101842036888e-06,-0.026027397260274,4.978052420588903e-07,-0.0254794520547945,1.312892946089381e-06,-0.0253424657534245,7.65854218552139e-08,-0.0252054794520548,6.290945366678284e-07,1,1,1,1,1
104,34,13:15:15,9,-0.0263013698630136,1592186.0,-0.0264383561643836,-0.0265753424657534,2.954009128701107e-07,-0.026849315068493,1.0940774550744842e-08,-0.026986301369863,9.901400968424082e-07,-0.0271232876712329,2.7351936376862106e-08,-0.0272602739726026,8.752619640595873e-08,-0.0263013698630136,4.180087028730328e-06,-0.0261643835616437,6.564464730446904e-08,-0.026027397260274,5.360979529864973e-07,-0.0256164383561644,3.8292710927606954e-08,-0.0254794520547945,1.312892946089381e-06,1,2,1,1,1
105,34,13:15:18,9,-0.0264383561643836,2132223.0,-0.0265068493150685,-0.0265753424657534,8.205580913058631e-08,-0.0267123287671233,5.470387275372421e-08,-0.026849315068493,5.470387275372421e-08,-0.026986301369863,9.901400968424082e-07,-0.0271232876712329,2.7351936376862106e-08,-0.0264383561643836,7.111503457984149e-08,-0.0263013698630136,3.337647388322975e-06,-0.0261643835616437,3.391640110730901e-07,-0.026027397260274,4.704533056820282e-07,-0.0257534246575341,1.0940774550744842e-08,1,2,1,1,1
106,34,13:15:21,9,-0.0265753424657534,1186976.0,-0.0265068493150685,-0.0265753424657534,1.1487813278282086e-07,-0.0267123287671233,6.564464730446904e-08,-0.026849315068493,5.470387275372421e-08,-0.026986301369863,9.901400968424082e-07,-0.0271232876712329,2.7351936376862106e-08,-0.0264383561643836,1.0940774550744841e-07,-0.0263013698630136,2.7030824643797743e-06,-0.0261643835616437,3.391640110730901e-07,-0.026027397260274,4.759236929574006e-07,-0.025890410958904,1.0940774550744841e-07,1,1,1,1,1
107,34,13:15:24,9,-0.0263013698630136,4905380.0,-0.0262328767123286,-0.0263013698630136,3.150231920268716e-06,-0.0265753424657534,8.205580913058631e-08,-0.0267123287671233,6.564464730446904e-08,-0.026849315068493,5.470387275372421e-08,-0.026986301369863,9.956104841177803e-07,-0.0261643835616437,3.063416874208556e-07,-0.026027397260274,6.126833748417112e-07,-0.025890410958904,1.0940774550744841e-07,-0.0257534246575341,1.0940774550744842e-08,-0.0256164383561644,2.773486348613817e-06,1,1,1,1,1
108,34,13:15:27,9,-0.0263013698630136,5885447.0,-0.0262328767123286,-0.0263013698630136,2.7618344237172743e-06,-0.0265753424657534,9.299658368133117e-08,-0.0267123287671233,7.111503457984149e-08,-0.026849315068493,5.470387275372421e-08,-0.026986301369863,9.956104841177803e-07,-0.0261643835616437,4.649829184066558e-07,-0.026027397260274,1.0940774550744842e-06,-0.025890410958904,1.0940774550744841e-07,-0.0257534246575341,9.846697095670357e-08,-0.0256164383561644,2.773486348613817e-06,1,1,1,1,1
109,34,13:15:30,9,-0.0263013698630136,2538078.0,-0.0262328767123286,-0.0263013698630136,9.047309403120186e-06,-0.0264383561643836,7.111503457984149e-08,-0.0265753424657534,9.299658368133117e-08,-0.0267123287671233,6.017426002909662e-08,-0.026849315068493,5.470387275372421e-08,-0.0261643835616437,5.087460166096352e-07,-0.026027397260274,1.0940774550744842e-08,-0.025890410958904,1.0940774550744841e-07,-0.0257534246575341,4.431013693051661e-07,-0.0256164383561644,2.855542157744404e-06,1,2,1,1,1
110,34,13:15:33,9,-0.0263013698630136,5217442.0,-0.0260958904109589,-0.0261643835616437,5.470387275372421e-09,-0.0263013698630136,6.202708019926527e-06,-0.0264383561643836,2.2702107192795547e-06,-0.0265753424657534,9.299658368133117e-08,-0.0267123287671233,5.470387275372421e-08,-0.026027397260274,2.7351936376862106e-08,-0.025890410958904,9.846697095670357e-08,-0.0257534246575341,6.072129875663387e-07,-0.0256164383561644,2.855542157744404e-06,-0.0254794520547945,1.3730672061184775e-06,1,1,1,1,1
111,34,13:15:36,9,-0.0261643835616437,725199.0,-0.0260958904109589,-0.0261643835616437,9.244954495379392e-07,-0.0263013698630136,6.465286609144403e-06,-0.0264383561643836,2.7242528631354657e-06,-0.0265753424657534,9.846697095670357e-08,-0.0267123287671233,5.470387275372421e-08,-0.026027397260274,6.564464730446904e-08,-0.025890410958904,2.1881549101489683e-08,-0.0257534246575341,5.087460166096352e-07,-0.0256164383561644,2.8446013831936587e-06,-0.0254794520547945,1.3730672061184775e-06,1,1,1,1,1
112,34,13:15:39,9,-0.0263013698630136,15980137.0,-0.0260958904109589,-0.0263013698630136,2.8374898797356745e-07,-0.0264383561643836,2.9321275795996176e-06,-0.0265753424657534,9.846697095670357e-08,-0.0267123287671233,6.564464730446904e-08,-0.026849315068493,5.470387275372421e-08,-0.025890410958904,2.406970401163865e-07,-0.0257534246575341,5.579795020879869e-07,-0.0256164383561644,2.8446013831936587e-06,-0.0254794520547945,1.3730672061184775e-06,-0.0253424657534245,6.564464730446905e-07,1,1,1,1,1
113,34,13:15:42,9,-0.0261643835616437,6564025.0,-0.0260958904109589,-0.0261643835616437,4.9233485478351786e-08,-0.0263013698630136,5.470387275372421e-09,-0.0264383561643836,2.95947951597648e-06,-0.0265753424657534,9.846697095670357e-08,-0.0267123287671233,6.564464730446904e-08,-0.026027397260274,1.2034852005819325e-07,-0.0257534246575341,2.7351936376862106e-08,-0.0256164383561644,3.172824619716004e-07,-0.0254794520547945,1.3730672061184775e-06,-0.0253424657534245,6.564464730446905e-07,1,0,1,1,1
114,34,13:15:45,9,-0.0263013698630136,497636.0,-0.025890410958904,-0.026027397260274,4.3216059475442123e-07,-0.0263013698630136,6.290945366678284e-07,-0.0264383561643836,2.882894094121266e-06,-0.0265753424657534,9.846697095670357e-08,-0.0267123287671233,6.564464730446904e-08,-0.0257534246575341,8.205580913058631e-08,-0.0256164383561644,3.172824619716004e-07,-0.0254794520547945,1.3730672061184775e-06,-0.0253424657534245,6.564464730446905e-07,-0.0252054794520548,6.564464730446905e-07,1,1,1,1,1
115,34,13:15:48,9,-0.025890410958904,1706666.0,-0.0259589041095892,-0.026027397260274,1.0940774550744842e-08,-0.0261643835616437,9.846697095670357e-08,-0.0263013698630136,2.4397927248160995e-06,-0.0264383561643836,2.8446013831936587e-06,-0.0265753424657534,9.846697095670357e-08,-0.025890410958904,1.9146355463803476e-07,-0.0257534246575341,1.750523928119175e-07,-0.0254794520547945,1.3238337206401255e-06,-0.0253424657534245,7.111503457984147e-07,-0.0252054794520548,6.564464730446905e-07,1,1,1,1,1
116,34,13:15:51,9,-0.0257534246575341,5509164.0,-0.026027397260274,-0.0261643835616437,1.0940774550744842e-08,-0.0263013698630136,1.531708437104278e-07,-0.0264383561643836,2.5054373721205686e-06,-0.0265753424657534,9.846697095670357e-08,-0.0267123287671233,7.111503457984149e-08,-0.025890410958904,1.0940774550744842e-08,-0.0257534246575341,9.026139004364496e-07,-0.0256164383561644,2.8500717704690312e-08,-0.0254794520547945,1.3238337206401255e-06,-0.0253424657534245,7.111503457984147e-07,1,1,1,1,1
117,34,13:15:54,9,-0.026027397260274,618602.0,-0.0259589041095892,-0.026027397260274,3.8839749655144185e-06,-0.0261643835616437,1.859931673626623e-07,-0.0263013698630136,1.750523928119175e-07,-0.0264383561643836,2.768015961338445e-06,-0.0265753424657534,9.846697095670357e-08,-0.025890410958904,5.470387275372421e-09,-0.0257534246575341,1.03937358232076e-06,-0.0256164383561644,1.54319625038256e-07,-0.0254794520547945,1.3238337206401255e-06,-0.0253424657534245,7.111503457984147e-07,1,1,1,1,1
118,34,13:15:57,9,-0.026027397260274,2531799.0,-0.025890410958904,-0.026027397260274,3.944149225543515e-06,-0.0261643835616437,2.07874716464152e-07,-0.0263013698630136,2.07874716464152e-07,-0.0264383561643836,2.718782475860093e-06,-0.0265753424657534,8.205580913058631e-08,-0.0257534246575341,2.7351936376862106e-08,-0.0256164383561644,1.54319625038256e-07,-0.0254794520547945,1.3238337206401255e-06,-0.0253424657534245,7.65854218552139e-07,-0.0252054794520548,6.564464730446905e-07,0,0,1,1,1
119,34,13:16:00,9,-0.0257534246575341,6761766.0,-0.0256849315068493,-0.0257534246575341,6.892687966969251e-07,-0.0261643835616437,2.1881549101489682e-07,-0.0263013698630136,3.5557517289920734e-07,-0.0264383561643836,2.7242528631354657e-06,-0.0265753424657534,8.205580913058631e-08,-0.0256164383561644,1.54319625038256e-07,-0.0254794520547945,1.3238337206401255e-06,-0.0253424657534245,7.65854218552139e-07,-0.0252054794520548,6.564464730446905e-07,-0.0250684931506849,2.855542157744404e-06,1,0,0,1,1
120,34,13:16:03,9,-0.026027397260274,2873063.0,-0.0260958904109589,-0.0261643835616437,2.1334510373952441e-07,-0.0263013698630136,3.5557517289920734e-07,-0.0264383561643836,2.7898975104399344e-07,-0.0265753424657534,8.205580913058631e-08,-0.0267123287671233,7.111503457984149e-08,-0.026027397260274,2.478085435743706e-06,-0.0254794520547945,1.0952262364023125e-06,-0.0253424657534245,7.65854218552139e-07,-0.0252054794520548,6.564464730446905e-07,-0.0250684931506849,2.855542157744404e-06,1,0,0,1,1
121,34,13:16:06,9,-0.026027397260274,4258834.0,-0.0259589041095892,-0.026027397260274,6.400353112185732e-07,-0.0261643835616437,1.0940774550744842e-08,-0.0263013698630136,3.993382711021867e-07,-0.0264383561643836,2.7898975104399344e-07,-0.0265753424657534,8.205580913058631e-08,-0.025890410958904,1.641116182611726e-08,-0.0257534246575341,2.7351936376862106e-08,-0.0256164383561644,3.282232365223452e-08,-0.0254794520547945,1.0952262364023125e-06,-0.0253424657534245,1.03937358232076e-06,1,1,0,1,1
122,34,13:16:09,9,-0.0257534246575341,1116424.0,-0.025821917808219,-0.025890410958904,1.0940774550744841e-07,-0.026027397260274,4.759236929574006e-07,-0.0261643835616437,1.0940774550744842e-08,-0.0263013698630136,4.212198202036764e-07,-0.0264383561643836,2.7898975104399344e-07,-0.0257534246575341,4.9233485478351786e-08,-0.0256164383561644,1.9146355463803476e-07,-0.0254794520547945,1.0952262364023125e-06,-0.0253424657534245,1.03937358232076e-06,-0.0252054794520548,6.564464730446905e-07,1,1,0,1,1
123,34,13:16:12,9,-0.0267123287671233,5295432.0,-0.0267808219178081,-0.026849315068493,5.470387275372421e-08,-0.026986301369863,2.4616742739175896e-07,-0.0271232876712329,5.470387275372421e-08,-0.0272602739726026,1.4223006915968298e-07,-0.0273972602739726,3.851152641862184e-06,-0.0267123287671233,1.0612551314222496e-06,-0.026027397260274,5.470387275372421e-09,-0.0257534246575341,3.8292710927606954e-08,-0.0256164383561644,1.3675968188431052e-07,-0.0254794520547945,9.311146181411398e-07,1,1,1,2,2
124,34,13:16:15,9,-0.026027397260274,2344780.0,-0.0260958904109589,-0.0261643835616437,8.205580913058631e-08,-0.0267123287671233,3.8292710927606954e-08,-0.026849315068493,5.415683402618696e-07,-0.026986301369863,2.4616742739175896e-07,-0.0271232876712329,5.470387275372421e-08,-0.026027397260274,7.330318948999044e-07,-0.0257534246575341,1.0940774550744842e-08,-0.0256164383561644,2.5163781466713136e-07,-0.0254794520547945,1.0459927509239609e-06,-0.0253424657534245,1.03937358232076e-06,0,0,1,1,2
125,34,13:16:18,9,-0.0265753424657534,1286922.0,-0.0263698630136988,-0.0267123287671233,4.3763098202979367e-08,-0.026849315068493,5.689202766387318e-07,-0.026986301369863,2.4616742739175896e-07,-0.0271232876712329,5.470387275372421e-08,-0.0272602739726026,1.4223006915968298e-07,-0.026027397260274,7.65854218552139e-08,-0.0257534246575341,1.641116182611726e-08,-0.0256164383561644,4.498846495266279e-07,-0.0254794520547945,1.0459927509239609e-06,-0.0253424657534245,1.03937358232076e-06,1,1,1,1,2
126,34,13:16:21,9,-0.0261643835616437,533310.0,-0.0257534246575341,-0.025890410958904,4.3763098202979367e-08,-0.0264383561643836,5.470387275372421e-08,-0.0265753424657534,2.1881549101489683e-08,-0.0267123287671233,3.391640110730901e-07,-0.026849315068493,5.689202766387318e-07,-0.0256164383561644,2.803026439900829e-07,-0.0254794520547945,1.0459927509239609e-06,-0.0253424657534245,1.0612551314222496e-06,-0.0252054794520548,6.728576348708078e-07,-0.0250684931506849,2.855542157744404e-06,0,1,1,1,1
127,34,13:16:24,9,-0.0264383561643836,618537.0,-0.0263013698630136,-0.0265753424657534,2.1881549101489683e-08,-0.0267123287671233,9.244954495379392e-07,-0.026849315068493,8.205580913058631e-08,-0.026986301369863,2.4616742739175896e-07,-0.0271232876712329,2.7351936376862106e-08,-0.026027397260274,6.564464730446904e-08,-0.025890410958904,7.111503457984149e-08,-0.0257534246575341,2.7351936376862104e-07,-0.0256164383561644,4.498846495266279e-07,-0.0254794520547945,1.0459927509239609e-06,1,1,1,1,2
128,34,13:16:27,9,-0.0264383561643836,582873.0,-0.0265068493150685,-0.0265753424657534,8.205580913058631e-08,-0.0267123287671233,9.791993222916633e-07,-0.026849315068493,2.7351936376862106e-08,-0.026986301369863,2.4616742739175896e-07,-0.0271232876712329,2.7351936376862106e-08,-0.0264383561643836,2.1334510373952441e-07,-0.026027397260274,4.3763098202979367e-08,-0.025890410958904,4.3763098202979367e-08,-0.0257534246575341,3.282232365223453e-07,-0.0256164383561644,7.343447878459938e-07,1,1,1,2,2
129,34,13:16:30,9,-0.0265753424657534,405057.0,-0.0266438356164382,-0.0267123287671233,9.901400968424082e-07,-0.026849315068493,2.7351936376862106e-08,-0.026986301369863,2.4616742739175896e-07,-0.0271232876712329,2.7351936376862106e-08,-0.0272602739726026,1.586412309858002e-07,-0.0265753424657534,2.1881549101489683e-08,-0.0264383561643836,1.531708437104278e-07,-0.0263013698630136,6.017426002909662e-08,-0.0261643835616437,1.4770045643505538e-07,-0.026027397260274,9.846697095670357e-08,1,0,1,2,2
130,34,13:16:33,9,-0.0265753424657534,1136871.0,-0.0266438356164382,-0.0267123287671233,5.1968679116038e-07,-0.026849315068493,4.9233485478351786e-08,-0.026986301369863,2.4616742739175896e-07,-0.0271232876712329,2.7351936376862106e-08,-0.0272602739726026,1.586412309858002e-07,-0.0265753424657534,1.9146355463803476e-07,-0.0264383561643836,1.4223006915968298e-07,-0.0263013698630136,3.336936237977177e-07,-0.0261643835616437,1.4770045643505538e-07,-0.026027397260274,9.846697095670357e-08,1,0,1,2,2
131,34,13:16:36,9,-0.0265753424657534,731968.0,-0.0264383561643836,-0.0265753424657534,1.0940774550744842e-08,-0.0267123287671233,5.306275657111248e-07,-0.026849315068493,4.9233485478351786e-08,-0.026986301369863,2.4616742739175896e-07,-0.0271232876712329,2.7351936376862106e-08,-0.0263013698630136,3.336936237977177e-07,-0.0261643835616437,1.4770045643505538e-07,-0.026027397260274,7.65854218552139e-08,-0.025890410958904,6.017426002909662e-08,-0.0257534246575341,4.868644675081455e-07,1,0,1,1,2
132,34,13:16:39,9,-0.0265753424657534,476228.0,-0.0263013698630136,-0.0264383561643836,3.2275284924697285e-07,-0.0265753424657534,6.564464730446904e-08,-0.0267123287671233,4.868644675081455e-07,-0.026849315068493,4.9233485478351786e-08,-0.026986301369863,2.5710820194250377e-07,-0.0261643835616437,1.586412309858002e-07,-0.026027397260274,1.3675968188431052e-07,-0.025890410958904,6.017426002909662e-08,-0.0257534246575341,8.150877040304907e-07,-0.0256164383561644,8.711044697303043e-07,1,0,1,2,2
133,34,13:16:42,9,-0.0267123287671233,1463787.0,-0.0267808219178081,-0.026849315068493,2.7351936376862106e-08,-0.026986301369863,2.5710820194250377e-07,-0.0271232876712329,2.7351936376862106e-08,-0.0272602739726026,2.0240432918877963e-07,-0.0273972602739726,4.020734647398729e-06,-0.0267123287671233,4.15749432928304e-07,-0.0265753424657534,5.470387275372421e-09,-0.0264383561643836,5.470387275372421e-09,-0.0263013698630136,5.470387275372421e-09,-0.0261643835616437,1.4770045643505538e-07,1,1,1,2,2
134,34,13:16:45,9,-0.0265753424657534,1115487.0,-0.0267123287671231,-0.026849315068493,1.0940774550744842e-08,-0.026986301369863,2.1334510373952441e-07,-0.0271232876712329,5.743906639141042e-07,-0.0272602739726026,2.0240432918877963e-07,-0.0273972602739726,4.064497745601709e-06,-0.0265753424657534,1.03937358232076e-07,-0.0264383561643836,8.205580913058631e-08,-0.0263013698630136,2.7351936376862106e-08,-0.0261643835616437,2.0240432918877963e-07,-0.026027397260274,1.6411161826117265e-07,0,1,1,2,2
135,34,13:16:48,9,-0.0265753424657534,2879906.0,-0.0267123287671231,-0.026849315068493,3.8292710927606954e-08,-0.026986301369863,2.406970401163865e-07,-0.0271232876712329,5.743906639141042e-07,-0.0272602739726026,2.07874716464152e-07,-0.0273972602739726,4.064497745601709e-06,-0.0265753424657534,3.008713001454831e-07,-0.025890410958904,1.0940774550744842e-08,-0.0256164383561644,9.85982602513125e-07,-0.0254794520547945,9.47525779967257e-07,-0.0253424657534245,3.1618838451652594e-06,0,1,1,2,2
136,34,13:16:51,9,-0.0265753424657534,2792592.0,-0.0262328767123286,-0.0265753424657534,5.306275657111248e-07,-0.026986301369863,2.07874716464152e-07,-0.0271232876712329,5.743906639141042e-07,-0.0272602739726026,2.07874716464152e-07,-0.0273972602739726,4.080908907427826e-06,-0.025890410958904,1.0940774550744841e-07,-0.0256164383561644,8.054598224258352e-07,-0.0254794520547945,9.584665545180018e-07,-0.0253424657534245,3.1618838451652594e-06,-0.0252054794520548,6.728576348708078e-07,0,1,1,1,2
137,34,13:16:54,9,-0.0264383561643836,995066.0,-0.0262328767123286,-0.0265753424657534,7.65854218552139e-08,-0.0267123287671233,2.0240432918877963e-07,-0.026986301369863,1.9693394191340717e-07,-0.0271232876712329,5.743906639141042e-07,-0.0272602739726026,2.07874716464152e-07,-0.025890410958904,3.8292710927606954e-08,-0.0257534246575341,8.752619640595873e-08,-0.0256164383561644,1.1555646080496702e-06,-0.0254794520547945,9.584665545180018e-07,-0.0253424657534245,3.167354232440632e-06,0,1,1,1,2
138,34,13:16:57,9,-0.0265753424657534,1435511.0,-0.0266438356164382,-0.0267123287671233,3.665159474499522e-07,-0.026849315068493,5.470387275372421e-09,-0.026986301369863,2.5163781466713136e-07,-0.0271232876712329,5.743906639141042e-07,-0.0272602739726026,2.07874716464152e-07,-0.0265753424657534,1.4770045643505538e-07,-0.025890410958904,9.299658368133117e-08,-0.0257534246575341,2.2428587829026925e-07,-0.0256164383561644,1.4345543590936636e-06,-0.0254794520547945,9.584665545180018e-07,1,1,1,2,2
139,34,13:17:00,9,-0.0273972602739726,8620215.0,-0.0274657534246575,-0.0275342465753425,5.470387275372421e-08,-0.0276712328767122,5.470387275372421e-07,-0.0278082191780821,4.381780207573309e-06,-0.0279452054794521,4.978052420588903e-07,-0.0280821917808218,2.899305255947383e-07,-0.0273972602739726,2.208614158558861e-06,-0.0267123287671233,5.470387275372421e-08,-0.0265753424657534,5.1968679116038e-07,-0.0264383561643836,5.908018257402214e-07,-0.025890410958904,9.299658368133117e-08,2,2,2,2,2
140,34,13:17:03,9,-0.0273972602739726,937145.0,-0.0275342465753423,-0.0276712328767122,5.470387275372421e-07,-0.0278082191780821,5.437564951720186e-06,-0.0279452054794521,4.978052420588903e-07,-0.0280821917808218,2.899305255947383e-07,-0.0284931506849315,1.0940774550744842e-08,-0.0273972602739726,1.874920534761144e-06,-0.0272602739726026,6.290945366678284e-07,-0.026986301369863,2.5710820194250377e-07,-0.026849315068493,5.470387275372421e-09,-0.0267123287671233,6.017426002909662e-08,2,2,2,2,2
141,34,13:17:06,9,-0.0275342465753425,3535906.0,-0.0276027397260274,-0.0276712328767122,1.7122312171915677e-06,-0.0278082191780821,5.7274954773149245e-06,-0.0279452054794521,4.978052420588903e-07,-0.0280821917808218,2.899305255947383e-07,-0.0284931506849315,1.0940774550744842e-08,-0.0275342465753425,9.846697095670357e-08,-0.026986301369863,2.338043521494173e-07,-0.026849315068493,5.470387275372421e-09,-0.0267123287671233,1.3675968188431052e-07,-0.0265753424657534,4.868644675081455e-07,2,2,2,2,2
142,34,13:17:09,9,-0.0267123287671233,539765.0,-0.0270547945205478,-0.0273972602739726,3.7636264454562255e-06,-0.0275342465753425,9.791993222916633e-07,-0.0276712328767122,1.821638962699016e-06,-0.0278082191780821,6.219830332098443e-06,-0.0279452054794521,4.978052420588903e-07,-0.0267123287671233,8.063350843898948e-08,-0.0265753424657534,4.868644675081455e-07,-0.0263013698630136,8.205580913058631e-08,-0.026027397260274,8.752619640595873e-08,-0.025890410958904,2.297562655656417e-07,2,2,2,2,2
143,34,13:17:12,9,-0.0267123287671233,1646265.0,-0.0270547945205478,-0.0273972602739726,4.158916629974637e-06,-0.0275342465753425,3.719863347253246e-07,-0.0276712328767122,1.816168575423644e-06,-0.0278082191780821,4.885055836907572e-06,-0.0279452054794521,4.978052420588903e-07,-0.0267123287671233,1.0940774550744842e-08,-0.0265753424657534,4.2669020747904883e-07,-0.0264383561643836,1.0940774550744842e-08,-0.0263013698630136,8.205580913058631e-08,-0.026027397260274,9.299658368133117e-08,2,2,2,2,2
144,34,13:17:15,9,-0.0267123287671233,518673.0,-0.0266438356164382,-0.0267123287671233,6.017426002909662e-08,-0.0273972602739726,4.169857404525381e-06,-0.0275342465753425,1.9146355463803476e-07,-0.0276712328767122,5.470387275372421e-08,-0.0278082191780821,4.392720982124054e-06,-0.0265753424657534,3.829271092760695e-07,-0.0264383561643836,1.0940774550744842e-08,-0.0263013698630136,8.205580913058631e-08,-0.026027397260274,9.299658368133117e-08,-0.025890410958904,2.297562655656417e-07,1,2,2,2,2
145,34,13:17:18,9,-0.0264383561643836,1016202.0,-0.0263698630136988,-0.0264383561643836,1.531708437104278e-07,-0.0265753424657534,6.783280221461801e-07,-0.0267123287671233,1.132370166002091e-06,-0.026986301369863,5.470387275372421e-08,-0.0273972602739726,4.158916629974637e-06,-0.0263013698630136,8.205580913058631e-08,-0.026027397260274,1.03937358232076e-07,-0.025890410958904,2.5710820194250377e-07,-0.0257534246575341,5.689202766387318e-07,-0.0256164383561644,1.024275313440732e-06,1,1,1,2,2
146,34,13:17:21,9,-0.0264383561643836,867068.0,-0.0263013698630136,-0.0264383561643836,5.470387275372421e-08,-0.0265753424657534,3.156413457889887e-06,-0.0267123287671233,1.0940774550744841e-07,-0.026986301369863,5.470387275372421e-08,-0.0272602739726026,5.470387275372421e-09,-0.0261643835616437,2.7351936376862104e-07,-0.026027397260274,1.03937358232076e-07,-0.025890410958904,2.5710820194250377e-07,-0.0257534246575341,5.689202766387318e-07,-0.0256164383561644,9.148675679332836e-07,1,1,1,2,2
147,34,13:17:24,9,-0.0264383561643836,1371874.0,-0.0261643835616437,-0.0264383561643836,4.759236929574006e-07,-0.0265753424657534,3.944149225543515e-06,-0.0267123287671233,1.2034852005819325e-07,-0.026986301369863,6.017426002909662e-08,-0.0272602739726026,5.470387275372421e-09,-0.025890410958904,2.5710820194250377e-07,-0.0257534246575341,5.689202766387318e-07,-0.0256164383561644,9.148675679332836e-07,-0.0254794520547945,1.0459927509239609e-06,-0.0253424657534245,1.301952171538636e-06,1,1,1,2,2
148,34,13:17:27,9,-0.0264383561643836,319815.0,-0.0263698630136988,-0.0264383561643836,7.056799585230423e-07,-0.0265753424657534,4.228609363862882e-06,-0.0267123287671233,7.65854218552139e-08,-0.026986301369863,6.564464730446904e-08,-0.0272602739726026,2.1881549101489683e-08,-0.0263013698630136,2.7351936376862106e-08,-0.0261643835616437,1.6411161826117265e-07,-0.026027397260274,2.1881549101489683e-08,-0.025890410958904,3.11812074696228e-07,-0.0257534246575341,5.689202766387318e-07,1,1,1,2,2
149,34,13:17:30,9,-0.0264383561643836,966577.0,-0.0263698630136988,-0.0264383561643836,2.1334510373952441e-07,-0.0265753424657534,4.409132143950171e-06,-0.0267123287671233,2.899305255947383e-07,-0.026986301369863,6.564464730446904e-08,-0.0272602739726026,2.1881549101489683e-08,-0.0263013698630136,5.470387275372421e-09,-0.0261643835616437,1.0940774550744841e-07,-0.026027397260274,2.1881549101489683e-08,-0.025890410958904,3.4463439834846253e-07,-0.0257534246575341,5.689202766387318e-07,1,1,1,2,2
150,34,13:17:33,9,-0.0264383561643836,6715235.0,-0.0263698630136988,-0.0264383561643836,9.299658368133116e-07,-0.0265753424657534,3.8292710927606954e-08,-0.0267123287671233,2.899305255947383e-07,-0.026986301369863,6.564464730446904e-08,-0.0272602739726026,9.299658368133117e-08,-0.0263013698630136,1.0940774550744842e-08,-0.0261643835616437,1.0940774550744841e-07,-0.026027397260274,4.9233485478351786e-08,-0.025890410958904,3.665159474499522e-07,-0.0257534246575341,5.743906639141042e-07,1,1,1,2,2
151,34,13:17:36,9,-0.026027397260274,3156776.0,-0.0261643835616437,-0.0263013698630136,6.564464730446905e-07,-0.0264383561643836,7.767949931028838e-07,-0.0265753424657534,3.8292710927606954e-08,-0.0267123287671233,2.899305255947383e-07,-0.026986301369863,7.111503457984149e-08,-0.026027397260274,1.7778758644960372e-08,-0.0256164383561644,6.358778168892902e-07,-0.0254794520547945,9.420553926918846e-07,-0.0253424657534245,1.301952171538636e-06,-0.0252054794520548,6.564464730446905e-07,1,1,1,2,2
152,34,13:17:39,9,-0.0263013698630136,2509010.0,-0.0262328767123286,-0.0263013698630136,5.798610511894766e-07,-0.0264383561643836,4.212198202036764e-07,-0.0265753424657534,7.65854218552139e-08,-0.0267123287671233,2.844601383193659e-07,-0.026986301369863,7.111503457984149e-08,-0.0261643835616437,1.4223006915968298e-07,-0.026027397260274,2.8719533195705214e-08,-0.0257534246575341,5.470387275372421e-08,-0.0256164383561644,6.358778168892902e-07,-0.0254794520547945,9.420553926918846e-07,1,1,1,2,2
153,34,13:17:42,9,-0.0261643835616437,1130202.0,-0.0262328767123286,-0.0263013698630136,2.954009128701107e-07,-0.0264383561643836,4.212198202036764e-07,-0.0265753424657534,7.65854218552139e-08,-0.0267123287671233,2.844601383193659e-07,-0.026986301369863,3.993382711021867e-07,-0.0261643835616437,4.3763098202979367e-08,-0.026027397260274,1.490680532538985e-07,-0.0257534246575341,5.470387275372421e-08,-0.0256164383561644,6.358778168892902e-07,-0.0254794520547945,9.420553926918846e-07,1,2,1,2,2
154,34,13:17:45,9,-0.026027397260274,824662.0,-0.0260958904109589,-0.0261643835616437,2.5710820194250377e-07,-0.0263013698630136,3.172824619716004e-07,-0.0264383561643836,4.212198202036764e-07,-0.0265753424657534,8.205580913058631e-08,-0.0267123287671233,2.844601383193659e-07,-0.026027397260274,5.0601082297194894e-08,-0.025890410958904,1.1487813278282086e-07,-0.0257534246575341,1.6411161826117265e-07,-0.0256164383561644,5.264700713818417e-07,-0.0254794520547945,9.420553926918846e-07,1,1,1,2,2
155,34,13:17:48,9,-0.0261643835616437,805150.0,-0.0260958904109589,-0.0261643835616437,1.518032468915847e-07,-0.0263013698630136,3.172824619716004e-07,-0.0264383561643836,4.212198202036764e-07,-0.0265753424657534,8.205580913058631e-08,-0.0267123287671233,2.680489764932487e-07,-0.026027397260274,4.868644675081455e-07,-0.025890410958904,1.6958200553654506e-07,-0.0257534246575341,1.805227800872899e-07,-0.0256164383561644,5.264700713818417e-07,-0.0254794520547945,9.420553926918846e-07,1,2,1,2,2
156,34,13:17:51,9,-0.0261643835616437,1741606.0,-0.0262328767123286,-0.0263013698630136,6.441381016751026e-07,-0.0264383561643836,4.212198202036764e-07,-0.0265753424657534,8.205580913058631e-08,-0.0267123287671233,2.680489764932487e-07,-0.026986301369863,4.0480865837755926e-07,-0.0261643835616437,1.03937358232076e-07,-0.026027397260274,3.008713001454831e-07,-0.025890410958904,5.689202766387318e-07,-0.0257534246575341,2.844601383193659e-07,-0.0256164383561644,6.577593659907799e-07,1,2,1,2,2
157,34,13:17:54,9,-0.0261643835616437,1428972.0,-0.0260958904109589,-0.0261643835616437,2.1881549101489683e-08,-0.0263013698630136,1.8312121404309176e-06,-0.0264383561643836,7.111503457984149e-08,-0.0265753424657534,1.0940774550744841e-07,-0.0267123287671233,2.680489764932487e-07,-0.026027397260274,6.564464730446904e-08,-0.025890410958904,1.1870740387558152e-06,-0.0257534246575341,2.844601383193659e-07,-0.0256164383561644,6.577593659907799e-07,-0.0254794520547945,9.420553926918846e-07,1,1,1,2,2
158,34,13:17:57,9,-0.026027397260274,881686.0,-0.0259589041095892,-0.026027397260274,4.9233485478351786e-08,-0.0261643835616437,3.922267676442026e-06,-0.0263013698630136,2.110201891474912e-06,-0.0264383561643836,7.111503457984149e-08,-0.0265753424657534,1.3675968188431052e-07,-0.025890410958904,8.041469294797458e-07,-0.0257534246575341,2.844601383193659e-07,-0.0256164383561644,1.0570976370929663e-06,-0.0254794520547945,9.584665545180018e-07,-0.0253424657534245,1.3457152697416156e-06,1,2,1,2,2
159,34,13:18:00,9,-0.025890410958904,881711.0,-0.0259589041095892,-0.026027397260274,1.9310467082064645e-06,-0.0261643835616437,4.179375878384529e-06,-0.0263013698630136,2.110201891474912e-06,-0.0264383561643836,7.111503457984149e-08,-0.0265753424657534,9.846697095670357e-08,-0.025890410958904,4.485717565805385e-07,-0.0257534246575341,2.844601383193659e-07,-0.0256164383561644,1.0570976370929663e-06,-0.0254794520547945,9.584665545180018e-07,-0.0253424657534245,1.3457152697416156e-06,1,2,1,2,2
160,34,13:18:03,9,-0.026027397260274,2623678.0,-0.0259589041095892,-0.026027397260274,5.251571784357523e-07,-0.0261643835616437,4.381780207573309e-06,-0.0263013698630136,2.115672278750284e-06,-0.0264383561643836,3.4463439834846253e-07,-0.0265753424657534,1.0940774550744841e-07,-0.025890410958904,1.0940774550744842e-08,-0.0257534246575341,2.844601383193659e-07,-0.0256164383561644,1.0570976370929663e-06,-0.0254794520547945,9.584665545180018e-07,-0.0253424657534245,1.3457152697416156e-06,1,1,1,2,2
161,34,13:18:06,9,-0.026027397260274,6746860.0,-0.0260958904109589,-0.0261643835616437,1.2800706224371465e-06,-0.0263013698630136,2.115672278750284e-06,-0.0264383561643836,3.4463439834846253e-07,-0.0265753424657534,1.0940774550744841e-07,-0.0267123287671233,9.846697095670357e-08,-0.026027397260274,2.1881549101489683e-08,-0.0257534246575341,2.899305255947383e-07,-0.0256164383561644,1.0570976370929663e-06,-0.0254794520547945,9.584665545180018e-07,-0.0253424657534245,1.3457152697416156e-06,2,2,1,2,2
162,34,13:18:09,9,-0.026027397260274,213350.0,-0.025821917808219,-0.025890410958904,1.0940774550744842e-08,-0.026027397260274,1.3675968188431052e-07,-0.0261643835616437,2.379618464787003e-06,-0.0263013698630136,2.121142666025656e-06,-0.0264383561643836,3.4463439834846253e-07,-0.0257534246575341,1.531708437104278e-07,-0.0256164383561644,1.0570976370929663e-06,-0.0254794520547945,9.584665545180018e-07,-0.0253424657534245,1.3457152697416156e-06,-0.0252054794520548,6.564464730446905e-07,1,2,1,2,2
163,34,13:18:12,9,-0.0257534246575341,2207790.0,-0.0256849315068493,-0.0257534246575341,5.470387275372421e-09,-0.025890410958904,9.901400968424082e-07,-0.026027397260274,6.619168603200629e-07,-0.0261643835616437,1.3592271263117854e-06,-0.0263013698630136,1.2239991528645792e-06,-0.0256164383561644,1.0570976370929663e-06,-0.0254794520547945,9.584665545180018e-07,-0.0253424657534245,1.351185657016988e-06,-0.0252054794520548,6.564464730446905e-07,-0.0250684931506849,2.8938348686720105e-06,1,1,1,2,2
164,34,13:18:15,9,-0.0254794520547945,2233467.0,-0.0256164383561644,-0.0257534246575341,8.752619640595873e-07,-0.025890410958904,1.2855410097125188e-06,-0.026027397260274,7.603838312767665e-07,-0.0261643835616437,1.3074225588140089e-06,-0.0263013698630136,1.2021176037630896e-06,-0.0254794520547945,9.214867365364842e-07,-0.0253424657534245,1.351185657016988e-06,-0.0252054794520548,6.564464730446905e-07,-0.0250684931506849,2.8938348686720105e-06,-0.024931506849315,2.565611632149665e-06,1,1,1,2,1
165,34,13:18:18,9,-0.0256164383561644,818020.0,-0.0255479452054795,-0.0256164383561644,1.1214293914513463e-06,-0.0257534246575341,1.1542517151035809e-06,-0.025890410958904,8.369692531319804e-07,-0.026027397260274,9.463769986394288e-07,-0.0261643835616437,1.3074225588140089e-06,-0.0254794520547945,8.339605401305255e-07,-0.0253424657534245,1.351185657016988e-06,-0.0252054794520548,6.564464730446905e-07,-0.0250684931506849,2.8938348686720105e-06,-0.024931506849315,2.565611632149665e-06,1,1,1,2,1
166,34,13:18:21,9,-0.0254794520547945,2802675.0,-0.0255479452054795,-0.0256164383561644,8.697915767842149e-07,-0.0257534246575341,1.3183633333647534e-06,-0.025890410958904,8.479100276827252e-07,-0.026027397260274,9.135546749871944e-07,-0.0261643835616437,7.111503457984149e-08,-0.0254794520547945,2.461674273917589e-09,-0.0253424657534245,1.351185657016988e-06,-0.0252054794520548,6.783280221461801e-07,-0.0250684931506849,2.8938348686720105e-06,-0.024931506849315,2.565611632149665e-06,1,1,1,1,1
167,34,13:18:24,9,-0.0256164383561644,1507946.0,-0.0256849315068493,-0.0257534246575341,1.208955587857305e-06,-0.025890410958904,8.479100276827252e-07,-0.026027397260274,9.244954495379392e-07,-0.0261643835616437,7.111503457984149e-08,-0.0263013698630136,1.3334068983720275e-06,-0.0256164383561644,8.205580913058631e-08,-0.0254794520547945,6.263593430301422e-08,-0.0253424657534245,1.351185657016988e-06,-0.0252054794520548,7.330318948999044e-07,-0.0250684931506849,2.8938348686720105e-06,1,1,1,2,1
168,34,13:18:27,9,-0.0254794520547945,479785.0,-0.0254109589041094,-0.0254794520547945,7.959413485666874e-08,-0.0256164383561644,2.2428587829026925e-07,-0.0257534246575341,1.8380501245251333e-06,-0.025890410958904,8.479100276827252e-07,-0.026027397260274,9.244954495379392e-07,-0.0253424657534245,1.0776662932483669e-06,-0.0252054794520548,7.877357676536286e-07,-0.0250684931506849,2.8938348686720105e-06,-0.024931506849315,2.565611632149665e-06,-0.0247945205479452,3.336936237977177e-06,1,1,1,1,1
169,34,13:18:30,9,-0.0254794520547945,1259174.0,-0.0254109589041094,-0.0254794520547945,3.0087130014548314e-09,-0.0256164383561644,4.3763098202979367e-08,-0.0257534246575341,1.8271093499743888e-06,-0.025890410958904,6.728576348708078e-07,-0.026027397260274,9.518473859148012e-07,-0.0253424657534245,1.0886070677991118e-06,-0.0252054794520548,9.463769986394288e-07,-0.0250684931506849,2.8938348686720105e-06,-0.024931506849315,2.565611632149665e-06,-0.0247945205479452,3.336936237977177e-06,1,1,1,2,1
170,34,13:18:33,9,-0.0253424657534245,2973178.0,-0.0254794520547945,-0.0256164383561644,1.03937358232076e-07,-0.0257534246575341,1.941987482757209e-08,-0.025890410958904,5.087460166096352e-07,-0.026027397260274,9.682585477409186e-07,-0.0261643835616437,7.111503457984149e-08,-0.0253424657534245,5.798610511894766e-07,-0.0252054794520548,9.463769986394288e-07,-0.0250684931506849,2.8938348686720105e-06,-0.024931506849315,2.565611632149665e-06,-0.0247945205479452,3.336936237977177e-06,1,1,1,2,1
171,34,13:18:36,9,-0.0254794520547945,1237913.0,-0.0255479452054795,-0.0256164383561644,8.205580913058631e-08,-0.0257534246575341,3.0360649378316936e-08,-0.025890410958904,5.360979529864973e-07,-0.026027397260274,9.791993222916633e-07,-0.0261643835616437,7.111503457984149e-08,-0.0254794520547945,2.1881549101489682e-07,-0.0252054794520548,1.4934157261766708e-06,-0.0250684931506849,2.8938348686720105e-06,-0.024931506849315,2.565611632149665e-06,-0.0247945205479452,3.336936237977177e-06,1,1,2,2,1
172,34,13:18:39,9,-0.0253424657534245,1842547.0,-0.0252739726027396,-0.0253424657534245,9.299658368133117e-08,-0.0254794520547945,1.531708437104278e-07,-0.0256164383561644,8.752619640595873e-08,-0.0257534246575341,3.0360649378316936e-08,-0.025890410958904,5.743906639141042e-07,-0.0252054794520548,1.482474951625926e-06,-0.0250684931506849,2.8938348686720105e-06,-0.024931506849315,2.565611632149665e-06,-0.0247945205479452,3.325995463426432e-06,-0.0246575342465753,2.8172494468167967e-06,1,1,1,2,1
173,34,13:18:42,9,-0.0253424657534245,931856.0,-0.0252739726027396,-0.0253424657534245,4.81394080232773e-07,-0.0254794520547945,2.7351936376862106e-08,-0.025890410958904,3.7499504772677946e-07,-0.026027397260274,1.0174920332192704e-06,-0.0261643835616437,7.65854218552139e-08,-0.0252054794520548,1.55906037348114e-06,-0.0250684931506849,3.468225532586115e-06,-0.024931506849315,2.5710820194250377e-06,-0.0247945205479452,3.325995463426432e-06,-0.0246575342465753,2.8008382849906795e-06,1,1,2,1,1
174,34,13:18:45,9,-0.0252054794520548,960545.0,-0.0252739726027396,-0.0253424657534245,3.172824619716004e-07,-0.0254794520547945,9.299658368133117e-08,-0.0256164383561644,4.9233485478351786e-08,-0.025890410958904,3.7499504772677946e-07,-0.026027397260274,1.0339031950453876e-06,-0.0252054794520548,1.5043565007274155e-06,-0.0250684931506849,3.468225532586115e-06,-0.024931506849315,2.5710820194250377e-06,-0.0247945205479452,3.325995463426432e-06,-0.0246575342465753,2.8008382849906795e-06,1,1,2,2,1
175,34,13:18:48,9,-0.0252054794520548,78268.0,-0.0252739726027396,-0.0253424657534245,3.665159474499522e-07,-0.0254794520547945,2.6257858921787617e-07,-0.0256164383561644,4.9233485478351786e-08,-0.025890410958904,4.0234698410364165e-07,-0.026027397260274,1.03937358232076e-06,-0.0252054794520548,2.1389214246706165e-06,-0.0250684931506849,3.468225532586115e-06,-0.024931506849315,2.5710820194250377e-06,-0.0247945205479452,3.325995463426432e-06,-0.0246575342465753,2.811779059541424e-06,1,1,2,1,1
176,34,13:18:51,9,-0.0253424657534245,1053101.0,-0.0252739726027396,-0.0253424657534245,2.1881549101489683e-08,-0.0254794520547945,2.844601383193659e-07,-0.0256164383561644,4.9233485478351786e-08,-0.025890410958904,4.0781737137901405e-07,-0.026027397260274,1.03937358232076e-06,-0.0252054794520548,1.7177016044669402e-06,-0.0250684931506849,3.468225532586115e-06,-0.024931506849315,2.5710820194250377e-06,-0.0247945205479452,3.325995463426432e-06,-0.0246575342465753,2.9157164177735004e-06,1,1,2,2,1
177,34,13:18:54,9,-0.0253424657534245,555020.0,-0.0252739726027396,-0.0253424657534245,3.5557517289920734e-07,-0.0254794520547945,2.844601383193659e-07,-0.0256164383561644,3.008713001454831e-07,-0.025890410958904,4.406396950312485e-07,-0.026027397260274,9.682585477409186e-07,-0.0252054794520548,1.8763428354527404e-06,-0.0250684931506849,3.473695919861487e-06,-0.024931506849315,2.5710820194250377e-06,-0.0247945205479452,3.325995463426432e-06,-0.0246575342465753,2.954009128701107e-06,1,2,2,2,1
178,34,13:18:57,9,-0.0252054794520548,1430290.0,-0.0252739726027396,-0.0253424657534245,8.752619640595873e-07,-0.0254794520547945,2.844601383193659e-07,-0.0256164383561644,3.2275284924697285e-07,-0.0257534246575341,1.0940774550744842e-08,-0.025890410958904,4.406396950312485e-07,-0.0252054794520548,1.0174920332192704e-06,-0.0250684931506849,3.473695919861487e-06,-0.024931506849315,2.5710820194250377e-06,-0.0247945205479452,3.325995463426432e-06,-0.0246575342465753,2.9977722269040867e-06,1,2,2,1,1
179,34,13:19:00,9,-0.0253424657534245,2276991.0,-0.0252739726027396,-0.0253424657534245,5.470387275372421e-07,-0.0254794520547945,3.11812074696228e-07,-0.0256164383561644,3.2275284924697285e-07,-0.0257534246575341,1.0940774550744842e-08,-0.025890410958904,4.406396950312485e-07,-0.0252054794520548,1.4223006915968298e-07,-0.0250684931506849,3.473695919861487e-06,-0.024931506849315,2.5710820194250377e-06,-0.0247945205479452,3.325995463426432e-06,-0.0246575342465753,2.9977722269040867e-06,1,2,2,1,1
180,34,13:19:03,9,-0.0252054794520548,1031785.0,-0.0252739726027396,-0.0253424657534245,2.5163781466713136e-07,-0.0254794520547945,3.008713001454831e-07,-0.0256164383561644,3.2275284924697285e-07,-0.0257534246575341,1.0940774550744842e-08,-0.025890410958904,4.679916314081106e-07,-0.0252054794520548,5.470387275372421e-09,-0.0250684931506849,3.3041139143249423e-06,-0.024931506849315,2.5710820194250377e-06,-0.0247945205479452,3.325995463426432e-06,-0.0246575342465753,2.992301839628714e-06,1,2,1,2,1
181,34,13:19:06,9,-0.0253424657534245,1700653.0,-0.0251369863013699,-0.0252054794520548,1.2034852005819325e-07,-0.0253424657534245,1.6411161826117265e-07,-0.0254794520547945,3.008713001454831e-07,-0.0256164383561644,3.2275284924697285e-07,-0.0257534246575341,1.0940774550744842e-08,-0.0250684931506849,3.336936237977177e-06,-0.024931506849315,2.024043291887796e-06,-0.0247945205479452,3.325995463426432e-06,-0.0246575342465753,2.992301839628714e-06,-0.0245205479452055,6.017426002909662e-08,1,2,1,2,0
182,34,13:19:09,9,-0.0252054794520548,414880.0,-0.0251369863013699,-0.0252054794520548,4.578714149486716e-07,-0.0253424657534245,1.859931673626623e-07,-0.0254794520547945,3.008713001454831e-07,-0.0256164383561644,3.2275284924697285e-07,-0.0257534246575341,1.0940774550744842e-08,-0.0250684931506849,3.238469267020473e-06,-0.024931506849315,2.024043291887796e-06,-0.0247945205479452,3.325995463426432e-06,-0.0246575342465753,3.0470057123824385e-06,-0.0245205479452055,6.017426002909662e-08,1,2,1,2,1
183,34,13:19:12,9,-0.0252054794520548,2106498.0,-0.0251369863013699,-0.0252054794520548,1.4058895297707122e-07,-0.0253424657534245,1.859931673626623e-07,-0.0254794520547945,3.008713001454831e-07,-0.0256164383561644,3.2275284924697285e-07,-0.0257534246575341,1.0940774550744842e-08,-0.0250684931506849,2.3960296266131203e-06,-0.024931506849315,2.024043291887796e-06,-0.0247945205479452,3.325995463426432e-06,-0.0246575342465753,3.0470057123824385e-06,-0.0245205479452055,6.017426002909662e-08,1,2,1,2,0
184,34,13:19:15,9,-0.0250684931506849,5266814.0,-0.0249999999999998,-0.0250684931506849,6.728576348708078e-07,-0.0252054794520548,4.0863792947031996e-07,-0.0253424657534245,8.752619640595873e-08,-0.0254794520547945,3.008713001454831e-07,-0.0256164383561644,3.2275284924697285e-07,-0.024931506849315,7.54913444001394e-07,-0.0247945205479452,3.325995463426432e-06,-0.0246575342465753,3.0524760996578107e-06,-0.0245205479452055,6.017426002909662e-08,-0.0243835616438355,1.105018229625229e-06,1,2,1,1,0
185,34,13:19:18,9,-0.0250684931506849,512446.0,-0.0249999999999998,-0.0250684931506849,1.455123015249064e-06,-0.0252054794520548,6.657461314128236e-07,-0.0253424657534245,1.859931673626623e-07,-0.0254794520547945,3.008713001454831e-07,-0.0256164383561644,3.2275284924697285e-07,-0.024931506849315,6.673872475954353e-07,-0.0247945205479452,3.325995463426432e-06,-0.0246575342465753,3.0524760996578107e-06,-0.0245205479452055,6.017426002909662e-08,-0.0243835616438355,1.105018229625229e-06,1,2,2,1,0
186,34,13:19:21,9,-0.024931506849315,1145933.0,-0.0249999999999998,-0.0250684931506849,1.4770045643505535e-06,-0.0252054794520548,6.930980677896857e-07,-0.0253424657534245,2.5710820194250377e-07,-0.0254794520547945,3.008713001454831e-07,-0.0256164383561644,3.2275284924697285e-07,-0.024931506849315,1.4223006915968298e-07,-0.0247945205479452,3.325995463426432e-06,-0.0246575342465753,3.0524760996578107e-06,-0.0245205479452055,6.017426002909662e-08,-0.0243835616438355,1.105018229625229e-06,1,2,1,1,0
187,34,13:19:24,9,-0.0247945205479452,4968998.0,-0.0247260273972603,-0.0247945205479452,1.455123015249064e-06,-0.024931506849315,1.9693394191340717e-07,-0.0250684931506849,1.5426492116550226e-06,-0.0252054794520548,6.602757441374512e-07,-0.0253424657534245,3.336936237977177e-07,-0.0246575342465753,3.0524760996578107e-06,-0.0245205479452055,6.017426002909662e-08,-0.0243835616438355,1.105018229625229e-06,-0.0242465753424656,3.282232365223452e-08,-0.0241095890410959,2.7351936376862106e-08,1,2,1,1,0
188,34,13:19:27,9,-0.0247945205479452,4264831.0,-0.0247260273972603,-0.0247945205479452,1.613764246234864e-06,-0.024931506849315,5.306275657111248e-07,-0.0250684931506849,6.673872475954353e-07,-0.0252054794520548,4.978052420588903e-07,-0.0253424657534245,3.610455601745798e-07,-0.0246575342465753,6.564464730446904e-08,-0.0245205479452055,6.017426002909662e-08,-0.0243835616438355,1.105018229625229e-06,-0.0242465753424656,3.282232365223452e-08,-0.0241095890410959,2.7351936376862106e-08,2,2,1,1,0
189,34,13:19:30,9,-0.0246575342465753,3090209.0,-0.0245205479452054,-0.0246575342465753,2.4890262102944517e-06,-0.0247945205479452,1.635645795336354e-06,-0.024931506849315,3.665159474499522e-07,-0.0250684931506849,6.837984094215526e-07,-0.0252054794520548,5.087460166096352e-07,-0.0243835616438355,7.822653803782562e-07,-0.0242465753424656,3.282232365223452e-08,-0.0241095890410959,2.7351936376862106e-08,-0.023972602739726,5.853314384648491e-07,-0.023835616438356,3.5682789158526764e-06,1,2,1,1,0
190,34,13:19:33,9,-0.0246575342465753,811826.0,-0.0245205479452054,-0.0246575342465753,2.5492004703235483e-06,-0.0247945205479452,1.630175408060981e-06,-0.024931506849315,4.0480865837755926e-07,-0.0250684931506849,5.251571784357523e-07,-0.0252054794520548,5.087460166096352e-07,-0.0243835616438355,3.938678838268143e-07,-0.0242465753424656,3.063416874208556e-07,-0.0241095890410959,2.7351936376862106e-08,-0.023972602739726,5.853314384648491e-07,-0.023835616438356,3.5682789158526764e-06,2,1,1,1,0
191,34,13:19:36,9,-0.0243835616438355,1559376.0,-0.0245205479452054,-0.0246575342465753,2.264740332004182e-06,-0.0247945205479452,1.5152972752781606e-06,-0.024931506849315,3.336936237977177e-07,-0.0250684931506849,4.868644675081455e-07,-0.0252054794520548,5.087460166096352e-07,-0.0243835616438355,3.172824619716004e-07,-0.0242465753424656,3.063416874208556e-07,-0.0241095890410959,2.7351936376862106e-08,-0.023972602739726,5.853314384648491e-07,-0.023835616438356,3.5682789158526764e-06,2,1,1,1,0
192,34,13:19:39,9,-0.0242465753424656,797716.0,-0.0243150684931507,-0.0243835616438355,1.7177016044669402e-06,-0.0245205479452055,2.297562655656417e-07,-0.0246575342465753,2.6093747303526448e-06,-0.0247945205479452,1.5152972752781606e-06,-0.024931506849315,3.11812074696228e-07,-0.0242465753424656,6.126833748417112e-07,-0.0241095890410959,2.7351936376862106e-08,-0.023972602739726,5.853314384648491e-07,-0.023835616438356,3.5682789158526764e-06,-0.0236986301369863,2.1881549101489683e-08,1,1,1,1,0
193,34,13:19:42,9,-0.0242465753424656,1267875.0,-0.0241780821917808,-0.0242465753424656,7.65854218552139e-08,-0.0243835616438355,2.478085435743706e-06,-0.0245205479452055,1.3675968188431052e-07,-0.0246575342465753,2.412440788439237e-06,-0.0247945205479452,1.2253667496834223e-06,-0.0241095890410959,2.7351936376862106e-08,-0.023972602739726,6.072129875663387e-07,-0.023835616438356,3.5682789158526764e-06,-0.0236986301369863,2.1881549101489683e-08,-0.0235616438356164,3.1017095851361625e-06,1,1,1,0,0
194,34,13:19:45,9,-0.0243835616438355,3091236.0,-0.0242465753424658,-0.0243835616438355,1.6794088935393331e-06,-0.0245205479452055,1.859931673626623e-07,-0.0246575342465753,7.357670885375906e-06,-0.0247945205479452,1.2253667496834223e-06,-0.024931506849315,3.11812074696228e-07,-0.0241095890410959,1.0940774550744842e-08,-0.023972602739726,3.5010478562383493e-07,-0.023835616438356,3.6229827886064007e-06,-0.0236986301369863,2.1881549101489683e-08,-0.0235616438356164,3.1017095851361625e-06,1,1,1,0,0
195,34,13:19:48,9,-0.023972602739726,1595605.0,-0.0239041095890412,-0.023972602739726,2.0185729046124235e-06,-0.0241095890410959,1.0940774550744842e-08,-0.0242465753424656,3.282232365223453e-07,-0.0243835616438355,9.190250622625668e-07,-0.0245205479452055,2.1334510373952441e-07,-0.023835616438356,3.5956308522295383e-06,-0.0236986301369863,2.1881549101489683e-08,-0.0235616438356164,3.1017095851361625e-06,-0.0234246575342464,6.017426002909662e-08,-0.0232876712328767,1.050314356871505e-06,0,1,1,0,0
196,34,13:19:51,9,-0.023835616438356,4916361.0,-0.0239041095890412,-0.023972602739726,3.391640110730901e-07,-0.0241095890410959,1.9146355463803476e-07,-0.0242465753424656,5.1968679116038e-07,-0.0243835616438355,9.73728935016291e-07,-0.0245205479452055,2.1881549101489682e-07,-0.023835616438356,2.9884178646632e-06,-0.0236986301369863,2.1881549101489683e-08,-0.0235616438356164,3.1017095851361625e-06,-0.0234246575342464,6.017426002909662e-08,-0.0232876712328767,1.0229624204946427e-06,0,0,1,0,0
197,34,13:19:54,9,-0.0243835616438355,3875808.0,-0.0241095890410957,-0.0243835616438355,7.93206154929001e-07,-0.0245205479452055,2.2428587829026925e-07,-0.0246575342465753,1.92010593365572e-06,-0.0247945205479452,1.247248298784912e-06,-0.024931506849315,3.282232365223453e-07,-0.023835616438356,2.020159316922281e-06,-0.0236986301369863,4.759236929574006e-07,-0.0235616438356164,3.1017095851361625e-06,-0.0234246575342464,6.017426002909662e-08,-0.0232876712328767,1.0229624204946427e-06,1,1,1,0,0
198,34,13:19:57,9,-0.023835616438356,2230404.0,-0.0239041095890412,-0.023972602739726,9.299658368133117e-08,-0.0241095890410959,2.1881549101489683e-08,-0.0242465753424656,1.750523928119175e-07,-0.0243835616438355,1.4387118534229466e-06,-0.0245205479452055,2.2428587829026925e-07,-0.023835616438356,7.893221799634866e-07,-0.0236986301369863,6.509760857693181e-07,-0.0235616438356164,3.1017095851361625e-06,-0.0234246575342464,6.017426002909662e-08,-0.0232876712328767,1.0229624204946427e-06,1,0,1,0,0
199,34,13:20:00,9,-0.023972602739726,1047508.0,-0.0239041095890412,-0.023972602739726,1.1816036514804429e-06,-0.0241095890410959,2.7351936376862106e-08,-0.0242465753424656,2.680489764932487e-07,-0.0243835616438355,8.916731258857046e-07,-0.0245205479452055,2.2428587829026925e-07,-0.023835616438356,1.3834609419416852e-07,-0.0236986301369863,6.837984094215526e-07,-0.0235616438356164,3.1017095851361625e-06,-0.0234246575342464,6.017426002909662e-08,-0.0232876712328767,1.0229624204946427e-06,1,1,1,0,0
200,34,13:20:03,9,-0.0246575342465753,8653579.0,-0.0247260273972603,-0.0247945205479452,6.017426002909662e-08,-0.024931506849315,3.11812074696228e-07,-0.0250684931506849,4.649829184066558e-07,-0.0252054794520548,2.899305255947383e-07,-0.0253424657534245,4.704533056820282e-07,-0.0246575342465753,1.821638962699016e-06,-0.0243835616438355,4.9233485478351786e-08,-0.0242465753424656,1.4223006915968294e-06,-0.0236986301369863,4.884508798180034e-07,-0.0235616438356164,3.1017095851361625e-06,2,2,1,0,0
201,34,13:20:06,9,-0.0243835616438355,3253748.0,-0.0245205479452054,-0.0246575342465753,2.7351936376862106e-08,-0.024931506849315,3.11812074696228e-07,-0.0250684931506849,4.649829184066558e-07,-0.0252054794520548,2.899305255947383e-07,-0.0253424657534245,5.470387275372421e-07,-0.0243835616438355,3.282232365223452e-08,-0.0242465753424656,1.6958200553654504e-06,-0.0241095890410959,2.5163781466713136e-07,-0.023972602739726,4.3763098202979367e-08,-0.023835616438356,1.0940774550744842e-08,1,1,1,0,0
202,34,13:20:09,9,-0.0242465753424656,1951696.0,-0.0243150684931507,-0.0243835616438355,3.282232365223452e-08,-0.0245205479452055,1.0940774550744841e-07,-0.0246575342465753,8.205580913058631e-07,-0.024931506849315,3.11812074696228e-07,-0.0250684931506849,4.485717565805385e-07,-0.0242465753424656,3.11812074696228e-07,-0.0241095890410959,2.899305255947383e-07,-0.023972602739726,4.3763098202979367e-08,-0.023835616438356,1.0940774550744842e-08,-0.0236986301369863,1.0940774550744842e-08,1,1,1,0,0
203,34,13:20:12,9,-0.0243835616438355,769249.0,-0.0243150684931507,-0.0243835616438355,4.704533056820282e-07,-0.0245205479452055,1.1487813278282086e-07,-0.0246575342465753,5.634498893633593e-07,-0.0247945205479452,1.641116182611726e-08,-0.024931506849315,3.11812074696228e-07,-0.0242465753424656,9.299658368133117e-08,-0.0241095890410959,2.7351936376862104e-07,-0.023972602739726,5.470387275372421e-08,-0.023835616438356,2.1881549101489683e-08,-0.0236986301369863,1.0940774550744842e-08,1,1,1,0,0
204,34,13:20:15,9,-0.0242465753424656,1111197.0,-0.0241780821917808,-0.0242465753424656,1.641116182611726e-08,-0.0243835616438355,4.923348547835179e-07,-0.0245205479452055,1.2034852005819325e-07,-0.0246575342465753,1.0339031950453876e-06,-0.0247945205479452,1.641116182611726e-08,-0.0241095890410959,9.299658368133117e-08,-0.023972602739726,2.1881549101489682e-07,-0.023835616438356,2.1881549101489683e-08,-0.0236986301369863,6.564464730446904e-08,-0.0235616438356164,3.079828036034673e-06,1,1,1,0,0
205,34,13:20:18,9,-0.0241095890410959,933331.0,-0.0239041095890412,-0.0241095890410959,2.5163781466713136e-07,-0.0242465753424656,4.649829184066558e-07,-0.0243835616438355,9.299658368133117e-08,-0.0245205479452055,2.07874716464152e-07,-0.0246575342465753,9.35436224088684e-07,-0.0236986301369863,6.564464730446904e-08,-0.0235616438356164,3.0907688105854178e-06,-0.0234246575342464,1.2034852005819325e-07,-0.0232876712328767,1.1761332642050703e-06,-0.0231506849315068,1.750523928119175e-07,1,1,1,0,0
206,34,13:20:21,9,-0.0246575342465753,3304805.0,-0.0247260273972603,-0.0247945205479452,1.0940774550744842e-08,-0.024931506849315,2.954009128701107e-07,-0.0250684931506849,4.0480865837755926e-07,-0.0252054794520548,2.5710820194250377e-07,-0.0253424657534245,4.595125311312834e-07,-0.0246575342465753,5.579795020879869e-07,-0.0243835616438355,1.805227800872899e-07,-0.0242465753424656,5.470387275372421e-09,-0.023972602739726,1.0940774550744842e-08,-0.023835616438356,7.111503457984149e-08,2,2,1,0,0
207,34,13:20:24,9,-0.0243835616438355,961250.0,-0.0245205479452054,-0.0246575342465753,2.4616742739175896e-07,-0.0247945205479452,1.0940774550744842e-08,-0.024931506849315,2.680489764932487e-07,-0.0250684931506849,4.0480865837755926e-07,-0.0252054794520548,2.5710820194250377e-07,-0.0243835616438355,7.111503457984149e-08,-0.0242465753424656,8.697915767842149e-07,-0.0241095890410959,1.4223006915968298e-07,-0.023972602739726,1.0940774550744842e-08,-0.023835616438356,7.65854218552139e-08,1,1,1,0,0
208,34,13:20:27,9,-0.0242465753424656,968678.0,-0.0244520547945205,-0.0246575342465753,4.11373123108006e-06,-0.0247945205479452,1.0940774550744842e-08,-0.024931506849315,2.680489764932487e-07,-0.0250684931506849,4.0480865837755926e-07,-0.0252054794520548,2.5710820194250377e-07,-0.0242465753424656,3.008713001454831e-07,-0.0241095890410959,1.750523928119175e-07,-0.023972602739726,2.981361065077969e-06,-0.023835616438356,9.299658368133117e-08,-0.0236986301369863,3.5557517289920734e-07,1,1,1,0,0
209,34,13:20:30,9,-0.0242465753424656,519952.0,-0.0243150684931507,-0.0245205479452055,8.205580913058631e-08,-0.0246575342465753,4.288783623891978e-06,-0.0247945205479452,1.750523928119175e-07,-0.024931506849315,2.680489764932487e-07,-0.0250684931506849,4.0480865837755926e-07,-0.0241095890410959,2.297562655656417e-07,-0.023972602739726,2.981361065077969e-06,-0.023835616438356,9.299658368133117e-08,-0.0236986301369863,5.032756293342627e-07,-0.0235616438356164,2.882894094121266e-06,1,1,1,0,0
210,34,13:20:33,9,-0.0241095890410959,876033.0,-0.0240410958904109,-0.0241095890410959,1.0120216459438978e-06,-0.0245205479452055,1.9146355463803476e-07,-0.0246575342465753,4.649829184066558e-06,-0.0247945205479452,1.750523928119175e-07,-0.024931506849315,2.680489764932487e-07,-0.023972602739726,2.981361065077969e-06,-0.023835616438356,2.954009128701107e-07,-0.0236986301369863,5.142164038850075e-07,-0.0235616438356164,2.882894094121266e-06,-0.0234246575342464,1.2581890733356568e-07,1,1,1,0,0
211,34,13:20:36,9,-0.0241095890410959,1432070.0,-0.0240410958904109,-0.0241095890410959,1.1268997787267187e-06,-0.0242465753424656,9.299658368133117e-08,-0.0243835616438355,1.0940774550744842e-08,-0.0245205479452055,1.641116182611726e-08,-0.0246575342465753,5.049167455168744e-06,-0.023972602739726,2.286621881105672e-06,-0.023835616438356,2.954009128701107e-07,-0.0236986301369863,5.962722130155939e-07,-0.0235616438356164,2.882894094121266e-06,-0.0234246575342464,1.2581890733356568e-07,1,1,1,0,0
212,34,13:20:39,9,-0.0241095890410959,1980485.0,-0.0241780821917808,-0.0242465753424656,1.0940774550744841e-07,-0.0243835616438355,1.3675968188431052e-07,-0.0245205479452055,1.641116182611726e-08,-0.0246575342465753,4.545891825834482e-06,-0.0247945205479452,1.9146355463803476e-07,-0.0241095890410959,2.1881549101489683e-08,-0.023972602739726,2.2155068465258303e-06,-0.023835616438356,2.0240432918877963e-07,-0.0236986301369863,5.962722130155939e-07,-0.0235616438356164,3.0251241632809487e-06,1,1,0,0,0
213,34,13:20:42,9,-0.0242465753424656,1388869.0,-0.0243150684931507,-0.0243835616438355,1.641116182611726e-08,-0.0246575342465753,4.463836016703895e-06,-0.0247945205479452,1.9146355463803476e-07,-0.024931506849315,2.406970401163865e-07,-0.0250684931506849,4.212198202036764e-07,-0.0242465753424656,2.5163781466713136e-07,-0.0241095890410959,9.299658368133117e-08,-0.023972602739726,2.4562038866422168e-06,-0.023835616438356,2.0240432918877963e-07,-0.0236986301369863,6.126833748417112e-07,1,1,1,0,0
214,34,13:20:45,9,-0.0241095890410959,1709085.0,-0.0242465753424658,-0.0243835616438355,5.470387275372421e-09,-0.0245205479452055,1.0940774550744842e-08,-0.0246575342465753,4.294254011167351e-06,-0.0247945205479452,1.9146355463803476e-07,-0.024931506849315,2.406970401163865e-07,-0.0241095890410959,1.6958200553654506e-07,-0.023972602739726,2.4562038866422168e-06,-0.023835616438356,2.0240432918877963e-07,-0.0236986301369863,6.23624149392456e-07,-0.0235616438356164,3.019653776005576e-06,1,1,0,0,0
215,34,13:20:48,9,-0.0242465753424656,213698.0,-0.0243150684931507,-0.0243835616438355,8.479100276827252e-07,-0.0245205479452055,1.03937358232076e-07,-0.0246575342465753,4.469306403979268e-06,-0.0247945205479452,1.9146355463803476e-07,-0.024931506849315,2.406970401163865e-07,-0.0242465753424656,5.470387275372421e-08,-0.0241095890410959,1.3457152697416156e-06,-0.023972602739726,2.385088852062376e-06,-0.023835616438356,2.0240432918877963e-07,-0.0236986301369863,6.23624149392456e-07,1,1,0,0,0
216,34,13:20:51,9,-0.0242465753424656,2001718.0,-0.0241780821917808,-0.0242465753424656,4.9233485478351786e-08,-0.0243835616438355,1.028432807770015e-06,-0.0245205479452055,9.846697095670357e-08,-0.0246575342465753,4.398191369399426e-06,-0.0247945205479452,1.9146355463803476e-07,-0.0241095890410959,5.853314384648491e-07,-0.023972602739726,2.385088852062376e-06,-0.023835616438356,2.0240432918877963e-07,-0.0236986301369863,6.23624149392456e-07,-0.0235616438356164,3.019653776005576e-06,2,0,0,0,0
217,34,13:20:54,9,-0.0241095890410959,1111219.0,-0.0241780821917808,-0.0242465753424656,1.9146355463803476e-07,-0.0243835616438355,8.752619640595873e-07,-0.0245205479452055,1.2581890733356568e-07,-0.0246575342465753,3.7526856709054807e-06,-0.0247945205479452,1.9146355463803476e-07,-0.0241095890410959,1.132370166002091e-06,-0.023972602739726,2.434322337540728e-06,-0.023835616438356,2.07874716464152e-07,-0.0236986301369863,6.23624149392456e-07,-0.0235616438356164,3.0743576487593005e-06,1,0,0,0,0
218,34,13:20:57,9,-0.0242465753424656,1880605.0,-0.0243150684931507,-0.0243835616438355,7.439726694506492e-07,-0.0245205479452055,1.3128929460893809e-07,-0.0246575342465753,3.7855079945577153e-06,-0.0247945205479452,2.0240432918877963e-07,-0.024931506849315,2.5163781466713136e-07,-0.0242465753424656,1.750523928119175e-07,-0.0241095890410959,4.595125311312834e-07,-0.023972602739726,2.434322337540728e-06,-0.023835616438356,2.07874716464152e-07,-0.0236986301369863,6.23624149392456e-07,1,0,0,0,0
219,34,13:21:00,9,-0.0242465753424656,5913545.0,-0.0243150684931507,-0.0243835616438355,6.23624149392456e-07,-0.0245205479452055,2.406970401163865e-07,-0.0246575342465753,4.332546722094957e-06,-0.0247945205479452,2.0240432918877963e-07,-0.024931506849315,2.5163781466713136e-07,-0.0242465753424656,8.697915767842149e-07,-0.0241095890410959,1.1487813278282086e-07,-0.0236986301369863,1.2034852005819325e-07,-0.0235616438356164,3.079828036034673e-06,-0.0234246575342464,1.2581890733356568e-07,1,0,0,0,0
220,34,13:21:03,9,-0.0241095890410959,1574129.0,-0.0241780821917808,-0.0242465753424656,3.883974965514419e-07,-0.0243835616438355,3.391640110730901e-07,-0.0245205479452055,2.5163781466713136e-07,-0.0246575342465753,4.3380171093703295e-06,-0.0247945205479452,2.0240432918877963e-07,-0.0241095890410959,1.0940774550744841e-07,-0.023972602739726,5.470387275372421e-09,-0.0236986301369863,1.2034852005819325e-07,-0.0235616438356164,3.079828036034673e-06,-0.0234246575342464,1.2581890733356568e-07,0,0,0,0,0
221,34,13:21:06,9,-0.0236986301369863,6245306.0,-0.0236301369863013,-0.0236986301369863,2.844601383193659e-07,-0.0246575342465753,8.479100276827252e-07,-0.0247945205479452,2.297562655656417e-07,-0.024931506849315,2.5163781466713136e-07,-0.0250684931506849,4.15749432928304e-07,-0.0235616438356164,3.079828036034673e-06,-0.0234246575342464,1.2581890733356568e-07,-0.0232876712328767,1.4770045643505535e-06,-0.0231506849315068,1.6958200553654506e-07,-0.023013698630137,2.8227198340921693e-06,0,0,0,0,0
222,34,13:21:09,9,-0.0242465753424656,733919.0,-0.0239041095890412,-0.0242465753424656,1.3128929460893809e-07,-0.0243835616438355,4.9233485478351786e-08,-0.0245205479452055,3.8292710927606954e-08,-0.0246575342465753,9.846697095670358e-07,-0.0247945205479452,2.297562655656417e-07,-0.0235616438356164,3.079828036034673e-06,-0.0234246575342464,1.2581890733356568e-07,-0.0232876712328767,1.4770045643505535e-06,-0.0231506849315068,1.6958200553654506e-07,-0.023013698630137,2.8227198340921693e-06,0,0,0,0,0
223,34,13:21:12,9,-0.0242465753424656,512867.0,-0.0239041095890412,-0.023972602739726,2.7351936376862104e-07,-0.0242465753424656,8.096173167551183e-07,-0.0243835616438355,1.2034852005819325e-07,-0.0245205479452055,4.9233485478351786e-08,-0.0246575342465753,8.862027386103322e-07,-0.023835616438356,5.470387275372421e-09,-0.0236986301369863,3.172824619716004e-07,-0.0235616438356164,3.2548804288465905e-06,-0.0234246575342464,1.750523928119175e-07,-0.0232876712328767,1.4770045643505535e-06,0,0,0,0,0
224,34,13:21:15,9,-0.0246575342465753,3119451.0,-0.0247260273972603,-0.0247945205479452,2.297562655656417e-07,-0.024931506849315,2.5163781466713136e-07,-0.0250684931506849,4.0480865837755926e-07,-0.0252054794520548,1.4770045643505538e-07,-0.0253424657534245,4.102790456529316e-07,-0.0246575342465753,7.828124191057933e-06,-0.0242465753424656,1.0940774550744842e-08,-0.0241095890410959,5.470387275372421e-09,-0.023972602739726,2.7351936376862106e-08,-0.023835616438356,2.7898975104399344e-07,1,0,0,0,0
225,34,13:21:18,9,-0.0246575342465753,1345584.0,-0.0247260273972603,-0.0247945205479452,3.719863347253246e-07,-0.024931506849315,2.5163781466713136e-07,-0.0250684931506849,4.649829184066558e-07,-0.0252054794520548,1.4770045643505538e-07,-0.0253424657534245,4.102790456529316e-07,-0.0246575342465753,7.653071798246017e-06,-0.0245205479452055,3.063416874208556e-07,-0.0243835616438355,5.470387275372421e-09,-0.0242465753424656,1.0940774550744842e-08,-0.0241095890410959,5.470387275372421e-09,1,0,0,0,0
226,34,13:21:21,9,-0.0246575342465753,1708799.0,-0.0247260273972603,-0.0247945205479452,5.470387275372421e-08,-0.024931506849315,6.837984094215526e-07,-0.0250684931506849,4.649829184066558e-07,-0.0252054794520548,1.2581890733356568e-07,-0.0253424657534245,4.102790456529316e-07,-0.0246575342465753,6.71216518688196e-06,-0.0245205479452055,3.063416874208556e-07,-0.0243835616438355,1.03937358232076e-07,-0.0242465753424656,1.0940774550744842e-08,-0.0241095890410959,1.859931673626623e-07,1,0,0,0,0
227,34,13:21:24,9,-0.0246575342465753,441414.0,-0.02486301369863,-0.024931506849315,3.5010478562383493e-07,-0.0250684931506849,4.649829184066558e-07,-0.0252054794520548,1.2581890733356568e-07,-0.0253424657534245,4.102790456529316e-07,-0.0254794520547945,1.2581890733356568e-07,-0.0247945205479452,1.0940774550744842e-08,-0.0246575342465753,6.608227828649885e-06,-0.0245205479452055,3.063416874208556e-07,-0.0243835616438355,1.6958200553654506e-07,-0.0242465753424656,1.0940774550744842e-08,1,0,0,0,0
228,34,13:21:27,9,-0.0247945205479452,313259.0,-0.02486301369863,-0.024931506849315,8.205580913058631e-07,-0.0250684931506849,4.649829184066558e-07,-0.0252054794520548,1.2581890733356568e-07,-0.0253424657534245,4.102790456529316e-07,-0.0254794520547945,1.2581890733356568e-07,-0.0247945205479452,1.750523928119175e-07,-0.0246575342465753,6.5699351177222775e-06,-0.0245205479452055,3.063416874208556e-07,-0.0243835616438355,1.6958200553654506e-07,-0.0242465753424656,1.0940774550744842e-08,1,0,0,0,0
229,34,13:21:30,9,-0.024931506849315,1331196.0,-0.02486301369863,-0.024931506849315,6.400353112185732e-07,-0.0250684931506849,4.649829184066558e-07,-0.0252054794520548,1.2581890733356568e-07,-0.0253424657534245,4.102790456529316e-07,-0.0254794520547945,1.2581890733356568e-07,-0.0247945205479452,5.470387275372421e-09,-0.0246575342465753,6.307356528504401e-06,-0.0245205479452055,3.063416874208556e-07,-0.0243835616438355,1.6958200553654506e-07,-0.0242465753424656,1.0940774550744842e-08,1,0,0,0,0
230,34,13:21:33,9,-0.0247945205479452,1587461.0,-0.02486301369863,-0.024931506849315,1.0940774550744842e-08,-0.0250684931506849,4.704533056820282e-07,-0.0252054794520548,1.2581890733356568e-07,-0.0253424657534245,4.102790456529316e-07,-0.0254794520547945,1.2581890733356568e-07,-0.0247945205479452,1.4004191424953395e-06,-0.0246575342465753,6.039307552011152e-06,-0.0245205479452055,3.063416874208556e-07,-0.0243835616438355,1.6958200553654506e-07,-0.0242465753424656,4.3763098202979367e-08,0,0,0,0,0
231,34,13:21:36,9,-0.0246575342465753,3851422.0,-0.02486301369863,-0.0250684931506849,3.172824619716004e-07,-0.0252054794520548,1.2581890733356568e-07,-0.0253424657534245,4.102790456529316e-07,-0.0254794520547945,1.2581890733356568e-07,-0.0256164383561644,3.77456722000697e-07,-0.0246575342465753,5.158575200676193e-06,-0.0245205479452055,3.063416874208556e-07,-0.0243835616438355,1.6958200553654506e-07,-0.0242465753424656,4.3763098202979367e-08,-0.0241095890410959,1.859931673626623e-07,0,0,0,0,0
232,34,13:21:39,9,-0.0250684931506849,1551491.0,-0.0252054794520548,-0.0253424657534245,3.336936237977177e-07,-0.0254794520547945,1.2581890733356568e-07,-0.0256164383561644,3.77456722000697e-07,-0.025890410958904,1.2581890733356568e-07,-0.026027397260274,1.4223006915968294e-06,-0.0250684931506849,4.753766542298633e-06,-0.024931506849315,2.844601383193659e-07,-0.0247945205479452,1.105018229625229e-06,-0.0246575342465753,5.0984009406470965e-06,-0.0245205479452055,4.102790456529316e-07,0,0,0,0,0
233,34,13:21:42,9,-0.0250684931506849,903638.0,-0.0252054794520548,-0.0253424657534245,1.0940774550744842e-08,-0.0254794520547945,1.2034852005819325e-07,-0.0256164383561644,4.3216059475442123e-07,-0.025890410958904,1.2581890733356568e-07,-0.026027397260274,1.4113599170460849e-06,-0.0250684931506849,4.950700484212041e-06,-0.024931506849315,7.385022821752768e-07,-0.0247945205479452,1.701290442640823e-06,-0.0246575342465753,4.748296155023261e-06,-0.0243835616438355,1.6958200553654506e-07,0,0,0,0,0
234,34,13:21:45,9,-0.0250684931506849,434082.0,-0.0252739726027396,-0.0254794520547945,2.406970401163865e-07,-0.0256164383561644,4.3216059475442123e-07,-0.025890410958904,1.2581890733356568e-07,-0.026027397260274,8.697915767842149e-07,-0.0261643835616437,1.531708437104278e-07,-0.0250684931506849,5.060108229719489e-06,-0.024931506849315,6.072129875663387e-07,-0.0247945205479452,1.701290442640823e-06,-0.0246575342465753,4.759236929574006e-06,-0.0243835616438355,1.6958200553654506e-07,0,0,0,0,0
235,34,13:21:48,9,-0.0253424657534245,270405.0,-0.0254109589041094,-0.0254794520547945,2.352266528410141e-07,-0.0256164383561644,4.3216059475442123e-07,-0.025890410958904,1.2581890733356568e-07,-0.026027397260274,8.697915767842149e-07,-0.0261643835616437,1.531708437104278e-07,-0.0253424657534245,1.4770045643505538e-07,-0.0250684931506849,6.001014841083546e-06,-0.024931506849315,6.126833748417112e-07,-0.0247945205479452,6.072129875663387e-07,-0.0246575342465753,4.759236929574006e-06,0,0,0,0,0
236,34,13:21:51,9,-0.0254794520547945,1372963.0,-0.0255479452054795,-0.0256164383561644,1.586412309858002e-07,-0.025890410958904,1.2581890733356568e-07,-0.026027397260274,8.697915767842149e-07,-0.0261643835616437,1.531708437104278e-07,-0.0263013698630136,2.5163781466713136e-07,-0.0254794520547945,1.0940774550744841e-07,-0.0253424657534245,8.533804149580977e-07,-0.0252054794520548,1.531708437104278e-07,-0.0250684931506849,6.001014841083546e-06,-0.024931506849315,5.142164038850075e-07,0,0,0,0,0
237,34,13:21:54,9,-0.0254794520547945,590421.0,-0.0257534246575341,-0.025890410958904,1.2581890733356568e-07,-0.026027397260274,9.901400968424082e-07,-0.0261643835616437,1.531708437104278e-07,-0.0263013698630136,2.5163781466713136e-07,-0.0264383561643836,2.7898975104399344e-07,-0.0256164383561644,1.586412309858002e-07,-0.0254794520547945,3.2275284924697285e-07,-0.0253424657534245,1.2581890733356569e-06,-0.0252054794520548,1.531708437104278e-07,-0.0250684931506849,5.470387275372421e-06,1,1,0,0,1
238,34,13:21:57,9,-0.0256164383561644,1237441.0,-0.0258219178082192,-0.026027397260274,9.846697095670358e-07,-0.0261643835616437,1.531708437104278e-07,-0.0263013698630136,2.5163781466713136e-07,-0.0264383561643836,2.7898975104399344e-07,-0.0265753424657534,6.017426002909662e-08,-0.0256164383561644,1.4223006915968298e-07,-0.0254794520547945,6.947391839722974e-07,-0.0253424657534245,1.4770045643505535e-06,-0.0252054794520548,1.531708437104278e-07,-0.0250684931506849,5.207808686154544e-06,0,1,0,0,1
239,34,13:22:00,9,-0.026027397260274,1386974.0,-0.0259589041095892,-0.026027397260274,1.1542517151035809e-06,-0.0261643835616437,1.531708437104278e-07,-0.0263013698630136,2.5163781466713136e-07,-0.0264383561643836,2.7898975104399344e-07,-0.0265753424657534,6.017426002909662e-08,-0.025890410958904,7.330318948999044e-07,-0.0256164383561644,2.7351936376862106e-08,-0.0254794520547945,5.634498893633593e-07,-0.0253424657534245,1.586412309858002e-06,-0.0252054794520548,1.586412309858002e-07,1,1,0,0,1
240,34,13:22:03,9,-0.026027397260274,1521613.0,-0.0259589041095892,-0.026027397260274,1.6958200553654506e-07,-0.0261643835616437,1.531708437104278e-07,-0.0263013698630136,2.5163781466713136e-07,-0.0264383561643836,2.7898975104399344e-07,-0.0265753424657534,6.017426002909662e-08,-0.025890410958904,3.5557517289920734e-07,-0.0257534246575341,6.017426002909662e-08,-0.0256164383561644,4.9233485478351786e-08,-0.0254794520547945,6.783280221461801e-07,-0.0253424657534245,1.37853759339385e-06,1,1,0,0,0
241,34,13:22:06,9,-0.0261643835616437,796329.0,-0.0262328767123286,-0.0263013698630136,2.5163781466713136e-07,-0.0264383561643836,2.7898975104399344e-07,-0.0265753424657534,6.017426002909662e-08,-0.0267123287671233,1.4770045643505538e-07,-0.026986301369863,3.993382711021867e-07,-0.0261643835616437,3.282232365223452e-08,-0.026027397260274,4.0480865837755926e-07,-0.025890410958904,1.586412309858002e-07,-0.0257534246575341,6.017426002909662e-08,-0.0256164383561644,6.017426002909662e-08,1,0,0,0,0
242,34,13:22:09,9,-0.0254794520547945,2304103.0,-0.0260958904109589,-0.0261643835616437,4.9233485478351786e-08,-0.0263013698630136,2.5710820194250377e-07,-0.0264383561643836,2.7898975104399344e-07,-0.0265753424657534,6.017426002909662e-08,-0.0267123287671233,1.4770045643505538e-07,-0.026027397260274,1.4223006915968298e-07,-0.0254794520547945,1.6958200553654506e-07,-0.0253424657534245,1.2417779115095396e-06,-0.0252054794520548,2.0240432918877963e-07,-0.0250684931506849,5.17498636250231e-06,1,0,0,0,0
243,34,13:22:12,9,-0.0263013698630136,909826.0,-0.0263698630136988,-0.0264383561643836,4.781118478675495e-06,-0.0265753424657534,6.017426002909662e-08,-0.0267123287671233,1.4770045643505538e-07,-0.026986301369863,3.993382711021867e-07,-0.0271232876712329,2.7351936376862106e-08,-0.0263013698630136,1.531708437104278e-07,-0.0261643835616437,3.4463439834846253e-07,-0.026027397260274,2.297562655656417e-07,-0.0256164383561644,2.7351936376862106e-08,-0.0254794520547945,1.6958200553654506e-07,1,0,0,0,1
244,34,13:22:15,9,-0.0261643835616437,561524.0,-0.0263698630136988,-0.0264383561643836,4.710003444095655e-06,-0.0265753424657534,6.017426002909662e-08,-0.0267123287671233,1.4770045643505538e-07,-0.026986301369863,3.993382711021867e-07,-0.0271232876712329,2.7351936376862106e-08,-0.0263013698630136,1.0940774550744842e-08,-0.0261643835616437,4.868644675081455e-07,-0.026027397260274,2.6257858921787617e-07,-0.0256164383561644,2.7351936376862106e-08,-0.0254794520547945,1.6958200553654506e-07,1,0,0,0,1
245,34,13:22:18,9,-0.0264383561643836,71075.0,-0.0263698630136988,-0.0264383561643836,4.688121894994164e-06,-0.0265753424657534,1.3675968188431052e-07,-0.0267123287671233,2.2428587829026925e-07,-0.026986301369863,3.993382711021867e-07,-0.0271232876712329,2.7351936376862106e-08,-0.0263013698630136,1.4770045643505538e-07,-0.0261643835616437,5.689202766387318e-07,-0.026027397260274,2.6257858921787617e-07,-0.0256164383561644,2.7351936376862106e-08,-0.0254794520547945,1.6958200553654506e-07,1,0,0,1,1
246,34,13:22:21,9,-0.0264383561643836,1322064.0,-0.0263013698630136,-0.0264383561643836,4.261431687515116e-06,-0.0265753424657534,1.3675968188431052e-07,-0.0267123287671233,2.2428587829026925e-07,-0.026986301369863,3.993382711021867e-07,-0.0271232876712329,2.7351936376862106e-08,-0.0261643835616437,2.7898975104399344e-07,-0.026027397260274,2.6257858921787617e-07,-0.0256164383561644,2.7351936376862106e-08,-0.0254794520547945,1.750523928119175e-07,-0.0253424657534245,1.2308371369587949e-06,0,0,0,0,1
247,34,13:22:24,9,-0.0263013698630136,1080605.0,-0.0262328767123286,-0.0263013698630136,1.9693394191340717e-07,-0.0264383561643836,4.250490912964371e-06,-0.0265753424657534,1.3675968188431052e-07,-0.0267123287671233,2.2428587829026925e-07,-0.026986301369863,3.993382711021867e-07,-0.0261643835616437,3.282232365223452e-08,-0.026027397260274,5.470387275372421e-09,-0.0256164383561644,2.7351936376862106e-08,-0.0254794520547945,1.805227800872899e-07,-0.0253424657534245,1.2308371369587949e-06,0,0,0,0,1
248,34,13:22:27,9,-0.0263013698630136,191928.0,-0.0262328767123286,-0.0263013698630136,1.750523928119175e-07,-0.0264383561643836,4.31613556026884e-06,-0.0265753424657534,1.531708437104278e-07,-0.0267123287671233,1.9693394191340717e-07,-0.026986301369863,5.087460166096352e-07,-0.0261643835616437,3.282232365223452e-08,-0.025890410958904,1.0940774550744842e-08,-0.0256164383561644,2.7351936376862106e-08,-0.0254794520547945,1.805227800872899e-07,-0.0253424657534245,1.2308371369587949e-06,0,0,0,1,1
249,34,13:22:30,9,-0.0263013698630136,4250211.0,-0.0261643835616437,-0.0263013698630136,7.65854218552139e-08,-0.0264383561643836,1.794287026322154e-06,-0.0265753424657534,1.531708437104278e-07,-0.0267123287671233,1.9693394191340717e-07,-0.026986301369863,5.087460166096352e-07,-0.026027397260274,9.791993222916633e-07,-0.025890410958904,7.111503457984149e-08,-0.0256164383561644,8.205580913058631e-08,-0.0254794520547945,1.805227800872899e-07,-0.0253424657534245,1.2308371369587949e-06,0,0,0,1,0
250,34,13:22:33,9,-0.0261643835616437,852905.0,-0.0262328767123286,-0.0263013698630136,1.641116182611726e-08,-0.0264383561643836,1.455123015249064e-06,-0.0265753424657534,1.531708437104278e-07,-0.0267123287671233,1.9693394191340717e-07,-0.026986301369863,5.1968679116038e-07,-0.0261643835616437,3.336936237977177e-07,-0.026027397260274,1.0174920332192704e-06,-0.025890410958904,2.352266528410141e-07,-0.0256164383561644,8.205580913058631e-08,-0.0254794520547945,1.9146355463803476e-07,0,0,0,1,0
251,34,13:22:36,9,-0.026986301369863,3389686.0,-0.0268493150684933,-0.026986301369863,4.978052420588903e-07,-0.0271232876712329,5.470387275372421e-07,-0.0272602739726026,1.5043565007274155e-06,-0.0273972602739726,5.010874744241137e-06,-0.0275342465753425,4.704533056820282e-07,-0.0267123287671233,8.533804149580977e-07,-0.0264383561643836,1.531708437104278e-07,-0.0263013698630136,3.172824619716004e-07,-0.0261643835616437,3.77456722000697e-07,-0.026027397260274,1.028432807770015e-06,1,0,0,1,1
252,34,13:22:39,9,-0.026986301369863,895011.0,-0.0270547945205478,-0.0271232876712329,5.415683402618696e-07,-0.0272602739726026,1.5043565007274155e-06,-0.0273972602739726,5.01634513151651e-06,-0.0275342465753425,4.704533056820282e-07,-0.0276712328767122,4.15749432928304e-07,-0.026986301369863,1.0940774550744842e-08,-0.0267123287671233,7.603838312767665e-07,-0.0265753424657534,2.07874716464152e-07,-0.0264383561643836,1.586412309858002e-07,-0.0263013698630136,6.072129875663387e-07,1,0,1,1,1
253,34,13:22:42,9,-0.026986301369863,1441714.0,-0.0270547945205478,-0.0271232876712329,1.0940774550744842e-08,-0.0272602739726026,1.2308371369587949e-06,-0.0273972602739726,5.01634513151651e-06,-0.0275342465753425,4.704533056820282e-07,-0.0276712328767122,4.15749432928304e-07,-0.026986301369863,2.954009128701107e-07,-0.026849315068493,1.4770045643505538e-07,-0.0267123287671233,7.65854218552139e-07,-0.0265753424657534,2.07874716464152e-07,-0.0264383561643836,1.586412309858002e-07,1,0,1,1,1
254,34,13:22:45,9,-0.0271232876712329,241461.0,-0.0271917808219177,-0.0272602739726026,1.143310940552836e-06,-0.0273972602739726,5.158575200676193e-06,-0.0275342465753425,4.704533056820282e-07,-0.0276712328767122,4.15749432928304e-07,-0.0278082191780821,2.718782475860093e-06,-0.0271232876712329,2.1881549101489683e-08,-0.026986301369863,2.5163781466713136e-07,-0.026849315068493,1.4770045643505538e-07,-0.0267123287671233,7.65854218552139e-07,-0.0265753424657534,2.07874716464152e-07,1,0,1,1,1
255,34,13:22:48,9,-0.0272602739726026,1690154.0,-0.0271917808219177,-0.0272602739726026,5.634498893633593e-07,-0.0273972602739726,5.164045587951566e-06,-0.0275342465753425,4.704533056820282e-07,-0.0276712328767122,4.15749432928304e-07,-0.0278082191780821,2.718782475860093e-06,-0.0271232876712329,6.947391839722974e-07,-0.026986301369863,3.172824619716004e-07,-0.026849315068493,4.212198202036764e-07,-0.0267123287671233,7.65854218552139e-07,-0.0264383561643836,3.77456722000697e-07,1,0,1,1,1
256,34,13:22:51,9,-0.0272602739726026,4026105.0,-0.0273287671232876,-0.0273972602739726,3.8566230291375565e-06,-0.0275342465753425,4.704533056820282e-07,-0.0276712328767122,4.15749432928304e-07,-0.0278082191780821,2.718782475860093e-06,-0.0279452054794521,3.77456722000697e-07,-0.0272602739726026,2.680489764932487e-07,-0.0271232876712329,4.649829184066558e-07,-0.026986301369863,3.719863347253246e-07,-0.026849315068493,4.212198202036764e-07,-0.0267123287671233,7.767949931028838e-07,1,1,1,1,1
257,34,13:22:54,9,-0.0272602739726026,837865.0,-0.0273287671232876,-0.0273972602739726,3.544810954441329e-06,-0.0275342465753425,4.704533056820282e-07,-0.0276712328767122,4.212198202036764e-07,-0.0278082191780821,2.718782475860093e-06,-0.0279452054794521,3.77456722000697e-07,-0.0272602739726026,9.682585477409186e-07,-0.0271232876712329,4.3216059475442123e-07,-0.026986301369863,3.719863347253246e-07,-0.026849315068493,4.212198202036764e-07,-0.0267123287671233,8.314988658566079e-07,1,0,1,1,1
258,34,13:22:57,9,-0.0275342465753425,5168759.0,-0.0274657534246575,-0.0275342465753425,1.3128929460893809e-07,-0.0276712328767122,4.212198202036764e-07,-0.0278082191780821,2.718782475860093e-06,-0.0279452054794521,3.77456722000697e-07,-0.0280821917808218,2.899305255947383e-07,-0.0273972602739726,1.9693394191340717e-07,-0.0272602739726026,9.080842877118218e-07,-0.0271232876712329,4.649829184066558e-07,-0.026986301369863,3.719863347253246e-07,-0.026849315068493,4.212198202036764e-07,1,0,1,1,1
259,34,13:23:00,9,-0.0273972602739726,1931254.0,-0.0273287671232876,-0.0273972602739726,9.299658368133117e-08,-0.0275342465753425,1.4770045643505538e-07,-0.0276712328767122,4.212198202036764e-07,-0.0278082191780821,2.7133120885847205e-06,-0.0279452054794521,3.77456722000697e-07,-0.0272602739726026,7.54913444001394e-07,-0.0271232876712329,5.032756293342627e-07,-0.026986301369863,3.77456722000697e-07,-0.026849315068493,2.7351936376862104e-07,-0.0267123287671233,8.424396404073528e-07,1,0,1,1,1
260,34,13:23:03,9,-0.0273972602739726,844903.0,-0.0274657534246575,-0.0275342465753425,5.470387275372421e-08,-0.0276712328767122,4.212198202036764e-07,-0.0278082191780821,2.7133120885847205e-06,-0.0279452054794521,3.77456722000697e-07,-0.0280821917808218,2.899305255947383e-07,-0.0273972602739726,3.336936237977177e-07,-0.0272602739726026,5.853314384648491e-07,-0.0271232876712329,5.032756293342627e-07,-0.026986301369863,3.282232365223453e-07,-0.026849315068493,2.7351936376862104e-07,1,1,1,1,1
261,34,13:23:06,9,-0.0275342465753425,574997.0,-0.0276027397260274,-0.0276712328767122,1.750523928119175e-07,-0.0278082191780821,2.7133120885847205e-06,-0.0279452054794521,3.77456722000697e-07,-0.0280821917808218,2.899305255947383e-07,-0.0284931506849315,2.1881549101489683e-08,-0.0275342465753425,6.564464730446905e-07,-0.0273972602739726,3.77456722000697e-07,-0.0272602739726026,7.822653803782562e-07,-0.0271232876712329,5.032756293342627e-07,-0.026986301369863,3.282232365223453e-07,1,0,1,1,1
262,34,13:23:09,9,-0.0275342465753425,1412441.0,-0.0276712328767124,-0.0278082191780821,2.106099101018382e-06,-0.0279452054794521,3.77456722000697e-07,-0.0280821917808218,2.899305255947383e-07,-0.0284931506849315,2.1881549101489683e-08,-0.0286301369863014,7.166207330737871e-07,-0.0275342465753425,5.1968679116038e-07,-0.0273972602739726,1.028432807770015e-06,-0.0272602739726026,7.822653803782562e-07,-0.0271232876712329,4.978052420588903e-07,-0.026986301369863,1.6411161826117265e-07,1,1,1,1,1
263,34,13:23:12,9,-0.0275342465753425,688449.0,-0.0276712328767124,-0.0278082191780821,1.706760829916195e-06,-0.0279452054794521,3.77456722000697e-07,-0.0280821917808218,2.899305255947383e-07,-0.0284931506849315,2.1881549101489683e-08,-0.0286301369863014,7.166207330737871e-07,-0.0275342465753425,1.5371788243796505e-06,-0.0273972602739726,1.2198963624080498e-06,-0.0272602739726026,6.783280221461801e-07,-0.0271232876712329,4.978052420588903e-07,-0.026986301369863,1.6411161826117265e-07,0,1,1,1,1
264,34,13:23:15,9,-0.0278082191780821,1383928.0,-0.0277397260273973,-0.0278082191780821,6.947391839722974e-07,-0.0279452054794521,3.77456722000697e-07,-0.0280821917808218,2.899305255947383e-07,-0.0284931506849315,2.1881549101489683e-08,-0.0286301369863014,6.837984094215526e-07,-0.0276712328767122,3.4463439834846253e-07,-0.0275342465753425,1.6575273444378435e-06,-0.0273972602739726,1.208955587857305e-06,-0.0272602739726026,6.783280221461801e-07,-0.0271232876712329,4.978052420588903e-07,0,1,1,1,1
265,34,13:23:18,9,-0.0278082191780821,958136.0,-0.0277397260273973,-0.0278082191780821,1.9693394191340717e-07,-0.0279452054794521,3.610455601745798e-07,-0.0280821917808218,2.899305255947383e-07,-0.0284931506849315,2.1881549101489683e-08,-0.0286301369863014,6.837984094215526e-07,-0.0276712328767122,3.282232365223453e-07,-0.0275342465753425,2.8664829322951485e-06,-0.0273972602739726,1.312892946089381e-06,-0.0272602739726026,6.181537621170835e-07,-0.0271232876712329,4.978052420588903e-07,1,1,1,1,1
266,34,13:23:21,9,-0.0275342465753425,2299686.0,-0.0276027397260274,-0.0276712328767122,2.1881549101489683e-08,-0.0279452054794521,2.1881549101489683e-08,-0.0280821917808218,2.899305255947383e-07,-0.0284931506849315,1.1159590041759738e-06,-0.0286301369863014,6.837984094215526e-07,-0.0275342465753425,2.2811514938303e-06,-0.0273972602739726,1.312892946089381e-06,-0.0272602739726026,6.181537621170835e-07,-0.0271232876712329,4.978052420588903e-07,-0.026986301369863,1.6411161826117265e-07,0,1,1,1,1
267,34,13:23:24,9,-0.0279452054794521,298085.0,-0.028013698630137,-0.0280821917808218,2.899305255947383e-07,-0.0284931506849315,1.1159590041759738e-06,-0.0286301369863014,6.837984094215526e-07,-0.0287671232876711,2.6257858921787617e-07,-0.0289041095890411,2.899305255947383e-07,-0.0279452054794521,2.7351936376862106e-08,-0.0278082191780821,2.5710820194250377e-07,-0.0276712328767122,4.9233485478351786e-08,-0.0275342465753425,2.2756811065549272e-06,-0.0273972602739726,1.416830304321457e-06,1,1,1,1,1
268,34,13:23:27,9,-0.0280821917808218,638570.0,-0.0282876712328766,-0.0284931506849315,1.1159590041759738e-06,-0.0286301369863014,7.111503457984147e-07,-0.0287671232876711,3.172824619716004e-07,-0.0289041095890411,2.899305255947383e-07,-0.029041095890411,9.573177731901736e-07,-0.0280821917808218,3.391640110730901e-07,-0.0278082191780821,3.993382711021867e-07,-0.0276712328767122,8.752619640595873e-08,-0.0275342465753425,2.2756811065549272e-06,-0.0273972602739726,9.190250622625668e-07,1,2,2,2,1
269,34,13:23:30,9,-0.0280821917808218,1078504.0,-0.0282876712328766,-0.0284931506849315,1.028432807770015e-06,-0.0286301369863014,7.111503457984147e-07,-0.0287671232876711,3.11812074696228e-07,-0.0289041095890411,2.899305255947383e-07,-0.029041095890411,9.518473859148012e-07,-0.0280821917808218,1.0940774550744841e-07,-0.0279452054794521,8.205580913058631e-08,-0.0278082191780821,8.205580913058631e-08,-0.0276712328767122,5.306275657111248e-07,-0.0275342465753425,2.0732767773661474e-06,2,1,2,1,1
270,34,13:23:33,9,-0.0276712328767122,1880652.0,-0.0276027397260274,-0.0276712328767122,1.4496526279736915e-06,-0.0280821917808218,1.0940774550744842e-08,-0.0284931506849315,1.1761332642050703e-06,-0.0286301369863014,7.111503457984147e-07,-0.0287671232876711,3.391640110730901e-07,-0.0275342465753425,2.0732767773661474e-06,-0.0273972602739726,8.369692531319804e-07,-0.0272602739726026,3.008713001454831e-07,-0.0271232876712329,4.81394080232773e-07,-0.026986301369863,1.3675968188431052e-07,1,1,1,1,1
271,34,13:23:36,9,-0.0283561643835615,1944837.0,-0.0282191780821917,-0.0283561643835615,5.470387275372421e-09,-0.0284931506849315,1.1651924896543256e-06,-0.0286301369863014,7.111503457984147e-07,-0.0287671232876711,3.391640110730901e-07,-0.0289041095890411,2.899305255947383e-07,-0.0280821917808218,1.9693394191340717e-07,-0.0278082191780821,8.752619640595873e-08,-0.0275342465753425,2.193625297424341e-06,-0.0273972602739726,8.697915767842149e-07,-0.0272602739726026,2.954009128701107e-07,2,2,2,1,1
272,34,13:23:39,9,-0.0275342465753425,2157666.0,-0.0280136986301368,-0.0283561643835615,3.8292710927606954e-08,-0.0284931506849315,2.8883644813966384e-06,-0.0286301369863014,7.111503457984147e-07,-0.0287671232876711,3.391640110730901e-07,-0.0289041095890411,2.899305255947383e-07,-0.0276712328767122,5.470387275372421e-09,-0.0275342465753425,9.190250622625668e-07,-0.0273972602739726,5.798610511894766e-07,-0.0272602739726026,2.954009128701107e-07,-0.0271232876712329,4.81394080232773e-07,1,1,2,1,1
273,34,13:23:42,9,-0.0280821917808218,63845.0,-0.027876712328767,-0.0280821917808218,3.008713001454831e-07,-0.0283561643835615,3.719863347253246e-07,-0.0284931506849315,2.8883644813966384e-06,-0.0286301369863014,7.27561507624532e-07,-0.0287671232876711,3.4463439834846253e-07,-0.0276712328767122,8.752619640595873e-08,-0.0275342465753425,8.862027386103322e-07,-0.0273972602739726,5.798610511894766e-07,-0.0272602739726026,2.954009128701107e-07,-0.0271232876712329,4.81394080232773e-07,1,1,1,1,1
274,34,13:23:45,9,-0.0272602739726026,2548571.0,-0.0273287671232876,-0.0273972602739726,1.0120216459438978e-06,-0.0276712328767122,5.470387275372421e-09,-0.0279452054794521,2.680489764932487e-07,-0.0280821917808218,6.564464730446905e-07,-0.0283561643835615,4.2669020747904883e-07,-0.0272602739726026,2.352266528410141e-07,-0.0271232876712329,4.81394080232773e-07,-0.026986301369863,1.3675968188431052e-07,-0.0267123287671233,8.314988658566079e-07,-0.0264383561643836,2.297562655656417e-07,1,0,1,1,1
275,34,13:23:48,9,-0.0273972602739726,773902.0,-0.0273287671232876,-0.0273972602739726,4.540421438559109e-07,-0.0275342465753425,1.0940774550744842e-08,-0.0276712328767122,5.470387275372421e-09,-0.0278082191780821,8.752619640595873e-08,-0.0279452054794521,2.680489764932487e-07,-0.0272602739726026,1.6082938589594917e-06,-0.0271232876712329,3.610455601745798e-07,-0.026986301369863,1.3675968188431052e-07,-0.0267123287671233,8.314988658566079e-07,-0.0264383561643836,2.297562655656417e-07,1,1,1,1,1
276,34,13:23:51,9,-0.0276712328767122,653186.0,-0.0275342465753423,-0.0276712328767122,2.4616742739175896e-07,-0.0278082191780821,8.752619640595873e-08,-0.0279452054794521,2.899305255947383e-07,-0.0280821917808218,7.439726694506492e-07,-0.0283561643835615,4.485717565805385e-07,-0.0273972602739726,1.0940774550744842e-08,-0.0272602739726026,1.630175408060981e-06,-0.0271232876712329,3.829271092760695e-07,-0.026986301369863,1.3675968188431052e-07,-0.0267123287671233,8.314988658566079e-07,1,1,1,1,1
277,34,13:23:54,9,-0.0276712328767122,2357439.0,-0.0275342465753423,-0.0276712328767122,1.03937358232076e-07,-0.0278082191780821,1.2034852005819325e-07,-0.0279452054794521,2.899305255947383e-07,-0.0280821917808218,7.54913444001394e-07,-0.0283561643835615,4.102790456529316e-07,-0.0273972602739726,2.954009128701107e-07,-0.0272602739726026,3.282232365223452e-08,-0.0271232876712329,3.829271092760695e-07,-0.026986301369863,1.3675968188431052e-07,-0.0267123287671233,8.314988658566079e-07,1,1,2,1,1
278,34,13:23:57,9,-0.0278082191780821,298132.0,-0.0277397260273973,-0.0278082191780821,9.299658368133117e-08,-0.0279452054794521,2.899305255947383e-07,-0.0280821917808218,7.603838312767665e-07,-0.0283561643835615,5.415683402618696e-07,-0.0284931506849315,2.899305255947383e-06,-0.0276712328767122,1.3675968188431052e-07,-0.0275342465753425,5.470387275372421e-09,-0.0273972602739726,4.0480865837755926e-07,-0.0272602739726026,3.282232365223452e-08,-0.0271232876712329,3.829271092760695e-07,1,2,2,1,1
279,34,13:24:00,9,-0.0279452054794521,518106.0,-0.0278082191780821,-0.0279452054794521,2.6257858921787617e-07,-0.0280821917808218,7.65854218552139e-07,-0.0283561643835615,3.4463439834846253e-07,-0.0284931506849315,2.899305255947383e-06,-0.0286301369863014,7.93206154929001e-07,-0.0276712328767122,1.1487813278282086e-07,-0.0275342465753425,9.846697095670357e-08,-0.0273972602739726,5.908018257402214e-07,-0.0272602739726026,3.282232365223452e-08,-0.0271232876712329,2.297562655656417e-07,1,2,2,1,1
280,34,13:24:03,9,-0.0275342465753425,603331.0,-0.0276027397260274,-0.0276712328767122,8.205580913058631e-08,-0.0278082191780821,8.752619640595873e-08,-0.0279452054794521,3.938678838268143e-07,-0.0280821917808218,7.54913444001394e-07,-0.0283561643835615,3.391640110730901e-07,-0.0275342465753425,7.65854218552139e-08,-0.0273972602739726,5.962722130155939e-07,-0.0272602739726026,2.1881549101489683e-08,-0.0271232876712329,2.297562655656417e-07,-0.026986301369863,1.3128929460893809e-07,1,2,1,1,1
281,34,13:24:06,9,-0.0273972602739726,2449197.0,-0.0276712328767124,-0.0279452054794521,4.978052420588903e-07,-0.0280821917808218,6.455056984939457e-07,-0.0283561643835615,3.391640110730901e-07,-0.0284931506849315,2.9211868050488725e-06,-0.0286301369863014,8.533804149580977e-07,-0.0273972602739726,2.0623360028154027e-06,-0.0272602739726026,2.1881549101489683e-08,-0.0271232876712329,2.297562655656417e-07,-0.026986301369863,1.4770045643505538e-07,-0.0267123287671233,8.314988658566079e-07,1,2,1,1,1
282,34,13:24:09,9,-0.0276712328767122,879932.0,-0.027876712328767,-0.0280821917808218,5.962722130155939e-07,-0.0282191780821917,2.1881549101489683e-08,-0.0283561643835615,3.719863347253246e-07,-0.0284931506849315,2.9211868050488725e-06,-0.0286301369863014,8.533804149580977e-07,-0.0276712328767122,3.938678838268143e-07,-0.0273972602739726,2.1225102628444992e-06,-0.0272602739726026,1.4770045643505538e-07,-0.0271232876712329,2.297562655656417e-07,-0.026986301369863,1.4770045643505538e-07,2,2,1,1,1
283,34,13:24:12,9,-0.0273972602739726,745324.0,-0.0277397260273973,-0.0279452054794521,2.7898975104399344e-07,-0.0280821917808218,5.470387275372421e-07,-0.0282191780821917,2.1881549101489683e-08,-0.0283561643835615,3.77456722000697e-07,-0.0284931506849315,2.910246030498128e-06,-0.0275342465753425,2.7351936376862106e-08,-0.0273972602739726,2.3085034302071618e-06,-0.0272602739726026,1.4770045643505538e-07,-0.0271232876712329,2.4616742739175896e-07,-0.026986301369863,1.4770045643505538e-07,2,2,1,1,1
284,34,13:24:15,9,-0.0278082191780821,2030270.0,-0.0279452054794518,-0.0280821917808218,5.743906639141042e-07,-0.0282191780821917,2.1881549101489683e-08,-0.0283561643835615,3.77456722000697e-07,-0.0284931506849315,2.910246030498128e-06,-0.0286301369863014,8.533804149580977e-07,-0.0278082191780821,1.641116182611726e-08,-0.0276712328767122,2.6257858921787617e-07,-0.0273972602739726,1.274600235161774e-06,-0.0272602739726026,1.4770045643505538e-07,-0.0271232876712329,2.4616742739175896e-07,2,2,1,1,1
285,34,13:24:18,9,-0.0273972602739726,2889529.0,-0.0273287671232876,-0.0273972602739726,5.360979529864973e-07,-0.0276712328767122,5.470387275372421e-09,-0.0278082191780821,8.752619640595873e-08,-0.0279452054794521,1.641116182611726e-08,-0.0280821917808218,1.0120216459438978e-06,-0.0272602739726026,4.9233485478351786e-08,-0.0271232876712329,2.4616742739175896e-07,-0.026986301369863,1.586412309858002e-07,-0.0267123287671233,8.314988658566079e-07,-0.0264383561643836,1.0940774550744842e-08,1,1,1,1,0
286,34,13:24:21,9,-0.0273972602739726,2313931.0,-0.0273287671232876,-0.0273972602739726,1.2986699391734128e-05,-0.0280821917808218,5.251571784357523e-07,-0.0282191780821917,2.1881549101489683e-08,-0.0283561643835615,3.77456722000697e-07,-0.0284931506849315,2.9375979668749898e-06,-0.0272602739726026,4.3763098202979367e-08,-0.0271232876712329,2.4616742739175896e-07,-0.026986301369863,1.586412309858002e-07,-0.0267123287671233,8.479100276827252e-07,-0.0264383561643836,1.0940774550744842e-08,1,1,1,1,0
287,34,13:24:24,9,-0.0273972602739726,702930.0,-0.0273287671232876,-0.0273972602739726,1.2756943126168486e-05,-0.0278082191780821,1.2034852005819325e-07,-0.0280821917808218,5.251571784357523e-07,-0.0282191780821917,2.1881549101489683e-08,-0.0283561643835615,3.938678838268143e-07,-0.0272602739726026,4.9233485478351786e-08,-0.0271232876712329,2.4616742739175896e-07,-0.026986301369863,1.586412309858002e-07,-0.0267123287671233,8.643211895088425e-07,-0.0264383561643836,1.0940774550744842e-08,1,2,1,1,0
288,34,13:24:27,9,-0.0271232876712329,1292264.0,-0.0271917808219177,-0.0272602739726026,5.689202766387318e-07,-0.0273972602739726,1.2335723305964808e-05,-0.0276712328767122,1.641116182611726e-08,-0.0278082191780821,3.391640110730901e-07,-0.0280821917808218,5.251571784357523e-07,-0.0271232876712329,5.251571784357523e-07,-0.026986301369863,1.750523928119175e-07,-0.0267123287671233,8.643211895088425e-07,-0.0264383561643836,1.0940774550744842e-08,-0.0263013698630136,5.415683402618696e-07,1,2,1,1,0
289,34,13:24:30,9,-0.0272602739726026,1278317.0,-0.0270547945205478,-0.0271232876712329,1.641116182611726e-08,-0.0272602739726026,5.142164038850075e-07,-0.0273972602739726,1.247248298784912e-05,-0.0276712328767122,1.641116182611726e-08,-0.0278082191780821,3.5010478562383493e-07,-0.026986301369863,3.336936237977177e-07,-0.0267123287671233,8.643211895088425e-07,-0.0264383561643836,1.0940774550744842e-08,-0.0263013698630136,5.415683402618696e-07,-0.0261643835616437,3.883974965514419e-07,1,1,1,1,0
290,34,13:24:33,9,-0.026986301369863,1611992.0,-0.0268493150684933,-0.026986301369863,1.3840079806692225e-06,-0.0272602739726026,7.65854218552139e-08,-0.0273972602739726,1.2116907814949912e-05,-0.0276712328767122,1.641116182611726e-08,-0.0278082191780821,3.5010478562383493e-07,-0.0267123287671233,8.643211895088425e-07,-0.0264383561643836,1.0940774550744842e-08,-0.0263013698630136,5.415683402618696e-07,-0.0261643835616437,3.883974965514419e-07,-0.026027397260274,1.805227800872899e-07,1,1,1,1,0
291,34,13:24:36,9,-0.026986301369863,660593.0,-0.0269178082191781,-0.026986301369863,9.682585477409186e-07,-0.0271232876712329,7.111503457984149e-08,-0.0272602739726026,1.03937358232076e-07,-0.0273972602739726,1.21387893640514e-05,-0.0276712328767122,1.641116182611726e-08,-0.026849315068493,2.1881549101489683e-08,-0.0267123287671233,8.916731258857046e-07,-0.0265753424657534,9.299658368133117e-08,-0.0264383561643836,1.0940774550744842e-08,-0.0263013698630136,5.415683402618696e-07,1,1,1,1,0
292,34,13:24:39,9,-0.026986301369863,831212.0,-0.0269178082191781,-0.026986301369863,8.533804149580977e-07,-0.0271232876712329,1.4223006915968298e-07,-0.0272602739726026,1.2034852005819325e-07,-0.0273972602739726,1.2308371369587949e-05,-0.0276712328767122,1.641116182611726e-08,-0.026849315068493,5.470387275372421e-09,-0.0267123287671233,5.743906639141042e-07,-0.0265753424657534,9.299658368133117e-08,-0.0264383561643836,1.0940774550744842e-08,-0.0263013698630136,5.415683402618696e-07,1,1,1,1,0
293,34,13:24:42,9,-0.026986301369863,1115171.0,-0.0270547945205478,-0.0271232876712329,1.4223006915968298e-07,-0.0272602739726026,1.531708437104278e-07,-0.0273972602739726,1.231384175686332e-05,-0.0276712328767122,1.641116182611726e-08,-0.0278082191780821,3.5557517289920734e-07,-0.026986301369863,5.415683402618696e-07,-0.026849315068493,4.9233485478351786e-08,-0.0267123287671233,5.525091148126145e-07,-0.0265753424657534,9.299658368133117e-08,-0.0264383561643836,1.0940774550744842e-08,2,1,1,1,0
294,34,13:24:45,9,-0.026986301369863,639269.0,-0.0270547945205478,-0.0271232876712329,1.3675968188431052e-07,-0.0272602739726026,1.6958200553654506e-07,-0.0273972602739726,1.2363075242341673e-05,-0.0276712328767122,1.641116182611726e-08,-0.0278082191780821,3.4463439834846253e-07,-0.026986301369863,1.9146355463803476e-07,-0.026849315068493,1.805227800872899e-07,-0.0267123287671233,5.415683402618696e-07,-0.0265753424657534,9.299658368133117e-08,-0.0264383561643836,1.0940774550744842e-08,1,1,1,1,0
295,34,13:24:48,9,-0.0271232876712329,958835.0,-0.0271917808219177,-0.0272602739726026,1.2034852005819325e-07,-0.0273972602739726,1.2368545629617044e-05,-0.0276712328767122,2.7351936376862106e-08,-0.0278082191780821,3.4463439834846253e-07,-0.0279452054794521,2.680489764932487e-07,-0.0271232876712329,3.8292710927606954e-08,-0.026986301369863,7.330318948999044e-07,-0.026849315068493,1.4770045643505538e-07,-0.0267123287671233,5.415683402618696e-07,-0.0265753424657534,9.846697095670357e-08,1,1,1,1,0
296,34,13:24:51,9,-0.0272602739726026,397687.0,-0.0273287671232876,-0.0273972602739726,1.2412308727820022e-05,-0.0276712328767122,2.7351936376862106e-08,-0.0278082191780821,3.4463439834846253e-07,-0.0279452054794521,2.680489764932487e-07,-0.0280821917808218,6.455056984939457e-07,-0.0272602739726026,5.470387275372421e-09,-0.026986301369863,7.603838312767665e-07,-0.026849315068493,1.4770045643505538e-07,-0.0267123287671233,5.415683402618696e-07,-0.0265753424657534,5.470387275372421e-09,1,1,1,1,0
297,34,13:24:54,9,-0.0265753424657534,3133074.0,-0.0265068493150685,-0.0265753424657534,3.282232365223453e-07,-0.026849315068493,1.641116182611726e-08,-0.026986301369863,4.3763098202979367e-08,-0.0271232876712329,5.470387275372421e-09,-0.0272602739726026,1.0940774550744842e-08,-0.0264383561643836,1.0940774550744842e-08,-0.0263013698630136,5.962722130155939e-07,-0.0261643835616437,3.883974965514419e-07,-0.026027397260274,1.805227800872899e-07,-0.025890410958904,5.470387275372421e-08,0,0,0,0,0
298,34,13:24:57,9,-0.0265753424657534,270028.0,-0.0265068493150685,-0.0265753424657534,2.1881549101489682e-07,-0.0267123287671233,1.0940774550744842e-08,-0.026849315068493,1.641116182611726e-08,-0.026986301369863,7.111503457984149e-08,-0.0271232876712329,2.5163781466713136e-07,-0.0264383561643836,4.3763098202979367e-08,-0.0263013698630136,5.962722130155939e-07,-0.0261643835616437,3.938678838268143e-07,-0.026027397260274,1.805227800872899e-07,-0.025890410958904,5.470387275372421e-08,0,0,0,0,0
299,34,13:25:00,9,-0.0265753424657534,412149.0,-0.0266438356164382,-0.0267123287671233,1.0940774550744842e-08,-0.026849315068493,1.641116182611726e-08,-0.026986301369863,1.03937358232076e-07,-0.0271232876712329,2.5163781466713136e-07,-0.0272602739726026,2.7351936376862106e-08,-0.0265753424657534,1.7122312171915676e-08,-0.0264383561643836,1.03937358232076e-07,-0.0263013698630136,6.509760857693181e-07,-0.0261643835616437,3.938678838268143e-07,-0.026027397260274,1.805227800872899e-07,1,0,0,0,0
300,34,13:25:03,9,-0.0272602739726026,589487.0,-0.0273287671232876,-0.0273972602739726,1.2702239253414762e-05,-0.0275342465753425,2.1881549101489683e-08,-0.0276712328767122,2.7351936376862106e-08,-0.0278082191780821,3.11812074696228e-07,-0.0279452054794521,3.2275284924697285e-07,-0.0272602739726026,9.846697095670357e-08,-0.0265753424657534,4.447424854877778e-08,-0.0264383561643836,2.0240432918877963e-07,-0.0263013698630136,6.23624149392456e-07,-0.0261643835616437,3.938678838268143e-07,1,1,1,1,0
301,34,13:25:06,9,-0.0272602739726026,482818.0,-0.0273287671232876,-0.0273972602739726,1.396589871402579e-05,-0.0275342465753425,2.1881549101489683e-08,-0.0276712328767122,2.7351936376862106e-08,-0.0278082191780821,3.063416874208556e-07,-0.0279452054794521,3.2275284924697285e-07,-0.0272602739726026,5.470387275372421e-08,-0.0271232876712329,1.9693394191340717e-07,-0.026986301369863,1.3128929460893809e-07,-0.026849315068493,2.5710820194250377e-07,-0.0267123287671233,3.282232365223452e-08,1,1,1,1,0
302,34,13:25:09,9,-0.0272602739726026,1136071.0,-0.0273287671232876,-0.0273972602739726,1.3325863402807215e-05,-0.0275342465753425,2.1881549101489683e-08,-0.0276712328767122,2.7351936376862106e-08,-0.0278082191780821,3.008713001454831e-07,-0.0279452054794521,3.2275284924697285e-07,-0.0272602739726026,3.8292710927606954e-08,-0.0271232876712329,3.282232365223452e-08,-0.026986301369863,1.3128929460893809e-07,-0.026849315068493,2.5710820194250377e-07,-0.0267123287671233,3.282232365223452e-08,1,1,1,0,0
303,34,13:25:12,9,-0.0273972602739726,1725456.0,-0.0273287671232876,-0.0273972602739726,1.2505305311501354e-05,-0.0275342465753425,2.1881549101489683e-08,-0.0276712328767122,2.7351936376862106e-08,-0.0278082191780821,3.008713001454831e-07,-0.0279452054794521,3.2275284924697285e-07,-0.0272602739726026,3.665159474499522e-07,-0.0271232876712329,1.641116182611726e-08,-0.026986301369863,8.752619640595873e-08,-0.026849315068493,2.5710820194250377e-07,-0.0267123287671233,4.9233485478351786e-08,1,1,1,0,0
304,34,13:25:15,9,-0.0271232876712329,759855.0,-0.0270547945205478,-0.0271232876712329,2.899305255947383e-07,-0.0272602739726026,8.205580913058631e-08,-0.0273972602739726,1.2527186860602845e-05,-0.0275342465753425,2.7351936376862106e-08,-0.0276712328767122,2.7351936376862106e-08,-0.026986301369863,4.3763098202979367e-08,-0.026849315068493,2.5710820194250377e-07,-0.0267123287671233,4.9233485478351786e-08,-0.0265753424657534,1.1011889585324685e-07,-0.0264383561643836,1.586412309858002e-07,1,0,1,0,0
305,34,13:25:18,9,-0.0271232876712329,1505337.0,-0.0272602739726028,-0.0273972602739726,1.1980148133065602e-05,-0.0275342465753425,2.7351936376862106e-08,-0.0276712328767122,2.7351936376862106e-08,-0.0278082191780821,3.008713001454831e-07,-0.0279452054794521,3.2275284924697285e-07,-0.0271232876712329,1.0940774550744842e-08,-0.026986301369863,6.564464730446904e-08,-0.026849315068493,3.5557517289920734e-07,-0.0267123287671233,1.03937358232076e-07,-0.0265753424657534,1.9764509225920562e-07,1,1,1,0,0
306,34,13:25:21,9,-0.0271232876712329,411818.0,-0.0271917808219177,-0.0272602739726026,3.172824619716004e-07,-0.0273972602739726,1.193091464758725e-05,-0.0275342465753425,3.282232365223452e-08,-0.0276712328767122,2.7351936376862106e-08,-0.0278082191780821,3.008713001454831e-07,-0.0271232876712329,8.314988658566079e-07,-0.026986301369863,2.1881549101489682e-07,-0.026849315068493,3.5557517289920734e-07,-0.0267123287671233,1.03937358232076e-07,-0.0265753424657534,2.085858668099504e-07,1,1,1,0,0
307,34,13:25:24,9,-0.0271232876712329,660467.0,-0.0271917808219177,-0.0272602739726026,2.899305255947383e-07,-0.0273972602739726,1.193091464758725e-05,-0.0275342465753425,3.8292710927606954e-08,-0.0276712328767122,3.282232365223452e-08,-0.0278082191780821,3.008713001454831e-07,-0.0271232876712329,1.247248298784912e-06,-0.026986301369863,1.9693394191340717e-07,-0.026849315068493,3.5557517289920734e-07,-0.0267123287671233,3.063416874208556e-07,-0.0265753424657534,2.085858668099504e-07,1,0,1,0,0
308,34,13:25:27,9,-0.0272602739726026,653314.0,-0.0271917808219177,-0.0272602739726026,1.2034852005819325e-07,-0.0273972602739726,1.1876210774833526e-05,-0.0275342465753425,3.8292710927606954e-08,-0.0276712328767122,3.282232365223452e-08,-0.0278082191780821,3.008713001454831e-07,-0.0271232876712329,1.1761332642050703e-06,-0.026986301369863,1.9693394191340717e-07,-0.026849315068493,3.5557517289920734e-07,-0.0267123287671233,3.063416874208556e-07,-0.0265753424657534,1.4841160678085378e-07,1,0,1,0,0
309,34,13:25:30,9,-0.0273972602739726,355056.0,-0.0273287671232876,-0.0273972602739726,1.186527000028278e-05,-0.0275342465753425,3.8292710927606954e-08,-0.0276712328767122,3.282232365223452e-08,-0.0278082191780821,3.008713001454831e-07,-0.0279452054794521,3.2275284924697285e-07,-0.0272602739726026,4.2669020747904883e-07,-0.0271232876712329,1.19801481330656e-06,-0.026986301369863,2.4616742739175896e-07,-0.026849315068493,3.5557517289920734e-07,-0.0267123287671233,3.063416874208556e-07,1,0,1,0,0
310,34,13:25:33,9,-0.0273972602739726,3181159.0,-0.0273287671232876,-0.0273972602739726,1.0732899834280687e-05,-0.0275342465753425,3.8292710927606954e-08,-0.0276712328767122,3.282232365223452e-08,-0.0278082191780821,3.008713001454831e-07,-0.0279452054794521,3.2275284924697285e-07,-0.0272602739726026,2.1334510373952441e-07,-0.0271232876712329,4.759236929574006e-07,-0.026986301369863,2.4616742739175896e-07,-0.026849315068493,3.5557517289920734e-07,-0.0267123287671233,3.063416874208556e-07,1,1,1,1,0
311,34,13:25:36,9,-0.0273972602739726,13483249.0,-0.0273287671232876,-0.0273972602739726,1.6739385062639608e-06,-0.0275342465753425,3.8292710927606954e-08,-0.0276712328767122,3.282232365223452e-08,-0.0278082191780821,3.008713001454831e-07,-0.0279452054794521,3.2275284924697285e-07,-0.0272602739726026,5.470387275372421e-09,-0.026986301369863,2.4616742739175896e-07,-0.026849315068493,3.5557517289920734e-07,-0.0267123287671233,3.063416874208556e-07,-0.0265753424657534,1.265300576793641e-07,1,0,1,1,0
312,34,13:25:39,9,-0.0273972602739726,2754850.0,-0.0274657534246575,-0.0275342465753425,3.8292710927606954e-08,-0.0276712328767122,3.282232365223452e-08,-0.0278082191780821,3.008713001454831e-07,-0.0279452054794521,3.336936237977177e-07,-0.0280821917808218,7.056799585230423e-07,-0.0273972602739726,9.62788160465546e-07,-0.0272602739726026,2.899305255947383e-07,-0.0271232876712329,1.03937358232076e-07,-0.026986301369863,2.4616742739175896e-07,-0.026849315068493,3.5557517289920734e-07,1,1,1,1,0
313,34,13:25:42,9,-0.0273972602739726,411774.0,-0.0276027397260274,-0.0278082191780821,2.899305255947383e-07,-0.0279452054794521,3.336936237977177e-07,-0.0280821917808218,7.056799585230423e-07,-0.0282191780821917,1.641116182611726e-08,-0.0283561643835615,2.7351936376862104e-07,-0.0273972602739726,1.301952171538636e-06,-0.0272602739726026,1.0174920332192704e-06,-0.0271232876712329,1.6411161826117265e-07,-0.026986301369863,2.4616742739175896e-07,-0.026849315068493,2.844601383193659e-07,1,1,1,1,0
314,34,13:25:45,9,-0.0276712328767122,198793.0,-0.0277397260273973,-0.0278082191780821,2.899305255947383e-07,-0.0279452054794521,3.336936237977177e-07,-0.0280821917808218,7.056799585230423e-07,-0.0282191780821917,1.641116182611726e-08,-0.0283561643835615,2.7351936376862104e-07,-0.0276712328767122,1.641116182611726e-08,-0.0273972602739726,1.509826888002788e-06,-0.0272602739726026,4.141083167456922e-06,-0.0271232876712329,3.4463439834846253e-07,-0.026986301369863,2.5163781466713136e-07,1,2,1,1,0
315,34,13:25:48,9,-0.0276712328767122,319465.0,-0.0277397260273973,-0.0278082191780821,5.032756293342627e-07,-0.0279452054794521,3.336936237977177e-07,-0.0280821917808218,7.056799585230423e-07,-0.0282191780821917,1.641116182611726e-08,-0.0283561643835615,2.7351936376862104e-07,-0.0276712328767122,8.697915767842149e-07,-0.0275342465753425,3.5010478562383493e-07,-0.0273972602739726,1.3949487552199674e-06,-0.0272602739726026,4.141083167456922e-06,-0.0271232876712329,2.406970401163865e-07,2,1,1,1,0
316,34,13:25:51,9,-0.0278082191780821,2200534.0,-0.0276027397260274,-0.0278082191780821,3.5557517289920734e-07,-0.0279452054794521,3.336936237977177e-07,-0.0280821917808218,7.056799585230423e-07,-0.0282191780821917,1.641116182611726e-08,-0.0283561643835615,2.7351936376862104e-07,-0.0273972602739726,1.1761332642050703e-06,-0.0272602739726026,3.5940444399196806e-06,-0.0271232876712329,2.4616742739175896e-07,-0.026986301369863,1.9146355463803476e-07,-0.026849315068493,2.7351936376862106e-08,0,1,1,1,0
317,34,13:25:54,9,-0.0279452054794521,4586531.0,-0.027876712328767,-0.0279452054794521,1.4770045643505538e-07,-0.0280821917808218,7.056799585230423e-07,-0.0282191780821917,1.641116182611726e-08,-0.0283561643835615,2.7351936376862104e-07,-0.0284931506849315,3.0470057123824385e-06,-0.0278082191780821,3.282232365223452e-08,-0.0276712328767122,2.1881549101489683e-08,-0.0275342465753425,1.0940774550744842e-08,-0.0273972602739726,8.205580913058631e-08,-0.0272602739726026,1.887283610003485e-06,2,1,1,1,0
318,34,13:25:57,9,-0.0279452054794521,596108.0,-0.028013698630137,-0.0280821917808218,7.056799585230423e-07,-0.0282191780821917,1.641116182611726e-08,-0.0283561643835615,2.7351936376862104e-07,-0.0284931506849315,3.0470057123824385e-06,-0.0286301369863014,7.220911203491596e-07,-0.0279452054794521,2.6257858921787617e-07,-0.0278082191780821,1.3128929460893809e-07,-0.0276712328767122,9.846697095670357e-08,-0.0275342465753425,5.470387275372421e-08,-0.0273972602739726,4.9233485478351786e-08,2,1,1,1,0
319,34,13:26:00,9,-0.0280821917808218,964952.0,-0.028013698630137,-0.0280821917808218,1.4223006915968298e-07,-0.0282191780821917,1.641116182611726e-08,-0.0283561643835615,2.7351936376862104e-07,-0.0284931506849315,3.0470057123824385e-06,-0.0286301369863014,7.220911203491596e-07,-0.0279452054794521,2.0240432918877963e-07,-0.0278082191780821,1.7559943153945471e-06,-0.0276712328767122,1.03937358232076e-07,-0.0275342465753425,9.299658368133117e-08,-0.0273972602739726,6.564464730446904e-08,2,1,1,1,0
320,34,13:26:03,9,-0.0272602739726026,6275476.0,-0.0271917808219177,-0.0272602739726026,6.728576348708078e-07,-0.0278082191780821,5.470387275372421e-09,-0.0279452054794521,1.0940774550744842e-08,-0.0280821917808218,1.531708437104278e-07,-0.0282191780821917,1.641116182611726e-08,-0.0271232876712329,2.4616742739175896e-07,-0.026986301369863,1.2034852005819325e-07,-0.026849315068493,2.7351936376862106e-08,-0.0267123287671233,2.899305255947383e-07,-0.0265753424657534,7.65854218552139e-08,1,1,1,0,0
321,34,13:26:06,9,-0.0282191780821917,1455290.0,-0.0282876712328766,-0.0283561643835615,2.7351936376862104e-07,-0.0284931506849315,3.0470057123824385e-06,-0.0286301369863014,7.220911203491596e-07,-0.0287671232876711,4.704533056820282e-07,-0.0289041095890411,8.150877040304907e-07,-0.0282191780821917,1.1487813278282086e-07,-0.0279452054794521,5.470387275372421e-09,-0.0271232876712329,3.665159474499522e-07,-0.026986301369863,1.2034852005819325e-07,-0.026849315068493,2.7351936376862106e-08,2,2,1,1,0
322,34,13:26:09,9,-0.0272602739726026,440002.0,-0.0271917808219177,-0.0272602739726026,4.715473831371027e-06,-0.0283561643835615,2.844601383193659e-07,-0.0284931506849315,3.129061521513025e-06,-0.0286301369863014,7.220911203491596e-07,-0.0287671232876711,4.868644675081455e-07,-0.0271232876712329,3.2275284924697285e-07,-0.026986301369863,1.2034852005819325e-07,-0.026849315068493,2.7351936376862106e-08,-0.0267123287671233,2.899305255947383e-07,-0.0265753424657534,7.65854218552139e-08,1,0,0,0,0
323,34,13:26:12,9,-0.0272602739726026,688815.0,-0.0271917808219177,-0.0272602739726026,5.858784771923863e-06,-0.0273972602739726,5.470387275372421e-08,-0.0276712328767122,1.0940774550744841e-07,-0.0279452054794521,2.7351936376862106e-08,-0.0280821917808218,5.470387275372421e-09,-0.0271232876712329,2.2428587829026925e-07,-0.026986301369863,1.2034852005819325e-07,-0.026849315068493,2.7351936376862106e-08,-0.0267123287671233,9.299658368133117e-08,-0.0265753424657534,7.65854218552139e-08,1,0,0,0,0
324,34,13:26:15,9,-0.0272602739726026,3777786.0,-0.0271917808219177,-0.0272602739726026,3.2986435270495697e-06,-0.0273972602739726,5.470387275372421e-08,-0.0275342465753425,9.299658368133117e-08,-0.0276712328767122,1.0940774550744841e-07,-0.0279452054794521,2.7351936376862106e-08,-0.0271232876712329,6.564464730446904e-08,-0.026986301369863,2.07874716464152e-07,-0.026849315068493,2.7351936376862106e-08,-0.0267123287671233,1.274600235161774e-06,-0.0265753424657534,7.65854218552139e-08,1,0,0,0,0
325,34,13:26:18,9,-0.0273972602739726,4324513.0,-0.0273287671232876,-0.0273972602739726,4.9233485478351786e-08,-0.0275342465753425,9.299658368133117e-08,-0.0276712328767122,1.0940774550744841e-07,-0.0279452054794521,6.564464730446904e-08,-0.0280821917808218,1.641116182611726e-08,-0.0272602739726026,1.4496526279736915e-06,-0.0271232876712329,9.846697095670357e-08,-0.026986301369863,3.11812074696228e-07,-0.026849315068493,2.7351936376862106e-08,-0.0267123287671233,1.274600235161774e-06,1,0,0,0,0
326,34,13:26:21,9,-0.0275342465753425,390531.0,-0.0273972602739726,-0.0275342465753425,7.65854218552139e-08,-0.0276712328767122,1.0940774550744841e-07,-0.0279452054794521,8.205580913058631e-08,-0.0280821917808218,1.641116182611726e-08,-0.0282191780821917,2.7351936376862106e-08,-0.0272602739726026,1.520767662553533e-06,-0.0271232876712329,2.0240432918877963e-07,-0.026986301369863,4.212198202036764e-07,-0.026849315068493,2.7351936376862106e-08,-0.0267123287671233,1.274600235161774e-06,1,0,0,0,0
327,34,13:26:24,9,-0.0273972602739726,262677.0,-0.0274657534246575,-0.0275342465753425,8.205580913058631e-08,-0.0276712328767122,1.0940774550744841e-07,-0.0279452054794521,8.205580913058631e-08,-0.0280821917808218,3.282232365223452e-08,-0.0282191780821917,2.7351936376862106e-08,-0.0273972602739726,1.2034852005819325e-07,-0.0272602739726026,1.662997731713216e-06,-0.0271232876712329,2.5710820194250377e-07,-0.026986301369863,4.2669020747904883e-07,-0.026849315068493,2.7351936376862106e-08,1,1,1,0,0
328,34,13:26:27,9,-0.0276712328767122,120681.0,-0.0276027397260274,-0.0276712328767122,9.846697095670357e-08,-0.0279452054794521,8.205580913058631e-08,-0.0280821917808218,7.111503457984149e-08,-0.0282191780821917,8.205580913058631e-08,-0.0283561643835615,3.5557517289920734e-07,-0.0275342465753425,3.282232365223452e-08,-0.0273972602739726,4.0480865837755926e-07,-0.0272602739726026,1.6794088935393331e-06,-0.0271232876712329,3.172824619716004e-07,-0.026986301369863,4.2669020747904883e-07,1,1,1,0,0
329,34,13:26:30,9,-0.0275342465753425,49693.0,-0.0276027397260274,-0.0276712328767122,1.03937358232076e-07,-0.0279452054794521,1.859931673626623e-07,-0.0280821917808218,8.205580913058631e-08,-0.0282191780821917,9.299658368133117e-08,-0.0283561643835615,3.5557517289920734e-07,-0.0275342465753425,4.431013693051661e-07,-0.0273972602739726,1.0612551314222496e-06,-0.0272602739726026,1.7122312171915677e-06,-0.0271232876712329,3.172824619716004e-07,-0.026986301369863,1.2581890733356568e-07,1,1,1,0,0
330,34,13:26:33,9,-0.0275342465753425,92285.0,-0.0276027397260274,-0.0276712328767122,1.03937358232076e-07,-0.0279452054794521,2.4616742739175896e-07,-0.0280821917808218,8.205580913058631e-08,-0.0282191780821917,1.1487813278282086e-07,-0.0283561643835615,3.5557517289920734e-07,-0.0275342465753425,3.938678838268143e-07,-0.0273972602739726,1.340244882466243e-06,-0.0272602739726026,1.7177016044669402e-06,-0.0271232876712329,3.172824619716004e-07,-0.026986301369863,1.2581890733356568e-07,1,1,1,0,0
331,34,13:26:36,9,-0.0279452054794521,681452.0,-0.0277397260273973,-0.0279452054794521,2.0240432918877963e-07,-0.0280821917808218,8.205580913058631e-08,-0.0282191780821917,1.0940774550744841e-07,-0.0283561643835615,3.665159474499522e-07,-0.0284931506849315,3.1782950069913767e-06,-0.0275342465753425,7.603838312767665e-07,-0.0273972602739726,1.4004191424953395e-06,-0.0272602739726026,1.8271093499743888e-06,-0.0271232876712329,3.719863347253246e-07,-0.026986301369863,1.2581890733356568e-07,1,1,1,0,0
332,34,13:26:39,9,-0.0276712328767122,2356912.0,-0.0278082191780821,-0.0279452054794521,1.586412309858002e-07,-0.0280821917808218,8.205580913058631e-08,-0.0282191780821917,1.0940774550744841e-07,-0.0283561643835615,3.665159474499522e-07,-0.0284931506849315,3.1782950069913767e-06,-0.0276712328767122,1.0940774550744842e-08,-0.0275342465753425,2.7351936376862106e-08,-0.0273972602739726,1.0229624204946427e-06,-0.0272602739726026,4.288783623891978e-06,-0.0271232876712329,3.665159474499522e-07,1,0,1,0,0
333,34,13:26:42,9,-0.0276712328767122,92272.0,-0.0277397260273973,-0.0278082191780821,1.6411161826117265e-07,-0.0279452054794521,1.531708437104278e-07,-0.0280821917808218,8.205580913058631e-08,-0.0282191780821917,1.0940774550744841e-07,-0.0283561643835615,3.665159474499522e-07,-0.0276712328767122,1.03937358232076e-07,-0.0275342465753425,2.6257858921787617e-07,-0.0273972602739726,1.0174920332192704e-06,-0.0272602739726026,4.288783623891978e-06,-0.0271232876712329,1.750523928119175e-07,1,0,1,0,0
334,34,13:26:45,9,-0.0279452054794521,1043166.0,-0.0278082191780821,-0.0279452054794521,1.0940774550744842e-08,-0.0280821917808218,8.205580913058631e-08,-0.0282191780821917,1.0940774550744841e-07,-0.0283561643835615,3.665159474499522e-07,-0.0284931506849315,3.1782950069913767e-06,-0.0276712328767122,1.805227800872899e-07,-0.0275342465753425,2.6257858921787617e-07,-0.0273972602739726,1.0174920332192704e-06,-0.0272602739726026,4.288783623891978e-06,-0.0271232876712329,1.6958200553654506e-07,1,0,1,0,0
335,34,13:26:48,9,-0.0280821917808218,70959.0,-0.028013698630137,-0.0280821917808218,7.65854218552139e-08,-0.0282191780821917,1.0940774550744841e-07,-0.0283561643835615,3.665159474499522e-07,-0.0284931506849315,3.1782950069913767e-06,-0.0286301369863014,8.205580913058631e-07,-0.0279452054794521,7.27561507624532e-07,-0.0276712328767122,2.954009128701107e-07,-0.0275342465753425,4.212198202036764e-07,-0.0273972602739726,1.0174920332192704e-06,-0.0272602739726026,4.288783623891978e-06,1,1,1,0,0
336,34,13:26:51,9,-0.0280821917808218,368988.0,-0.028013698630137,-0.0280821917808218,5.470387275372421e-08,-0.0282191780821917,1.1487813278282086e-07,-0.0283561643835615,3.665159474499522e-07,-0.0284931506849315,3.1782950069913767e-06,-0.0286301369863014,8.205580913058631e-07,-0.0279452054794521,7.111503457984147e-07,-0.0278082191780821,4.2669020747904883e-07,-0.0276712328767122,4.3763098202979364e-07,-0.0275342465753425,4.759236929574006e-07,-0.0273972602739726,8.314988658566079e-07,1,1,1,0,0
337,34,13:26:54,9,-0.0279452054794521,5785702.0,-0.0276027397260274,-0.0278082191780821,2.7351936376862106e-08,-0.0280821917808218,4.3763098202979367e-08,-0.0282191780821917,1.1487813278282086e-07,-0.0283561643835615,5.251571784357523e-07,-0.0284931506849315,3.1782950069913767e-06,-0.0273972602739726,1.641116182611726e-08,-0.0272602739726026,2.8172494468167967e-06,-0.0271232876712329,1.6958200553654506e-07,-0.026986301369863,1.3074225588140089e-06,-0.0267123287671233,1.2855410097125188e-06,0,0,1,0,0
338,34,13:26:57,9,-0.0279452054794521,290928.0,-0.028013698630137,-0.0280821917808218,7.111503457984149e-08,-0.0282191780821917,1.2034852005819325e-07,-0.0283561643835615,5.360979529864973e-07,-0.0284931506849315,3.1782950069913767e-06,-0.0286301369863014,8.205580913058631e-07,-0.0279452054794521,2.1881549101489683e-08,-0.0276712328767122,5.470387275372421e-08,-0.0275342465753425,6.017426002909662e-08,-0.0273972602739726,8.752619640595873e-08,-0.0272602739726026,2.9211868050488725e-06,1,1,1,0,0
339,34,13:27:00,9,-0.0280821917808218,780488.0,-0.028013698630137,-0.0280821917808218,1.0940774550744841e-07,-0.0282191780821917,7.111503457984149e-08,-0.0283561643835615,6.509760857693181e-07,-0.0284931506849315,3.1782950069913767e-06,-0.0286301369863014,8.205580913058631e-07,-0.0279452054794521,5.470387275372421e-09,-0.0278082191780821,2.07874716464152e-07,-0.0276712328767122,9.299658368133117e-08,-0.0275342465753425,6.017426002909662e-08,-0.0273972602739726,8.752619640595873e-08,1,1,1,0,0
340,34,13:27:03,9,-0.0279452054794521,794719.0,-0.027876712328767,-0.0279452054794521,1.641116182611726e-08,-0.0280821917808218,1.3675968188431052e-07,-0.0282191780821917,6.564464730446904e-08,-0.0283561643835615,6.509760857693181e-07,-0.0284931506849315,3.1782950069913767e-06,-0.0278082191780821,7.65854218552139e-08,-0.0276712328767122,1.0940774550744841e-07,-0.0275342465753425,6.564464730446904e-08,-0.0273972602739726,1.586412309858002e-07,-0.0272602739726026,2.795367897715307e-06,0,1,1,0,0
341,34,13:27:06,9,-0.0280821917808218,780531.0,-0.0281506849315069,-0.0282191780821917,6.564464730446904e-08,-0.0283561643835615,6.509760857693181e-07,-0.0284931506849315,3.1782950069913767e-06,-0.0286301369863014,8.205580913058631e-07,-0.0287671232876711,6.509760857693181e-07,-0.0280821917808218,1.0940774550744842e-08,-0.0279452054794521,1.9693394191340717e-07,-0.0278082191780821,3.993382711021867e-07,-0.0276712328767122,1.0940774550744841e-07,-0.0275342465753425,9.299658368133117e-08,1,1,1,0,0
342,34,13:27:09,9,-0.0282191780821917,1198770.0,-0.0283561643835615,-0.0284931506849315,3.11812074696228e-06,-0.0286301369863014,8.205580913058631e-07,-0.0287671232876711,7.65854218552139e-07,-0.0289041095890411,8.150877040304907e-07,-0.029041095890411,7.27561507624532e-07,-0.0282191780821917,3.8292710927606954e-08,-0.0280821917808218,2.4616742739175896e-07,-0.0279452054794521,1.6958200553654506e-07,-0.0278082191780821,3.4463439834846253e-07,-0.0276712328767122,1.0940774550744841e-07,1,1,1,0,0
343,34,13:27:12,9,-0.0282191780821917,319266.0,-0.0283561643835615,-0.0284931506849315,3.11812074696228e-06,-0.0286301369863014,8.205580913058631e-07,-0.0287671232876711,7.65854218552139e-07,-0.0289041095890411,8.150877040304907e-07,-0.029041095890411,7.27561507624532e-07,-0.0282191780821917,7.65854218552139e-08,-0.0280821917808218,7.65854218552139e-08,-0.0279452054794521,1.6958200553654506e-07,-0.0278082191780821,3.2275284924697285e-07,-0.0276712328767122,1.03937358232076e-07,1,1,1,0,0
344,34,13:27:15,9,-0.0282191780821917,283736.0,-0.0283561643835615,-0.0284931506849315,3.11812074696228e-06,-0.0286301369863014,8.205580913058631e-07,-0.0287671232876711,7.166207330737871e-07,-0.0289041095890411,8.150877040304907e-07,-0.029041095890411,7.27561507624532e-07,-0.0282191780821917,1.03937358232076e-07,-0.0280821917808218,1.6958200553654506e-07,-0.0279452054794521,2.297562655656417e-07,-0.0278082191780821,3.2275284924697285e-07,-0.0276712328767122,1.03937358232076e-07,1,1,0,0,0
345,34,13:27:18,9,-0.0283561643835615,255352.0,-0.0284246575342463,-0.0284931506849315,3.0907688105854178e-06,-0.0286301369863014,8.205580913058631e-07,-0.0287671232876711,7.111503457984147e-07,-0.0289041095890411,8.150877040304907e-07,-0.029041095890411,7.27561507624532e-07,-0.0283561643835615,3.5010478562383493e-07,-0.0282191780821917,9.299658368133117e-08,-0.0280821917808218,1.805227800872899e-07,-0.0279452054794521,2.844601383193659e-07,-0.0278082191780821,3.5010478562383493e-07,1,1,1,0,0
346,34,13:27:21,9,-0.0284931506849315,326246.0,-0.0284246575342463,-0.0284931506849315,2.9211868050488725e-06,-0.0286301369863014,1.3675968188431052e-06,-0.0287671232876711,7.385022821752768e-07,-0.0289041095890411,8.150877040304907e-07,-0.029041095890411,7.27561507624532e-07,-0.0283561643835615,3.282232365223453e-07,-0.0282191780821917,4.978052420588903e-07,-0.0280821917808218,2.7898975104399344e-07,-0.0279452054794521,2.844601383193659e-07,-0.0278082191780821,8.205580913058631e-08,1,1,0,0,0
347,34,13:27:24,9,-0.0284931506849315,425522.0,-0.0284246575342463,-0.0284931506849315,2.603904343077272e-06,-0.0286301369863014,1.3675968188431052e-06,-0.0287671232876711,7.330318948999044e-07,-0.0289041095890411,8.150877040304907e-07,-0.029041095890411,7.27561507624532e-07,-0.0283561643835615,5.251571784357523e-07,-0.0282191780821917,5.142164038850075e-07,-0.0280821917808218,2.7898975104399344e-07,-0.0279452054794521,3.11812074696228e-07,-0.0278082191780821,8.205580913058631e-08,1,1,0,0,0
348,34,13:27:27,9,-0.0278082191780821,3178004.0,-0.0282191780821917,-0.0284931506849315,2.0732767773661474e-06,-0.0286301369863014,1.3730672061184775e-06,-0.0287671232876711,7.65854218552139e-07,-0.0289041095890411,8.150877040304907e-07,-0.029041095890411,7.54913444001394e-07,-0.0279452054794521,5.470387275372421e-07,-0.0278082191780821,1.0940774550744842e-08,-0.0276712328767122,1.03937358232076e-07,-0.0275342465753425,3.282232365223452e-08,-0.0273972602739726,7.166207330737871e-07,1,1,0,0,0
349,34,13:27:30,9,-0.0283561643835615,1085151.0,-0.0284246575342463,-0.0284931506849315,1.6192346335102366e-06,-0.0286301369863014,1.3730672061184775e-06,-0.0287671232876711,7.65854218552139e-07,-0.0289041095890411,8.150877040304907e-07,-0.029041095890411,7.54913444001394e-07,-0.0283561643835615,4.9233485478351786e-08,-0.0280821917808218,5.470387275372421e-08,-0.0279452054794521,5.743906639141042e-07,-0.0278082191780821,1.0940774550744842e-08,-0.0276712328767122,4.9233485478351786e-08,1,1,0,0,0
350,34,13:27:33,9,-0.0280821917808218,751820.0,-0.028013698630137,-0.0280821917808218,4.212198202036764e-07,-0.0284931506849315,1.274600235161774e-06,-0.0286301369863014,1.3730672061184775e-06,-0.0287671232876711,8.205580913058631e-07,-0.0289041095890411,8.150877040304907e-07,-0.0279452054794521,5.743906639141042e-07,-0.0278082191780821,1.0940774550744842e-08,-0.0276712328767122,4.9233485478351786e-08,-0.0275342465753425,2.7351936376862106e-08,-0.0273972602739726,8.479100276827252e-07,0,0,0,0,0
351,34,13:27:36,9,-0.0284931506849315,1418652.0,-0.0282876712328766,-0.0284931506849315,1.3238337206401255e-06,-0.0286301369863014,1.3730672061184775e-06,-0.0287671232876711,8.150877040304907e-07,-0.0289041095890411,8.150877040304907e-07,-0.029041095890411,7.54913444001394e-07,-0.0280821917808218,6.564464730446904e-08,-0.0279452054794521,6.619168603200629e-07,-0.0278082191780821,1.2034852005819325e-07,-0.0276712328767122,4.9233485478351786e-08,-0.0275342465753425,2.7351936376862106e-08,1,0,0,0,0
352,34,13:27:39,9,-0.0282191780821917,21283.0,-0.0281506849315069,-0.0282191780821917,5.470387275372421e-08,-0.0283561643835615,1.4770045643505538e-07,-0.0284931506849315,1.3293041079154983e-06,-0.0286301369863014,1.3730672061184775e-06,-0.0287671232876711,8.150877040304907e-07,-0.0280821917808218,1.9146355463803476e-07,-0.0279452054794521,7.603838312767665e-07,-0.0278082191780821,1.2034852005819325e-07,-0.0276712328767122,4.9233485478351786e-08,-0.0275342465753425,2.7351936376862106e-08,1,0,0,0,0
353,34,13:27:42,9,-0.0282191780821917,78034.0,-0.0282876712328766,-0.0283561643835615,1.531708437104278e-07,-0.0284931506849315,1.4441822406983192e-06,-0.0286301369863014,1.3730672061184775e-06,-0.0287671232876711,8.150877040304907e-07,-0.0289041095890411,8.150877040304907e-07,-0.0282191780821917,3.2712915906727084e-08,-0.0280821917808218,3.4463439834846253e-07,-0.0279452054794521,8.314988658566079e-07,-0.0278082191780821,1.2034852005819325e-07,-0.0276712328767122,4.9233485478351786e-08,1,0,0,0,0
354,34,13:27:45,9,-0.0284931506849315,1184400.0,-0.0283561643835615,-0.0284931506849315,7.330318948999044e-07,-0.0286301369863014,1.3457152697416156e-06,-0.0287671232876711,8.314988658566079e-07,-0.0289041095890411,8.150877040304907e-07,-0.029041095890411,7.54913444001394e-07,-0.0282191780821917,1.0382795048656857e-07,-0.0280821917808218,3.77456722000697e-07,-0.0279452054794521,8.697915767842149e-07,-0.0278082191780821,1.2034852005819325e-07,-0.0276712328767122,4.9233485478351786e-08,1,0,0,0,0
355,34,13:27:48,9,-0.0286301369863014,2156263.0,-0.0285616438356165,-0.0286301369863014,1.1706628769296982e-06,-0.0287671232876711,8.424396404073528e-07,-0.0289041095890411,8.424396404073528e-07,-0.029041095890411,7.54913444001394e-07,-0.0291780821917807,1.4223006915968298e-07,-0.0284931506849315,9.846697095670358e-07,-0.0283561643835615,3.282232365223452e-08,-0.0282191780821917,6.017426002909662e-08,-0.0280821917808218,5.470387275372421e-08,-0.0279452054794521,1.930937300460957e-06,1,0,0,0,0
356,34,13:27:51,9,-0.0284931506849315,936051.0,-0.0285616438356165,-0.0286301369863014,6.619168603200629e-07,-0.0287671232876711,8.588508022334701e-07,-0.0289041095890411,8.424396404073528e-07,-0.029041095890411,7.54913444001394e-07,-0.0291780821917807,1.4223006915968298e-07,-0.0284931506849315,9.35436224088684e-07,-0.0283561643835615,3.77456722000697e-07,-0.0282191780821917,1.4223006915968298e-07,-0.0280821917808218,5.470387275372421e-08,-0.0279452054794521,1.7066514221706878e-06,1,0,0,0,0
357,34,13:27:54,9,-0.0284931506849315,808381.0,-0.0285616438356165,-0.0286301369863014,1.750523928119175e-07,-0.0287671232876711,8.588508022334701e-07,-0.0289041095890411,8.424396404073528e-07,-0.029041095890411,7.54913444001394e-07,-0.0291780821917807,1.4223006915968298e-07,-0.0284931506849315,1.028432807770015e-06,-0.0283561643835615,6.400353112185732e-07,-0.0282191780821917,1.03937358232076e-07,-0.0280821917808218,5.470387275372421e-08,-0.0279452054794521,1.7285329712721774e-06,0,0,0,0,0
358,34,13:27:57,9,-0.0286301369863014,850853.0,-0.0286986301369862,-0.0287671232876711,5.087460166096352e-07,-0.0289041095890411,8.424396404073528e-07,-0.029041095890411,7.54913444001394e-07,-0.0291780821917807,1.4223006915968298e-07,-0.0293150684931506,5.470387275372421e-08,-0.0286301369863014,4.2669020747904883e-07,-0.0284931506849315,1.0339031950453876e-06,-0.0283561643835615,7.93206154929001e-07,-0.0282191780821917,1.03937358232076e-07,-0.0280821917808218,5.470387275372421e-08,1,0,0,0,0
359,34,13:28:00,9,-0.0284931506849315,2198040.0,-0.0286986301369862,-0.0289041095890411,6.181537621170835e-07,-0.029041095890411,7.54913444001394e-07,-0.0291780821917807,1.4223006915968298e-07,-0.0293150684931506,5.470387275372421e-08,-0.0294520547945206,2.1881549101489682e-07,-0.0284931506849315,1.1870740387558152e-06,-0.0283561643835615,7.93206154929001e-07,-0.0282191780821917,9.299658368133117e-08,-0.0280821917808218,5.470387275372421e-08,-0.0279452054794521,1.8871742022579776e-06,0,0,0,0,0
360,34,13:28:03,9,-0.0286301369863014,871974.0,-0.0287671232876711,-0.0289041095890411,5.470387275372421e-08,-0.029041095890411,7.54913444001394e-07,-0.0291780821917807,1.4223006915968298e-07,-0.0293150684931506,5.470387275372421e-08,-0.0294520547945206,2.1881549101489682e-07,-0.0286301369863014,2.406970401163865e-07,-0.0284931506849315,1.2034852005819325e-06,-0.0283561643835615,8.862027386103322e-07,-0.0282191780821917,9.299658368133117e-08,-0.0280821917808218,5.470387275372421e-08,0,0,0,0,0
361,34,13:28:06,9,-0.029041095890411,1056166.0,-0.0289041095890411,-0.029041095890411,1.9693394191340717e-07,-0.0291780821917807,1.4223006915968298e-07,-0.0293150684931506,5.470387275372421e-08,-0.0294520547945206,2.1881549101489682e-07,-0.0295890410958903,5.470387275372421e-09,-0.0287671232876711,1.9693394191340717e-07,-0.0286301369863014,8.260284785812356e-07,-0.0284931506849315,1.132370166002091e-06,-0.0283561643835615,8.862027386103322e-07,-0.0282191780821917,9.299658368133117e-08,0,0,0,0,0
362,34,13:28:09,9,-0.029041095890411,269344.0,-0.0291095890410958,-0.0291780821917807,1.4223006915968298e-07,-0.0293150684931506,5.470387275372421e-08,-0.0294520547945206,2.1881549101489682e-07,-0.0295890410958903,5.470387275372421e-09,-0.0297260273972602,4.3763098202979367e-08,-0.029041095890411,4.978052420588903e-07,-0.0289041095890411,3.282232365223453e-07,-0.0287671232876711,2.406970401163865e-07,-0.0286301369863014,9.409066113640564e-07,-0.0284931506849315,1.1268997787267187e-06,0,0,0,0,0
363,34,13:28:12,9,-0.0293150684931506,368543.0,-0.0291780821917807,-0.0293150684931506,4.9233485478351786e-08,-0.0294520547945206,2.1881549101489682e-07,-0.0295890410958903,5.470387275372421e-09,-0.0297260273972602,4.3763098202979367e-08,-0.0298630136986302,6.017426002909662e-08,-0.029041095890411,5.087460166096352e-07,-0.0289041095890411,7.385022821752768e-07,-0.0287671232876711,2.5710820194250377e-07,-0.0286301369863014,1.0995478423498563e-06,-0.0284931506849315,1.1597221023789532e-06,0,0,0,0,0
364,34,13:28:15,9,-0.0293150684931506,134654.0,-0.0293835616438357,-0.0294520547945206,2.1881549101489682e-07,-0.0295890410958903,1.641116182611726e-08,-0.0297260273972602,4.3763098202979367e-08,-0.0298630136986302,6.017426002909662e-08,-0.0299999999999999,1.3840079806692225e-06,-0.0293150684931506,2.7351936376862106e-08,-0.0291780821917807,2.7351936376862106e-08,-0.029041095890411,5.032756293342627e-07,-0.0289041095890411,1.1870740387558152e-06,-0.0287671232876711,2.5710820194250377e-07,0,0,0,0,0
365,34,13:28:18,9,-0.0294520547945206,368479.0,-0.0293835616438357,-0.0294520547945206,6.017426002909662e-08,-0.0295890410958903,1.641116182611726e-08,-0.0297260273972602,4.3763098202979367e-08,-0.0298630136986302,6.017426002909662e-08,-0.0299999999999999,1.3840079806692225e-06,-0.0293150684931506,2.7351936376862106e-08,-0.029041095890411,3.610455601745798e-07,-0.0289041095890411,1.1870740387558152e-06,-0.0287671232876711,2.4616742739175896e-07,-0.0286301369863014,1.1542517151035809e-06,0,0,0,0,0
366,34,13:28:21,9,-0.0294520547945206,425140.0,-0.0295205479452055,-0.0295890410958903,1.641116182611726e-08,-0.0297260273972602,4.3763098202979367e-08,-0.0298630136986302,8.752619640595873e-08,-0.0299999999999999,1.3840079806692225e-06,-0.0301369863013698,9.35436224088684e-07,-0.0294520547945206,2.7898975104399344e-07,-0.0293150684931506,7.111503457984149e-08,-0.029041095890411,8.862027386103322e-07,-0.0289041095890411,1.1870740387558152e-06,-0.0287671232876711,2.352266528410141e-07,0,0,0,0,0
367,34,13:28:24,9,-0.0297260273972602,63755.0,-0.0296575342465752,-0.0297260273972602,3.8292710927606954e-08,-0.0298630136986302,8.752619640595873e-08,-0.0299999999999999,1.3840079806692225e-06,-0.0301369863013698,9.35436224088684e-07,-0.0302739726027396,2.7351936376862106e-08,-0.0295890410958903,4.0480865837755926e-07,-0.0294520547945206,4.3763098202979364e-07,-0.0293150684931506,1.0940774550744841e-07,-0.029041095890411,1.0448439695961323e-06,-0.0289041095890411,3.5557517289920734e-07,0,0,0,0,0
368,34,13:28:27,9,-0.0297260273972602,177093.0,-0.0297945205479454,-0.0298630136986302,8.752619640595873e-08,-0.0299999999999999,1.3840079806692225e-06,-0.0301369863013698,9.409066113640564e-07,-0.0302739726027396,2.7351936376862106e-08,-0.0304109589041096,3.282232365223452e-08,-0.0297260273972602,2.1881549101489683e-08,-0.0295890410958903,8.643211895088425e-07,-0.0294520547945206,6.455056984939457e-07,-0.0293150684931506,3.719863347253246e-07,-0.029041095890411,1.0448439695961323e-06,1,0,0,0,0
369,34,13:28:30,9,-0.0301369863013698,7946407.0,-0.0302054794520547,-0.0302739726027396,2.7351936376862106e-08,-0.0304109589041096,3.282232365223452e-08,-0.0305479452054795,1.55906037348114e-07,-0.0306849315068492,4.3763098202979367e-08,-0.0308219178082191,1.805227800872899e-07,-0.0301369863013698,5.470387275372421e-09,-0.0299999999999999,6.564464730446905e-07,-0.0297260273972602,1.0940774550744841e-07,-0.0295890410958903,5.470387275372421e-08,-0.0294520547945206,1.9146355463803476e-07,1,0,0,0,0
370,34,13:28:33,9,-0.0302739726027396,148675.0,-0.0303424657534246,-0.0304109589041096,3.282232365223452e-08,-0.0305479452054795,1.55906037348114e-07,-0.0306849315068492,4.3763098202979367e-08,-0.0308219178082191,1.805227800872899e-07,-0.0309589041095891,1.0940774550744842e-08,-0.0302739726027396,4.9233485478351786e-08,-0.0301369863013698,1.2427625812191063e-06,-0.0299999999999999,6.509760857693181e-07,-0.0298630136986302,5.470387275372421e-08,-0.0297260273972602,1.4223006915968298e-07,1,0,0,0,0
371,34,13:28:36,9,-0.0304109589041096,2237313.0,-0.0304794520547944,-0.0305479452054795,1.55906037348114e-07,-0.0306849315068492,7.111503457984149e-08,-0.0308219178082191,1.805227800872899e-07,-0.0309589041095891,1.0940774550744842e-08,-0.0310958904109588,4.3763098202979367e-08,-0.0304109589041096,1.586412309858002e-07,-0.0302739726027396,8.205580913058631e-08,-0.0301369863013698,4.212198202036764e-07,-0.0299999999999999,2.854448080289329e-07,-0.0298630136986302,5.470387275372421e-08,1,0,0,0,0
372,34,13:28:39,9,-0.0304109589041096,622822.0,-0.0303424657534246,-0.0304109589041096,1.641116182611726e-08,-0.0305479452054795,1.0940774550744842e-08,-0.0306849315068492,8.20558091305863e-09,-0.0308219178082191,1.805227800872899e-07,-0.0309589041095891,1.0940774550744842e-08,-0.0302739726027396,3.282232365223452e-08,-0.0301369863013698,4.3216059475442123e-07,-0.0299999999999999,2.854448080289329e-07,-0.0298630136986302,5.470387275372421e-08,-0.0297260273972602,1.4770045643505538e-07,0,0,0,0,0
373,34,13:28:42,9,-0.0304109589041096,431828.0,-0.0302739726027397,-0.0304109589041096,1.6958200553654506e-07,-0.0305479452054795,5.470387275372421e-09,-0.0306849315068492,8.20558091305863e-09,-0.0308219178082191,1.6958200553654506e-07,-0.0309589041095891,1.0940774550744842e-08,-0.0301369863013698,2.7351936376862104e-07,-0.0299999999999999,2.854448080289329e-07,-0.0298630136986302,5.470387275372421e-08,-0.0297260273972602,1.1487813278282086e-07,-0.0295890410958903,5.962722130155939e-07,0,0,0,0,0
374,34,13:28:45,9,-0.0304109589041096,120334.0,-0.0303424657534246,-0.0304109589041096,9.846697095670357e-08,-0.0305479452054795,5.470387275372421e-09,-0.0306849315068492,8.20558091305863e-09,-0.0308219178082191,2.297562655656417e-07,-0.0309589041095891,1.0940774550744842e-08,-0.0302739726027396,1.641116182611726e-08,-0.0301369863013698,4.540421438559109e-07,-0.0299999999999999,2.909151953043053e-07,-0.0298630136986302,5.470387275372421e-08,-0.0297260273972602,1.1487813278282086e-07,0,0,0,0,0
375,34,13:28:48,9,-0.0304109589041096,389222.0,-0.0306164383561643,-0.0306849315068492,6.482408921316319e-07,-0.0308219178082191,3.391640110730901e-07,-0.0309589041095891,1.0940774550744842e-08,-0.0310958904109588,1.2581890733356568e-07,-0.0312328767123287,2.7898975104399344e-07,-0.0305479452054795,3.282232365223452e-08,-0.0304109589041096,6.728576348708078e-07,-0.0302739726027396,4.9233485478351786e-08,-0.0301369863013698,4.595125311312834e-07,-0.0299999999999999,3.893821662610089e-07,1,0,0,0,0
376,34,13:28:51,9,-0.0306849315068492,431645.0,-0.0306164383561643,-0.0306849315068492,4.731884993197144e-07,-0.0308219178082191,3.4463439834846253e-07,-0.0309589041095891,1.0940774550744842e-08,-0.0310958904109588,1.2581890733356568e-07,-0.0312328767123287,2.7898975104399344e-07,-0.0305479452054795,4.431013693051661e-07,-0.0304109589041096,8.369692531319804e-07,-0.0302739726027396,1.4223006915968298e-07,-0.0301369863013698,4.3763098202979364e-07,-0.0299999999999999,2.580928716520709e-07,0,0,0,0,0
377,34,13:28:54,9,-0.0308219178082191,2352740.0,-0.0308904109589041,-0.0309589041095891,1.0940774550744842e-08,-0.0310958904109588,1.2581890733356568e-07,-0.0312328767123287,2.7898975104399344e-07,-0.0313698630136987,2.2428587829026925e-07,-0.0315068493150684,1.7122312171915677e-06,-0.0308219178082191,1.0202272268569564e-06,-0.0304109589041096,3.654218699948777e-06,-0.0302739726027396,1.6411161826117265e-07,-0.0301369863013698,4.3763098202979364e-07,-0.0299999999999999,2.580928716520709e-07,0,0,0,0,1
378,34,13:28:57,9,-0.0308219178082191,912513.0,-0.0310273972602739,-0.0312328767123287,9.299658368133117e-08,-0.0313698630136987,2.2428587829026925e-07,-0.0315068493150684,1.7122312171915677e-06,-0.0316438356164383,2.0240432918877963e-07,-0.0317808219178081,6.947391839722974e-07,-0.0308219178082191,2.387824045700062e-06,-0.0306849315068492,2.07874716464152e-07,-0.0304109589041096,3.812859930934577e-06,-0.0302739726027396,1.6411161826117265e-07,-0.0301369863013698,4.3763098202979364e-07,0,0,0,0,1
379,34,13:29:00,9,-0.0315068493150684,1725432.0,-0.0311643835616438,-0.0315068493150684,1.0776662932483669e-06,-0.0316438356164383,2.0240432918877963e-07,-0.0317808219178081,6.947391839722974e-07,-0.0319178082191781,1.2417779115095396e-06,-0.032054794520548,4.0480865837755926e-07,-0.0308219178082191,2.371412883873945e-06,-0.0306849315068492,4.102790456529316e-07,-0.0304109589041096,3.780037607282343e-06,-0.0302739726027396,1.6411161826117265e-07,-0.0301369863013698,4.431013693051661e-07,0,0,0,0,1
380,34,13:29:03,9,-0.0308219178082191,806051.0,-0.0308904109589041,-0.0309589041095891,5.470387275372421e-09,-0.0315068493150684,6.564464730446905e-07,-0.0316438356164383,2.0240432918877963e-07,-0.0317808219178081,6.947391839722974e-07,-0.0319178082191781,1.2308371369587949e-06,-0.0308219178082191,2.3604721093231994e-06,-0.0306849315068492,4.2669020747904883e-07,-0.0305479452054795,3.8292710927606954e-08,-0.0304109589041096,3.834741480036067e-06,-0.0302739726027396,1.6411161826117265e-07,0,0,0,0,0
381,34,13:29:06,9,-0.0315068493150684,7450908.0,-0.0313698630136984,-0.0315068493150684,5.415683402618696e-07,-0.0316438356164383,2.0240432918877963e-07,-0.0317808219178081,7.220911203491596e-07,-0.0319178082191781,1.2308371369587949e-06,-0.032054794520548,4.0480865837755926e-07,-0.0312328767123287,3.282232365223452e-08,-0.0309589041095891,2.7351936376862106e-08,-0.0304109589041096,1.6055586653218054e-06,-0.0302739726027396,1.6411161826117265e-07,-0.0301369863013698,4.485717565805385e-07,1,0,0,0,1
382,34,13:29:09,9,-0.0316438356164383,2905769.0,-0.0315753424657535,-0.0316438356164383,1.9693394191340717e-07,-0.0317808219178081,7.220911203491596e-07,-0.0319178082191781,5.962722130155939e-07,-0.032054794520548,4.0480865837755926e-07,-0.0321917808219177,2.2428587829026925e-07,-0.0315068493150684,1.7724054772206644e-06,-0.0312328767123287,7.111503457984149e-08,-0.0310958904109588,3.172824619716004e-07,-0.0309589041095891,2.7351936376862106e-08,-0.0308219178082191,6.017426002909662e-08,1,0,0,0,1
383,34,13:29:12,9,-0.0316438356164383,148466.0,-0.0315753424657535,-0.0316438356164383,1.750523928119175e-07,-0.0317808219178081,7.603838312767665e-07,-0.0319178082191781,5.962722130155939e-07,-0.032054794520548,4.0480865837755926e-07,-0.0321917808219177,2.2428587829026925e-07,-0.0315068493150684,2.2756811065549272e-06,-0.0312328767123287,1.805227800872899e-07,-0.0310958904109588,4.431013693051661e-07,-0.0309589041095891,2.844601383193659e-07,-0.0308219178082191,2.5710820194250377e-07,1,0,0,0,1
384,34,13:29:15,9,-0.0316438356164383,968554.0,-0.0317123287671232,-0.0317808219178081,7.603838312767665e-07,-0.0319178082191781,5.962722130155939e-07,-0.032054794520548,4.0480865837755926e-07,-0.0321917808219177,2.2428587829026925e-07,-0.0323287671232876,2.1334510373952441e-07,-0.0316438356164383,4.9233485478351786e-08,-0.0315068493150684,1.7778758644960367e-06,-0.0312328767123287,1.805227800872899e-07,-0.0310958904109588,4.485717565805385e-07,-0.0309589041095891,4.431013693051661e-07,1,0,0,1,1
385,34,13:29:18,9,-0.0316438356164383,233246.0,-0.0317123287671232,-0.0317808219178081,5.908018257402214e-07,-0.0319178082191781,5.962722130155939e-07,-0.032054794520548,4.0480865837755926e-07,-0.0321917808219177,2.2428587829026925e-07,-0.0323287671232876,2.1334510373952441e-07,-0.0316438356164383,2.297562655656417e-07,-0.0315068493150684,2.106099101018382e-06,-0.0312328767123287,1.805227800872899e-07,-0.0310958904109588,2.1881549101489682e-07,-0.0309589041095891,4.485717565805385e-07,1,0,0,1,1
386,34,13:29:21,9,-0.0316438356164383,3217926.0,-0.0317123287671232,-0.0317808219178081,6.335802542336338e-07,-0.0319178082191781,6.017426002909662e-07,-0.032054794520548,4.0480865837755926e-07,-0.0321917808219177,2.2428587829026925e-07,-0.0323287671232876,2.1334510373952441e-07,-0.0316438356164383,4.212198202036764e-07,-0.0315068493150684,8.369692531319804e-07,-0.0312328767123287,1.9693394191340717e-07,-0.0310958904109588,2.1881549101489682e-07,-0.0309589041095891,4.485717565805385e-07,1,0,0,1,1
387,34,13:29:24,9,-0.0317808219178081,798704.0,-0.0317123287671232,-0.0317808219178081,2.0141965947921254e-07,-0.0319178082191781,6.017426002909662e-07,-0.032054794520548,4.485717565805385e-07,-0.0321917808219177,2.2428587829026925e-07,-0.0323287671232876,2.1334510373952441e-07,-0.0316438356164383,1.0721959059729943e-06,-0.0315068493150684,8.369692531319804e-07,-0.0312328767123287,8.205580913058631e-08,-0.0310958904109588,2.352266528410141e-07,-0.0309589041095891,4.485717565805385e-07,0,0,0,1,1
388,34,13:29:27,9,-0.0317808219178081,479355.0,-0.0318493150684929,-0.0319178082191781,6.017426002909662e-07,-0.032054794520548,4.540421438559109e-07,-0.0321917808219177,2.2428587829026925e-07,-0.0323287671232876,2.1334510373952441e-07,-0.0324657534246576,4.3763098202979364e-07,-0.0317808219178081,1.9265609906406598e-06,-0.0316438356164383,1.1159590041759738e-06,-0.0315068493150684,9.62788160465546e-07,-0.0312328767123287,8.205580913058631e-08,-0.0310958904109588,2.352266528410141e-07,0,0,0,1,1
389,34,13:29:30,9,-0.0317808219178081,233231.0,-0.0318493150684929,-0.0319178082191781,5.415683402618696e-07,-0.032054794520548,4.595125311312834e-07,-0.0321917808219177,2.2428587829026925e-07,-0.0323287671232876,2.1334510373952441e-07,-0.0324657534246576,4.3763098202979364e-07,-0.0317808219178081,2.506422041830136e-06,-0.0316438356164383,1.1706628769296982e-06,-0.0315068493150684,9.62788160465546e-07,-0.0312328767123287,8.752619640595873e-08,-0.0310958904109588,2.352266528410141e-07,0,0,0,1,1
390,34,13:29:33,9,-0.0319178082191781,1081320.0,-0.0318493150684929,-0.0319178082191781,8.205580913058631e-08,-0.032054794520548,4.595125311312834e-07,-0.0321917808219177,2.2428587829026925e-07,-0.0323287671232876,2.1881549101489682e-07,-0.0324657534246576,4.3763098202979364e-07,-0.0317808219178081,2.353251198119708e-06,-0.0316438356164383,1.1816036514804429e-06,-0.0315068493150684,9.62788160465546e-07,-0.0312328767123287,8.752619640595873e-08,-0.0310958904109588,2.352266528410141e-07,0,0,0,1,1
391,34,13:29:36,9,-0.0319178082191781,1258013.0,-0.0319863013698631,-0.032054794520548,4.431013693051661e-07,-0.0321917808219177,2.5163781466713136e-07,-0.0323287671232876,2.1881549101489682e-07,-0.0324657534246576,4.3763098202979364e-07,-0.0326027397260273,2.7898975104399344e-07,-0.0319178082191781,7.111503457984149e-08,-0.0317808219178081,1.986735250669756e-06,-0.0316438356164383,1.3840079806692225e-06,-0.0315068493150684,9.62788160465546e-07,-0.0312328767123287,7.111503457984149e-08,0,0,0,1,1
392,34,13:29:39,9,-0.0324657534246576,4386429.0,-0.0326712328767122,-0.0327397260273972,5.470387275372421e-09,-0.0328767123287672,2.2428587829026925e-07,-0.0330136986301369,7.65854218552139e-08,-0.0331506849315068,9.682585477409186e-07,-0.0332876712328767,1.750523928119175e-07,-0.0326027397260273,1.03937358232076e-07,-0.0319178082191781,1.03937358232076e-07,-0.0317808219178081,1.7733901469302314e-06,-0.0316438356164383,1.247248298784912e-06,-0.0315068493150684,9.62788160465546e-07,1,0,1,1,2
393,34,13:29:42,9,-0.0327397260273972,261268.0,-0.0328082191780823,-0.0328767123287672,2.2428587829026925e-07,-0.0330136986301369,7.65854218552139e-08,-0.0331506849315068,9.682585477409186e-07,-0.0332876712328767,1.750523928119175e-07,-0.0334246575342465,1.03937358232076e-07,-0.0327397260273972,2.1881549101489682e-07,-0.0326027397260273,2.2428587829026925e-07,-0.0324657534246576,2.680489764932487e-07,-0.0321917808219177,3.8292710927606954e-08,-0.032054794520548,1.586412309858002e-07,1,0,1,2,2
394,34,13:29:45,9,-0.0327397260273972,63549.0,-0.0328082191780823,-0.0328767123287672,9.135546749871944e-07,-0.0330136986301369,7.65854218552139e-08,-0.0331506849315068,9.135546749871944e-07,-0.0332876712328767,1.750523928119175e-07,-0.0334246575342465,1.03937358232076e-07,-0.0327397260273972,2.5163781466713136e-07,-0.0326027397260273,2.352266528410141e-07,-0.0324657534246576,2.680489764932487e-07,-0.0323287671232876,7.65854218552139e-08,-0.0321917808219177,3.8292710927606954e-08,1,0,1,2,2
395,34,13:29:48,9,-0.0328767123287672,1242610.0,-0.0328082191780823,-0.0328767123287672,2.899305255947383e-07,-0.0330136986301369,7.65854218552139e-08,-0.0331506849315068,9.135546749871944e-07,-0.0332876712328767,1.750523928119175e-07,-0.0334246575342465,1.03937358232076e-07,-0.0327397260273972,1.3894783679445948e-06,-0.0326027397260273,1.859931673626623e-07,-0.0324657534246576,2.680489764932487e-07,-0.0323287671232876,7.65854218552139e-08,-0.0321917808219177,3.8292710927606954e-08,1,0,1,1,2
396,34,13:29:51,9,-0.0328767123287672,995381.0,-0.0330136986301369,-0.0331506849315068,7.439726694506492e-07,-0.0332876712328767,1.750523928119175e-07,-0.0334246575342465,1.03937358232076e-07,-0.0335616438356164,8.916731258857046e-07,-0.0336986301369862,6.564464730446904e-08,-0.0328767123287672,1.2034852005819325e-07,-0.0327397260273972,1.4605934025244365e-06,-0.0326027397260273,2.352266528410141e-07,-0.0324657534246576,2.680489764932487e-07,-0.0323287671232876,7.65854218552139e-08,1,1,1,1,2
397,34,13:29:54,9,-0.0331506849315068,1171870.0,-0.0330136986301369,-0.0331506849315068,6.017426002909662e-07,-0.0332876712328767,1.750523928119175e-07,-0.0334246575342465,1.2581890733356568e-07,-0.0335616438356164,8.916731258857046e-07,-0.0336986301369862,6.564464730446904e-08,-0.0328767123287672,3.610455601745798e-07,-0.0327397260273972,1.5973530844087468e-06,-0.0326027397260273,2.1334510373952441e-07,-0.0324657534246576,2.680489764932487e-07,-0.0323287671232876,7.65854218552139e-08,1,1,1,2,2
398,34,13:29:57,9,-0.0330136986301369,367053.0,-0.0329452054794521,-0.0330136986301369,1.066725518697622e-06,-0.0331506849315068,5.415683402618696e-07,-0.0332876712328767,1.750523928119175e-07,-0.0334246575342465,1.2581890733356568e-07,-0.0335616438356164,8.807323513349597e-07,-0.0328767123287672,4.377075674516489e-06,-0.0327397260273972,1.5973530844087468e-06,-0.0326027397260273,2.1334510373952441e-07,-0.0324657534246576,2.680489764932487e-07,-0.0323287671232876,7.65854218552139e-08,1,0,1,2,2
399,34,13:30:00,9,-0.0330136986301369,3197944.0,-0.0329452054794521,-0.0330136986301369,1.0940774550744841e-07,-0.0331506849315068,4.485717565805385e-07,-0.0332876712328767,1.750523928119175e-07,-0.0334246575342465,1.531708437104278e-07,-0.0335616438356164,8.807323513349597e-07,-0.0328767123287672,3.3595836412972186e-06,-0.0327397260273972,1.635645795336354e-06,-0.0326027397260273,2.07874716464152e-07,-0.0324657534246576,2.680489764932487e-07,-0.0323287671232876,1.3128929460893809e-07,0,1,1,2,2
400,34,13:30:03,9,-0.0328767123287672,1581219.0,-0.0329452054794521,-0.0330136986301369,5.470387275372421e-09,-0.0332876712328767,1.750523928119175e-07,-0.0334246575342465,1.531708437104278e-07,-0.0335616438356164,8.807323513349597e-07,-0.0336986301369862,6.564464730446904e-08,-0.0328767123287672,3.4635209995292944e-06,-0.0327397260273972,1.586412309858002e-06,-0.0326027397260273,2.07874716464152e-07,-0.0324657534246576,2.680489764932487e-07,-0.0323287671232876,1.3128929460893809e-07,0,0,1,2,2
401,34,13:30:06,9,-0.0332876712328767,621154.0,-0.0332876712328767,-0.0334246575342465,1.531708437104278e-07,-0.0335616438356164,8.97143513161077e-07,-0.0336986301369862,6.564464730446904e-08,-0.0338356164383562,5.634498893633593e-07,-0.0339726027397261,1.3675968188431052e-07,-0.0331506849315068,1.641116182611726e-08,-0.0328767123287672,3.3212909303696115e-06,-0.0327397260273972,1.690349668090078e-06,-0.0326027397260273,2.07874716464152e-07,-0.0324657534246576,2.680489764932487e-07,1,0,1,2,2
402,34,13:30:09,9,-0.0328767123287672,3741434.0,-0.0332191780821917,-0.0334246575342465,9.846697095670357e-08,-0.0335616438356164,8.97143513161077e-07,-0.0336986301369862,6.564464730446904e-08,-0.0338356164383562,5.634498893633593e-07,-0.0339726027397261,1.3675968188431052e-07,-0.0330136986301369,6.564464730446904e-08,-0.0328767123287672,1.4066553839892642e-06,-0.0327397260273972,1.6848792808147057e-06,-0.0326027397260273,2.07874716464152e-07,-0.0323287671232876,1.3128929460893809e-07,1,1,1,2,2
403,34,13:30:12,9,-0.0332876712328767,338715.0,-0.0333561643835617,-0.0334246575342465,2.1881549101489683e-08,-0.0335616438356164,8.424396404073528e-07,-0.0336986301369862,6.564464730446904e-08,-0.0338356164383562,5.634498893633593e-07,-0.0339726027397261,1.3675968188431052e-07,-0.0332876712328767,4.9233485478351786e-08,-0.0330136986301369,5.306275657111248e-07,-0.0328767123287672,1.3683626730616571e-06,-0.0327397260273972,1.6848792808147057e-06,-0.0326027397260273,2.07874716464152e-07,1,1,1,2,2
404,34,13:30:15,9,-0.0334246575342465,712678.0,-0.0334931506849314,-0.0335616438356164,8.643211895088425e-07,-0.0336986301369862,6.564464730446904e-08,-0.0338356164383562,5.689202766387318e-07,-0.0339726027397261,1.4770045643505538e-07,-0.0341095890410958,7.713246058275113e-07,-0.0334246575342465,1.805227800872899e-07,-0.0332876712328767,9.846697095670357e-08,-0.0331506849315068,1.3128929460893809e-07,-0.0330136986301369,5.251571784357523e-07,-0.0328767123287672,1.4340073203661264e-06,1,1,1,2,2
405,34,13:30:18,9,-0.0334246575342465,1481650.0,-0.0334931506849314,-0.0335616438356164,2.4616742739175896e-07,-0.0336986301369862,6.564464730446904e-08,-0.0338356164383562,5.689202766387318e-07,-0.0339726027397261,1.4770045643505538e-07,-0.0341095890410958,7.713246058275113e-07,-0.0334246575342465,3.282232365223452e-08,-0.0332876712328767,1.859931673626623e-07,-0.0331506849315068,1.4223006915968298e-07,-0.0330136986301369,4.3763098202979364e-07,-0.0328767123287672,1.466829644018361e-06,1,1,1,2,2
406,34,13:30:21,9,-0.0334246575342465,296353.0,-0.0334246575342465,-0.0335616438356164,2.7898975104399344e-07,-0.0336986301369862,6.564464730446904e-08,-0.0338356164383562,5.689202766387318e-07,-0.0339726027397261,1.4770045643505538e-07,-0.0341095890410958,7.713246058275113e-07,-0.0332876712328767,2.352266528410141e-07,-0.0331506849315068,1.4223006915968298e-07,-0.0330136986301369,4.978052420588903e-07,-0.0328767123287672,1.494181580395223e-06,-0.0327397260273972,1.3730672061184775e-06,1,2,1,2,2
407,34,13:30:24,9,-0.0332876712328767,2060873.0,-0.0333561643835617,-0.0334246575342465,1.2581890733356568e-07,-0.0335616438356164,1.2034852005819325e-07,-0.0336986301369862,6.564464730446904e-08,-0.0338356164383562,5.689202766387318e-07,-0.0339726027397261,1.4770045643505538e-07,-0.0332876712328767,5.470387275372421e-08,-0.0328767123287672,1.040139436539312e-06,-0.0327397260273972,1.3675968188431052e-06,-0.0326027397260273,4.3763098202979367e-08,-0.0323287671232876,7.65854218552139e-08,1,2,2,2,2
408,34,13:30:27,9,-0.0334246575342465,2963270.0,-0.0334931506849314,-0.0335616438356164,1.0940774550744842e-08,-0.0339726027397261,5.470387275372421e-08,-0.0341095890410958,6.126833748417112e-07,-0.0342465753424657,3.730804121803991e-06,-0.0343835616438357,1.531708437104278e-07,-0.0334246575342465,1.486851261446224e-07,-0.0328767123287672,1.0620209856408018e-06,-0.0327397260273972,1.3675968188431052e-06,-0.0326027397260273,4.3763098202979367e-08,-0.0323287671232876,7.65854218552139e-08,1,2,2,2,2
409,34,13:30:30,9,-0.0334246575342465,550445.0,-0.0334246575342465,-0.0335616438356164,2.7351936376862106e-08,-0.0338356164383562,1.641116182611726e-08,-0.0339726027397261,5.470387275372421e-08,-0.0341095890410958,6.126833748417112e-07,-0.0342465753424657,3.747215283630108e-06,-0.0332876712328767,2.8336606086429142e-08,-0.0328767123287672,1.0620209856408018e-06,-0.0327397260273972,1.3675968188431052e-06,-0.0326027397260273,4.3763098202979367e-08,-0.0323287671232876,7.65854218552139e-08,1,2,2,2,2
410,34,13:30:33,9,-0.0335616438356164,945133.0,-0.0338356164383562,-0.0341095890410958,3.5557517289920734e-07,-0.0342465753424657,3.719863347253246e-06,-0.0343835616438357,1.531708437104278e-07,-0.0345205479452054,9.299658368133117e-08,-0.0346575342465753,5.470387275372421e-08,-0.0335616438356164,2.1881549101489683e-08,-0.0334246575342465,6.017426002909662e-08,-0.0332876712328767,1.859931673626623e-07,-0.0328767123287672,1.0510802110900568e-06,-0.0327397260273972,1.3675968188431052e-06,1,2,2,2,2
411,34,13:30:36,9,-0.0335616438356164,183410.0,-0.033904109589041,-0.0339726027397261,5.470387275372421e-08,-0.0341095890410958,3.829271092760695e-07,-0.0342465753424657,3.719863347253246e-06,-0.0343835616438357,1.531708437104278e-07,-0.0345205479452054,9.846697095670357e-08,-0.0338356164383562,1.03937358232076e-07,-0.0335616438356164,3.5010478562383493e-07,-0.0334246575342465,1.9693394191340717e-07,-0.0332876712328767,1.3128929460893809e-07,-0.0328767123287672,1.0510802110900568e-06,2,2,2,2,2
412,34,13:30:39,9,-0.0335616438356164,649022.0,-0.0334931506849314,-0.0335616438356164,1.662997731713216e-06,-0.0338356164383562,3.8292710927606954e-08,-0.0339726027397261,2.844601383193659e-07,-0.0341095890410958,9.299658368133116e-07,-0.0342465753424657,3.719863347253246e-06,-0.0334246575342465,5.415683402618696e-07,-0.0332876712328767,1.3128929460893809e-07,-0.0331506849315068,5.470387275372421e-09,-0.0328767123287672,1.0729617601915469e-06,-0.0327397260273972,1.3621264315677328e-06,2,2,2,2,2
413,34,13:30:42,9,-0.0332876712328767,1693413.0,-0.0333561643835617,-0.0334246575342465,5.470387275372421e-09,-0.0335616438356164,1.706760829916195e-06,-0.0338356164383562,4.3763098202979367e-08,-0.0339726027397261,2.6257858921787617e-07,-0.0341095890410958,9.35436224088684e-07,-0.0332876712328767,1.6411161826117265e-07,-0.0331506849315068,5.470387275372421e-09,-0.0328767123287672,4.931007090020701e-07,-0.0327397260273972,1.3621264315677328e-06,-0.0326027397260273,4.3763098202979367e-08,2,2,2,2,2
414,34,13:30:45,9,-0.0332876712328767,2929828.0,-0.0330136986301369,-0.0332876712328767,4.212198202036764e-07,-0.0334246575342465,3.11812074696228e-07,-0.0335616438356164,1.5371788243796505e-06,-0.0338356164383562,4.3763098202979367e-08,-0.0339726027397261,2.680489764932487e-07,-0.0327397260273972,4.4528952421531504e-08,-0.0326027397260273,4.3763098202979367e-08,-0.0323287671232876,7.65854218552139e-08,-0.0321917808219177,2.7351936376862106e-08,-0.032054794520548,2.352266528410141e-07,1,1,2,2,2
415,34,13:30:48,9,-0.0332876712328767,853957.0,-0.0333561643835617,-0.0334246575342465,3.063416874208556e-07,-0.0335616438356164,1.5481195989303952e-06,-0.0336986301369862,5.470387275372421e-09,-0.0338356164383562,1.2581890733356568e-07,-0.0339726027397261,2.1334510373952441e-07,-0.0332876712328767,1.7581824703046964e-07,-0.0330136986301369,2.7351936376862106e-08,-0.0327397260273972,6.564464730446904e-08,-0.0326027397260273,1.4223006915968298e-07,-0.0323287671232876,7.65854218552139e-08,2,2,2,2,2
416,34,13:30:51,9,-0.0321917808219177,890547.0,-0.0321232876712328,-0.0321917808219177,1.3128929460893809e-07,-0.0327397260273972,1.4223006915968298e-07,-0.0328767123287672,1.273834380943222e-06,-0.0332876712328767,2.7351936376862106e-08,-0.0334246575342465,4.3763098202979364e-07,-0.032054794520548,2.352266528410141e-07,-0.0319178082191781,1.0940774550744841e-07,-0.0317808219178081,6.345649239432008e-07,-0.0316438356164383,1.3675968188431052e-07,-0.0315068493150684,3.11812074696228e-07,0,1,1,1,1
417,34,13:30:54,9,-0.0331506849315068,2285861.0,-0.0323287671232876,-0.0324657534246576,2.1881549101489683e-08,-0.0331506849315068,6.083070650214133e-08,-0.0332876712328767,3.282232365223452e-08,-0.0334246575342465,1.5918826971333744e-06,-0.0335616438356164,1.5535899862057675e-06,-0.0321917808219177,1.0940774550744842e-08,-0.032054794520548,2.5710820194250377e-07,-0.0319178082191781,1.0940774550744841e-07,-0.0317808219178081,6.345649239432008e-07,-0.0316438356164383,1.3675968188431052e-07,1,1,1,1,2
418,34,13:30:57,9,-0.0326027397260273,388298.0,-0.0327397260273972,-0.0328767123287672,8.205580913058631e-08,-0.0330136986301369,1.0940774550744842e-06,-0.0331506849315068,1.641116182611726e-08,-0.0332876712328767,9.365303015437585e-08,-0.0334246575342465,1.624705020785609e-06,-0.0326027397260273,9.409066113640564e-07,-0.0321917808219177,1.0940774550744842e-08,-0.032054794520548,2.5710820194250377e-07,-0.0319178082191781,1.0940774550744841e-07,-0.0317808219178081,6.017426002909662e-07,1,1,2,2,2
419,34,13:31:00,9,-0.0330136986301369,1037942.0,-0.0328082191780823,-0.0328767123287672,3.8292710927606954e-08,-0.0330136986301369,9.080842877118218e-07,-0.0331506849315068,6.017426002909662e-08,-0.0332876712328767,1.2100496653123794e-07,-0.0334246575342465,1.6465865698870986e-06,-0.0327397260273972,5.470387275372421e-09,-0.0326027397260273,5.634498893633593e-07,-0.0324657534246576,9.846697095670357e-08,-0.0321917808219177,1.0940774550744842e-08,-0.032054794520548,2.352266528410141e-07,1,1,2,2,2
420,34,13:31:03,9,-0.0334246575342465,2703316.0,-0.0328082191780823,-0.0328767123287672,1.6411161826117262e-06,-0.0332876712328767,5.470387275372421e-08,-0.0334246575342465,1.0509708033445495e-06,-0.0335616438356164,1.5809419225826295e-06,-0.0338356164383562,2.1881549101489682e-07,-0.0327397260273972,3.282232365223452e-08,-0.0326027397260273,4.759236929574006e-07,-0.0324657534246576,9.846697095670357e-08,-0.0323287671232876,1.0940774550744842e-08,-0.0321917808219177,2.1881549101489683e-08,1,1,1,2,2
421,34,13:31:06,9,-0.0326027397260273,416598.0,-0.0326712328767122,-0.0327397260273972,1.03937358232076e-07,-0.0328767123287672,2.2702107192795547e-06,-0.0332876712328767,7.65854218552139e-08,-0.0334246575342465,1.0509708033445495e-06,-0.0335616438356164,2.0185729046124235e-06,-0.0326027397260273,1.4879453389012984e-06,-0.0324657534246576,9.846697095670357e-08,-0.0321917808219177,2.1881549101489683e-08,-0.032054794520548,2.352266528410141e-07,-0.0319178082191781,1.0940774550744841e-07,1,2,1,2,2
422,34,13:31:09,9,-0.0326027397260273,1235731.0,-0.0326712328767122,-0.0327397260273972,5.470387275372421e-08,-0.0328767123287672,1.89822438455423e-06,-0.0331506849315068,5.470387275372421e-09,-0.0332876712328767,7.65854218552139e-08,-0.0334246575342465,1.0509708033445495e-06,-0.0326027397260273,1.0229624204946427e-06,-0.0324657534246576,9.846697095670357e-08,-0.0321917808219177,2.7351936376862106e-08,-0.032054794520548,2.352266528410141e-07,-0.0319178082191781,1.0940774550744841e-07,1,2,1,2,2
423,34,13:31:12,9,-0.0326027397260273,833304.0,-0.0326712328767122,-0.0327397260273972,3.008713001454831e-07,-0.0328767123287672,1.9091651591049747e-06,-0.0330136986301369,5.470387275372421e-09,-0.0331506849315068,5.470387275372421e-09,-0.0332876712328767,1.3128929460893809e-07,-0.0326027397260273,4.868644675081455e-07,-0.0324657534246576,1.6958200553654506e-07,-0.0321917808219177,4.3763098202979367e-08,-0.032054794520548,2.352266528410141e-07,-0.0319178082191781,1.0940774550744841e-07,1,2,1,2,2
424,34,13:31:15,9,-0.0324657534246576,1221717.0,-0.0326027397260273,-0.0327397260273972,2.954009128701107e-07,-0.0328767123287672,1.925576320931092e-06,-0.0330136986301369,5.470387275372421e-09,-0.0331506849315068,5.470387275372421e-09,-0.0332876712328767,6.509760857693181e-07,-0.0324657534246576,1.859931673626623e-07,-0.0321917808219177,1.0940774550744841e-07,-0.032054794520548,2.352266528410141e-07,-0.0319178082191781,1.0940774550744841e-07,-0.0317808219178081,5.634498893633593e-07,1,2,2,2,2
425,34,13:31:18,9,-0.0326027397260273,225972.0,-0.0325342465753424,-0.0326027397260273,5.470387275372421e-09,-0.0327397260273972,2.406970401163865e-07,-0.0328767123287672,1.985750580960189e-06,-0.0330136986301369,5.470387275372421e-09,-0.0331506849315068,1.1487813278282086e-07,-0.0324657534246576,3.336936237977177e-07,-0.0321917808219177,1.0940774550744841e-07,-0.032054794520548,2.352266528410141e-07,-0.0319178082191781,1.0940774550744841e-07,-0.0317808219178081,5.634498893633593e-07,1,2,2,2,2
426,34,13:31:21,9,-0.0326027397260273,310728.0,-0.0325342465753424,-0.0326027397260273,8.205580913058631e-07,-0.0327397260273972,1.19801481330656e-06,-0.0328767123287672,2.0076321300616783e-06,-0.0330136986301369,5.470387275372421e-09,-0.0331506849315068,1.1487813278282086e-07,-0.0324657534246576,3.883974965514419e-07,-0.0321917808219177,1.0940774550744841e-07,-0.032054794520548,2.352266528410141e-07,-0.0319178082191781,1.0940774550744841e-07,-0.0317808219178081,5.634498893633593e-07,2,1,2,2,2
427,34,13:31:24,9,-0.0321917808219177,1998641.0,-0.0323287671232876,-0.0324657534246576,5.470387275372421e-09,-0.0326027397260273,6.564464730446905e-07,-0.0327397260273972,1.3183633333647534e-06,-0.0328767123287672,2.127980650119872e-06,-0.0330136986301369,5.470387275372421e-09,-0.0321917808219177,6.564464730446904e-08,-0.032054794520548,2.352266528410141e-07,-0.0319178082191781,1.0940774550744841e-07,-0.0317808219178081,5.634498893633593e-07,-0.0316438356164383,1.3675968188431052e-07,1,2,1,2,2
428,34,13:31:27,9,-0.0321917808219177,501502.0,-0.0323287671232876,-0.0324657534246576,1.2034852005819325e-07,-0.0326027397260273,6.072129875663387e-07,-0.0327397260273972,1.3293041079154983e-06,-0.0328767123287672,2.182684522873596e-06,-0.0330136986301369,5.470387275372421e-09,-0.0321917808219177,6.017426002909662e-08,-0.032054794520548,2.406970401163865e-07,-0.0319178082191781,1.0940774550744841e-07,-0.0317808219178081,5.634498893633593e-07,-0.0316438356164383,6.564464730446904e-08,2,2,2,1,2
429,34,13:31:30,9,-0.0323287671232876,762828.0,-0.0323972602739727,-0.0324657534246576,1.0940774550744841e-07,-0.0326027397260273,6.400353112185732e-07,-0.0327397260273972,1.3293041079154983e-06,-0.0328767123287672,2.182684522873596e-06,-0.0330136986301369,1.0940774550744842e-08,-0.0323287671232876,1.586412309858002e-07,-0.0321917808219177,5.470387275372421e-08,-0.032054794520548,2.406970401163865e-07,-0.0319178082191781,1.0940774550744841e-07,-0.0317808219178081,5.634498893633593e-07,2,2,2,2,2
430,34,13:31:33,9,-0.0324657534246576,536791.0,-0.0325342465753424,-0.0326027397260273,7.494430567260217e-07,-0.0327397260273972,1.3293041079154983e-06,-0.0328767123287672,2.2975626556564166e-06,-0.0330136986301369,1.0940774550744842e-08,-0.0331506849315068,1.2034852005819325e-07,-0.0324657534246576,6.400353112185732e-07,-0.0323287671232876,1.4770045643505538e-07,-0.0321917808219177,5.470387275372421e-08,-0.032054794520548,2.406970401163865e-07,-0.0319178082191781,1.0940774550744841e-07,2,2,2,2,2
431,34,13:31:36,9,-0.0323287671232876,2175920.0,-0.0319178082191781,-0.032054794520548,2.7351936376862106e-08,-0.0321917808219177,5.470387275372421e-09,-0.0323287671232876,8.479100276827252e-07,-0.0324657534246576,4.212198202036764e-07,-0.0326027397260273,9.518473859148012e-07,-0.0317808219178081,3.2275284924697285e-07,-0.0316438356164383,6.564464730446904e-08,-0.0315068493150684,2.844601383193659e-07,-0.0312328767123287,7.111503457984149e-08,-0.0310958904109588,2.1334510373952441e-07,1,1,1,1,2
432,34,13:31:39,9,-0.0317808219178081,261395.0,-0.0319178082191781,-0.032054794520548,1.9693394191340717e-07,-0.0321917808219177,1.0940774550744842e-08,-0.0323287671232876,7.767949931028838e-07,-0.0324657534246576,1.4004191424953395e-06,-0.0326027397260273,7.603838312767665e-07,-0.0317808219178081,3.008713001454831e-07,-0.0316438356164383,6.564464730446904e-08,-0.0315068493150684,2.844601383193659e-07,-0.0313698630136987,5.470387275372421e-09,-0.0312328767123287,7.111503457984149e-08,1,1,1,1,1
433,34,13:31:42,9,-0.0315068493150684,586641.0,-0.0316438356164383,-0.0317808219178081,9.62788160465546e-07,-0.0319178082191781,2.1881549101489683e-08,-0.032054794520548,1.6411161826117265e-07,-0.0321917808219177,5.798610511894766e-07,-0.0323287671232876,7.822653803782562e-07,-0.0315068493150684,2.7898975104399344e-07,-0.0313698630136987,5.470387275372421e-09,-0.0312328767123287,7.111503457984149e-08,-0.0310958904109588,1.9693394191340717e-07,-0.0309589041095891,2.7351936376862106e-08,1,1,1,1,1
434,34,13:31:45,9,-0.0317808219178081,1229891.0,-0.0316438356164383,-0.0317808219178081,3.5010478562383493e-07,-0.0319178082191781,2.1881549101489683e-08,-0.032054794520548,1.586412309858002e-07,-0.0321917808219177,5.798610511894766e-07,-0.0323287671232876,7.877357676536286e-07,-0.0315068493150684,3.172824619716004e-07,-0.0313698630136987,1.3128929460893809e-07,-0.0312328767123287,3.8292710927606954e-08,-0.0310958904109588,1.9693394191340717e-07,-0.0309589041095891,2.7351936376862106e-08,1,1,1,1,1
435,34,13:31:48,9,-0.0316438356164383,1512820.0,-0.0318493150684929,-0.0319178082191781,2.1881549101489683e-08,-0.0321917808219177,5.798610511894766e-07,-0.0323287671232876,7.767949931028838e-07,-0.0324657534246576,8.916731258857046e-07,-0.0326027397260273,8.369692531319804e-07,-0.0317808219178081,3.172824619716004e-07,-0.0315068493150684,2.1881549101489683e-08,-0.0313698630136987,1.3675968188431052e-07,-0.0312328767123287,3.8292710927606954e-08,-0.0310958904109588,1.9693394191340717e-07,1,2,1,1,2
436,34,13:31:51,9,-0.0323287671232876,367432.0,-0.032054794520548,-0.0323287671232876,6.837984094215526e-07,-0.0324657534246576,1.7669350899452918e-06,-0.0326027397260273,8.533804149580977e-07,-0.0327397260273972,1.3238337206401255e-06,-0.0328767123287672,2.3632073029608857e-06,-0.0317808219178081,2.680489764932487e-07,-0.0316438356164383,1.03937358232076e-07,-0.0315068493150684,6.564464730446904e-08,-0.0313698630136987,1.3675968188431052e-07,-0.0312328767123287,3.8292710927606954e-08,1,2,1,1,2
437,34,13:31:54,9,-0.0315068493150684,572545.0,-0.0314383561643836,-0.0315068493150684,4.9233485478351786e-08,-0.0317808219178081,5.470387275372421e-09,-0.032054794520548,1.0940774550744841e-07,-0.0323287671232876,6.892687966969251e-07,-0.0324657534246576,1.805227800872899e-06,-0.0313698630136987,1.3128929460893809e-07,-0.0312328767123287,3.8292710927606954e-08,-0.0310958904109588,1.9693394191340717e-07,-0.0309589041095891,3.8292710927606954e-08,-0.0308219178082191,1.0940774550744842e-08,1,1,1,1,1
438,34,13:31:57,9,-0.0315068493150684,749552.0,-0.0316438356164383,-0.0317808219178081,1.1268997787267187e-06,-0.032054794520548,1.0940774550744841e-07,-0.0323287671232876,6.892687966969251e-07,-0.0324657534246576,1.8106981881482715e-06,-0.0326027397260273,8.533804149580977e-07,-0.0315068493150684,3.172824619716004e-07,-0.0312328767123287,5.470387275372421e-09,-0.0310958904109588,6.564464730446904e-08,-0.0309589041095891,3.8292710927606954e-08,-0.0308219178082191,1.0940774550744842e-08,1,1,1,1,2
439,34,13:32:00,9,-0.0317808219178081,240348.0,-0.0316438356164383,-0.0317808219178081,1.0721959059729943e-06,-0.0319178082191781,5.470387275372421e-09,-0.032054794520548,1.6411161826117265e-07,-0.0321917808219177,2.1881549101489683e-08,-0.0323287671232876,6.892687966969251e-07,-0.0315068493150684,3.2275284924697285e-07,-0.0313698630136987,1.6958200553654506e-07,-0.0312328767123287,5.470387275372421e-09,-0.0310958904109588,6.564464730446904e-08,-0.0309589041095891,3.8292710927606954e-08,1,1,1,1,2
440,34,13:32:03,9,-0.0316438356164383,2947349.0,-0.0319178082191781,-0.0321917808219177,1.6411161826117265e-07,-0.0323287671232876,3.77456722000697e-07,-0.0324657534246576,2.3632073029608857e-06,-0.0326027397260273,8.643211895088425e-07,-0.0327397260273972,1.351185657016988e-06,-0.0316438356164383,1.3293041079154983e-06,-0.0315068493150684,1.0940774550744842e-08,-0.0312328767123287,2.1881549101489683e-08,-0.0309589041095891,3.282232365223452e-08,-0.0308219178082191,1.0940774550744842e-08,2,2,1,1,2
441,34,13:32:06,9,-0.0317808219178081,261485.0,-0.0319863013698629,-0.0321917808219177,2.5163781466713136e-07,-0.0323287671232876,3.993382711021867e-07,-0.0324657534246576,2.5273189212220584e-06,-0.0326027397260273,8.533804149580977e-07,-0.0327397260273972,1.3457152697416156e-06,-0.0317808219178081,4.9233485478351786e-08,-0.0316438356164383,1.340244882466243e-06,-0.0315068493150684,2.5163781466713136e-07,-0.0312328767123287,2.1881549101489683e-08,-0.0309589041095891,3.282232365223452e-08,1,1,1,1,2
442,34,13:32:09,9,-0.0316438356164383,2219467.0,-0.0319178082191781,-0.0321917808219177,2.1334510373952441e-07,-0.0323287671232876,4.431013693051661e-07,-0.0324657534246576,2.4890262102944517e-06,-0.0326027397260273,8.807323513349597e-07,-0.0327397260273972,1.3347744951908706e-06,-0.0316438356164383,9.299658368133117e-08,-0.0315068493150684,2.6257858921787617e-07,-0.0309589041095891,3.282232365223452e-08,-0.0308219178082191,1.0940774550744842e-08,-0.0305479452054795,7.111503457984149e-08,1,1,1,1,2
443,34,13:32:12,9,-0.032054794520548,636114.0,-0.0317808219178081,-0.032054794520548,4.3763098202979367e-08,-0.0321917808219177,3.172824619716004e-07,-0.0323287671232876,4.431013693051661e-07,-0.0324657534246576,2.483555823019079e-06,-0.0326027397260273,8.807323513349597e-07,-0.0315068493150684,3.8292710927606954e-08,-0.0313698630136987,3.8292710927606954e-08,-0.0312328767123287,1.641116182611726e-08,-0.0309589041095891,3.282232365223452e-08,-0.0308219178082191,1.0940774550744842e-08,1,1,1,1,2
444,34,13:32:15,9,-0.0315068493150684,388834.0,-0.0314383561643836,-0.0315068493150684,8.205580913058631e-08,-0.0316438356164383,1.9146355463803476e-07,-0.0317808219178081,1.641116182611726e-08,-0.032054794520548,9.846697095670357e-08,-0.0321917808219177,3.282232365223453e-07,-0.0313698630136987,9.299658368133117e-08,-0.0312328767123287,1.641116182611726e-08,-0.0309589041095891,3.282232365223452e-08,-0.0308219178082191,1.0940774550744842e-08,-0.0305479452054795,7.111503457984149e-08,1,1,1,1,2
445,34,13:32:18,9,-0.0313698630136987,650417.0,-0.0313013698630136,-0.0313698630136987,8.752619640595873e-08,-0.0315068493150684,1.0940774550744842e-08,-0.0316438356164383,5.470387275372421e-09,-0.032054794520548,1.03937358232076e-07,-0.0321917808219177,4.81394080232773e-07,-0.0312328767123287,1.641116182611726e-08,-0.0309589041095891,3.282232365223452e-08,-0.0308219178082191,1.0940774550744842e-08,-0.0305479452054795,7.111503457984149e-08,-0.0304109589041096,2.7351936376862106e-08,1,1,1,1,1
446,34,13:32:21,9,-0.0323287671232876,2169320.0,-0.0315068493150684,-0.0317808219178081,5.470387275372421e-09,-0.032054794520548,5.470387275372421e-09,-0.0321917808219177,5.470387275372421e-09,-0.0323287671232876,1.3675968188431052e-07,-0.0324657534246576,2.445263112091472e-06,-0.0312328767123287,1.2581890733356568e-07,-0.0310958904109588,1.03937358232076e-07,-0.0309589041095891,3.282232365223452e-08,-0.0308219178082191,1.0940774550744842e-08,-0.0305479452054795,7.111503457984149e-08,1,1,1,1,2
447,34,13:32:24,9,-0.0317808219178081,98965.0,-0.0317123287671232,-0.0317808219178081,2.1881549101489683e-08,-0.0319178082191781,1.0940774550744842e-08,-0.032054794520548,5.470387275372421e-09,-0.0321917808219177,2.680489764932487e-07,-0.0323287671232876,1.4223006915968298e-07,-0.0316438356164383,1.0940774550744841e-07,-0.0315068493150684,1.805227800872899e-07,-0.0313698630136987,1.641116182611726e-08,-0.0312328767123287,1.4770045643505538e-07,-0.0310958904109588,2.0240432918877963e-07,1,1,1,1,2
448,34,13:32:27,9,-0.0313698630136987,1300898.0,-0.0313013698630136,-0.0313698630136987,2.680489764932487e-07,-0.0315068493150684,5.470387275372421e-09,-0.0317808219178081,7.111503457984149e-08,-0.0319178082191781,1.0940774550744842e-08,-0.032054794520548,5.470387275372421e-09,-0.0312328767123287,3.282232365223452e-08,-0.0309589041095891,3.282232365223452e-08,-0.0308219178082191,1.0940774550744842e-08,-0.0305479452054795,7.111503457984149e-08,-0.0304109589041096,2.7351936376862106e-08,1,1,1,1,1
449,34,13:32:30,9,-0.0313698630136987,438403.0,-0.0313013698630136,-0.0313698630136987,3.993382711021867e-07,-0.0315068493150684,9.299658368133117e-08,-0.0316438356164383,1.0940774550744842e-08,-0.0317808219178081,7.111503457984149e-08,-0.032054794520548,5.470387275372421e-09,-0.0312328767123287,2.7351936376862106e-08,-0.0310958904109588,9.846697095670357e-08,-0.0309589041095891,3.282232365223452e-08,-0.0308219178082191,1.0940774550744842e-08,-0.0305479452054795,7.111503457984149e-08,1,1,1,1,1
450,34,13:32:33,9,-0.0313698630136987,268698.0,-0.0313013698630136,-0.0313698630136987,1.9146355463803476e-07,-0.0315068493150684,9.299658368133117e-08,-0.0316438356164383,3.8292710927606954e-08,-0.0317808219178081,1.03937358232076e-07,-0.032054794520548,5.470387275372421e-09,-0.0312328767123287,2.7351936376862106e-08,-0.0310958904109588,9.846697095670357e-08,-0.0309589041095891,3.282232365223452e-08,-0.0308219178082191,1.0940774550744842e-08,-0.0305479452054795,7.111503457984149e-08,1,1,1,1,1
451,34,13:32:36,9,-0.0315068493150684,530254.0,-0.0316438356164383,-0.0317808219178081,8.752619640595873e-08,-0.032054794520548,2.1881549101489683e-08,-0.0321917808219177,6.619168603200629e-07,-0.0323287671232876,6.564464730446905e-07,-0.0324657534246576,2.445263112091472e-06,-0.0315068493150684,1.641116182611726e-08,-0.0313698630136987,5.1968679116038e-07,-0.0312328767123287,2.7351936376862106e-08,-0.0310958904109588,1.3128929460893809e-07,-0.0309589041095891,3.282232365223452e-08,1,1,1,1,2
452,34,13:32:39,9,-0.0313698630136987,282778.0,-0.0314383561643836,-0.0315068493150684,1.586412309858002e-07,-0.0316438356164383,1.6411161826117265e-07,-0.0317808219178081,5.470387275372421e-09,-0.0319178082191781,5.470387275372421e-09,-0.032054794520548,5.142164038850075e-07,-0.0313698630136987,7.166207330737871e-07,-0.0312328767123287,2.7351936376862106e-08,-0.0310958904109588,1.3128929460893809e-07,-0.0309589041095891,3.282232365223452e-08,-0.0308219178082191,1.0940774550744842e-08,1,1,1,1,2
453,34,13:32:42,9,-0.0315068493150684,219188.0,-0.0314383561643836,-0.0315068493150684,1.2581890733356568e-07,-0.0316438356164383,1.6411161826117265e-07,-0.0317808219178081,5.470387275372421e-08,-0.0319178082191781,5.470387275372421e-09,-0.032054794520548,5.689202766387318e-07,-0.0313698630136987,7.603838312767665e-07,-0.0312328767123287,4.3763098202979367e-08,-0.0310958904109588,1.3128929460893809e-07,-0.0309589041095891,3.282232365223452e-08,-0.0308219178082191,1.0940774550744842e-08,1,1,1,1,2
454,34,13:32:45,9,-0.0315068493150684,353499.0,-0.0315753424657535,-0.0316438356164383,1.586412309858002e-07,-0.0317808219178081,5.470387275372421e-08,-0.0319178082191781,5.470387275372421e-09,-0.032054794520548,6.619168603200629e-07,-0.0321917808219177,8.752619640595873e-07,-0.0315068493150684,4.9233485478351786e-08,-0.0313698630136987,8.697915767842149e-07,-0.0312328767123287,9.846697095670357e-08,-0.0310958904109588,1.3128929460893809e-07,-0.0309589041095891,3.282232365223452e-08,1,1,1,1,1
455,34,13:32:48,9,-0.0313698630136987,1364522.0,-0.0314383561643836,-0.0315068493150684,9.135546749871944e-07,-0.0316438356164383,6.564464730446904e-08,-0.0317808219178081,1.531708437104278e-07,-0.0319178082191781,1.0940774550744842e-08,-0.032054794520548,6.619168603200629e-07,-0.0313698630136987,6.728576348708078e-07,-0.0312328767123287,9.846697095670357e-08,-0.0310958904109588,1.3128929460893809e-07,-0.0309589041095891,3.282232365223452e-08,-0.0308219178082191,1.0940774550744842e-08,1,1,1,1,1
456,34,13:32:51,9,-0.0315068493150684,1202009.0,-0.0314383561643836,-0.0315068493150684,7.767949931028838e-07,-0.0316438356164383,6.564464730446904e-08,-0.0317808219178081,1.531708437104278e-07,-0.0319178082191781,2.7351936376862106e-08,-0.032054794520548,6.619168603200629e-07,-0.0313698630136987,1.2034852005819325e-07,-0.0312328767123287,1.2581890733356568e-07,-0.0310958904109588,1.3128929460893809e-07,-0.0309589041095891,3.282232365223452e-08,-0.0308219178082191,1.0940774550744842e-08,1,1,1,1,1
457,34,13:32:54,9,-0.0315068493150684,155548.0,-0.0314383561643836,-0.0315068493150684,1.050314356871505e-06,-0.0316438356164383,9.846697095670357e-08,-0.0317808219178081,2.1334510373952441e-07,-0.0319178082191781,2.1881549101489683e-08,-0.032054794520548,6.619168603200629e-07,-0.0313698630136987,1.2581890733356568e-07,-0.0312328767123287,1.2581890733356568e-07,-0.0310958904109588,1.3128929460893809e-07,-0.0309589041095891,3.282232365223452e-08,-0.0308219178082191,1.0940774550744842e-08,1,1,1,1,1
458,34,13:32:57,9,-0.0315068493150684,1088896.0,-0.0314383561643836,-0.0315068493150684,6.892687966969251e-07,-0.0316438356164383,1.2581890733356568e-07,-0.0317808219178081,2.1334510373952441e-07,-0.0319178082191781,2.7351936376862106e-08,-0.032054794520548,6.619168603200629e-07,-0.0313698630136987,4.81394080232773e-07,-0.0310958904109588,1.3128929460893809e-07,-0.0309589041095891,3.282232365223452e-08,-0.0308219178082191,1.0940774550744842e-08,-0.0305479452054795,7.111503457984149e-08,1,1,1,1,1
459,34,13:33:00,9,-0.0313698630136987,381796.0,-0.0314383561643836,-0.0315068493150684,5.1968679116038e-07,-0.0316438356164383,1.3128929460893809e-07,-0.0317808219178081,2.4616742739175896e-07,-0.0319178082191781,2.7351936376862106e-08,-0.032054794520548,6.619168603200629e-07,-0.0313698630136987,4.212198202036764e-07,-0.0310958904109588,1.3675968188431052e-07,-0.0309589041095891,3.282232365223452e-08,-0.0308219178082191,1.0940774550744842e-08,-0.0305479452054795,7.111503457984149e-08,1,1,1,1,1
460,34,13:33:03,9,-0.0315068493150684,933281.0,-0.0314383561643836,-0.0315068493150684,5.634498893633593e-07,-0.0316438356164383,1.3128929460893809e-07,-0.0317808219178081,3.665159474499522e-07,-0.0319178082191781,2.7351936376862106e-08,-0.032054794520548,6.619168603200629e-07,-0.0313698630136987,2.7351936376862104e-07,-0.0312328767123287,1.0940774550744841e-07,-0.0310958904109588,1.3675968188431052e-07,-0.0309589041095891,3.282232365223452e-08,-0.0308219178082191,1.0940774550744842e-08,1,1,1,1,1
461,34,13:33:06,9,-0.0315068493150684,1286810.0,-0.0315068493150686,-0.0316438356164383,1.3128929460893809e-07,-0.0317808219178081,3.665159474499522e-07,-0.0319178082191781,3.282232365223452e-08,-0.032054794520548,6.619168603200629e-07,-0.0321917808219177,5.032756293342627e-07,-0.0313698630136987,1.641116182611726e-08,-0.0312328767123287,3.063416874208556e-07,-0.0310958904109588,1.3675968188431052e-07,-0.0309589041095891,3.282232365223452e-08,-0.0308219178082191,1.0940774550744842e-08,1,1,1,2,1
462,34,13:33:09,9,-0.0315068493150684,763541.0,-0.0316438356164383,-0.0317808219178081,4.212198202036764e-07,-0.0319178082191781,6.017426002909662e-08,-0.032054794520548,6.619168603200629e-07,-0.0321917808219177,5.579795020879869e-07,-0.0323287671232876,8.041469294797458e-07,-0.0315068493150684,2.6257858921787617e-07,-0.0313698630136987,4.3763098202979367e-08,-0.0312328767123287,4.0480865837755926e-07,-0.0310958904109588,1.3675968188431052e-07,-0.0309589041095891,3.282232365223452e-08,1,1,1,2,1
463,34,13:33:12,9,-0.0315068493150684,551456.0,-0.0314383561643836,-0.0315068493150684,1.2527186860602843e-06,-0.0317808219178081,4.102790456529316e-07,-0.0319178082191781,5.470387275372421e-08,-0.032054794520548,6.619168603200629e-07,-0.0321917808219177,5.525091148126145e-07,-0.0313698630136987,1.0940774550744842e-08,-0.0312328767123287,4.0480865837755926e-07,-0.0310958904109588,1.3675968188431052e-07,-0.0309589041095891,3.282232365223452e-08,-0.0308219178082191,1.0940774550744842e-08,1,1,1,2,1
464,34,13:33:15,9,-0.0313698630136987,473771.0,-0.0313013698630136,-0.0313698630136987,5.470387275372421e-09,-0.0315068493150684,1.2198963624080498e-06,-0.0317808219178081,4.102790456529316e-07,-0.0319178082191781,5.470387275372421e-08,-0.032054794520548,6.619168603200629e-07,-0.0312328767123287,3.5557517289920734e-07,-0.0310958904109588,1.3675968188431052e-07,-0.0309589041095891,3.282232365223452e-08,-0.0308219178082191,1.0940774550744842e-08,-0.0305479452054795,7.111503457984149e-08,1,1,1,1,1
465,34,13:33:18,9,-0.0313698630136987,466694.0,-0.0313013698630136,-0.0313698630136987,2.899305255947383e-07,-0.0315068493150684,1.2253667496834223e-06,-0.0316438356164383,1.0940774550744842e-08,-0.0317808219178081,4.102790456529316e-07,-0.0319178082191781,6.564464730446904e-08,-0.0312328767123287,3.938678838268143e-07,-0.0310958904109588,1.3675968188431052e-07,-0.0309589041095891,3.282232365223452e-08,-0.0308219178082191,1.0940774550744842e-08,-0.0305479452054795,7.111503457984149e-08,1,1,1,1,1
466,34,13:33:21,9,-0.0310958904109588,763780.0,-0.0312328767123287,-0.0313698630136987,7.822653803782562e-07,-0.0315068493150684,2.133451037395244e-06,-0.0316438356164383,2.7351936376862106e-08,-0.0317808219178081,4.102790456529316e-07,-0.0319178082191781,7.111503457984149e-08,-0.0310958904109588,1.1487813278282086e-07,-0.0309589041095891,3.282232365223452e-08,-0.0308219178082191,1.0940774550744842e-08,-0.0305479452054795,7.111503457984149e-08,-0.0304109589041096,2.7351936376862106e-08,1,1,1,1,1
467,34,13:33:24,9,-0.0313698630136987,647144.0,-0.0313013698630136,-0.0313698630136987,6.04368386183145e-07,-0.0315068493150684,2.177214135598224e-06,-0.0316438356164383,8.752619640595873e-08,-0.0317808219178081,4.102790456529316e-07,-0.0319178082191781,7.111503457984149e-08,-0.0312328767123287,1.9146355463803476e-07,-0.0310958904109588,2.680489764932487e-07,-0.0309589041095891,3.282232365223452e-08,-0.0308219178082191,1.0940774550744842e-08,-0.0305479452054795,7.111503457984149e-08,1,1,1,2,1
468,34,13:33:27,9,-0.0313698630136987,1110121.0,-0.0314383561643836,-0.0315068493150684,2.054021014156837e-06,-0.0316438356164383,1.9693394191340717e-07,-0.0317808219178081,4.704533056820282e-07,-0.0319178082191781,7.111503457984149e-08,-0.032054794520548,6.837984094215526e-07,-0.0313698630136987,8.752619640595873e-08,-0.0312328767123287,2.844601383193659e-07,-0.0310958904109588,2.2428587829026925e-07,-0.0309589041095891,3.282232365223452e-08,-0.0308219178082191,1.0940774550744842e-08,1,1,1,1,1
469,34,13:33:30,9,-0.0313698630136987,523268.0,-0.0313013698630136,-0.0313698630136987,2.1608029737721063e-06,-0.0315068493150684,2.048550626881464e-06,-0.0316438356164383,2.2428587829026925e-07,-0.0317808219178081,4.81394080232773e-07,-0.0319178082191781,5.470387275372421e-08,-0.0312328767123287,4.0480865837755926e-07,-0.0310958904109588,2.0240432918877963e-07,-0.0309589041095891,3.282232365223452e-08,-0.0308219178082191,1.0940774550744842e-08,-0.0305479452054795,7.111503457984149e-08,1,1,1,1,1
470,34,13:33:33,9,-0.0312328767123287,205079.0,-0.0313013698630136,-0.0313698630136987,2.127980650119872e-06,-0.0315068493150684,1.955554043200133e-06,-0.0316438356164383,2.297562655656417e-07,-0.0317808219178081,4.81394080232773e-07,-0.0319178082191781,5.470387275372421e-08,-0.0312328767123287,2.954009128701107e-07,-0.0310958904109588,2.0240432918877963e-07,-0.0309589041095891,3.282232365223452e-08,-0.0308219178082191,1.0940774550744842e-08,-0.0305479452054795,7.111503457984149e-08,1,1,1,1,1
471,34,13:33:36,9,-0.0312328767123287,1831698.0,-0.031095890410959,-0.0312328767123287,6.564464730446904e-08,-0.0313698630136987,1.7724054772206644e-06,-0.0315068493150684,1.99384675412774e-06,-0.0316438356164383,2.297562655656417e-07,-0.0317808219178081,4.868644675081455e-07,-0.0309589041095891,3.282232365223452e-08,-0.0308219178082191,1.0940774550744842e-08,-0.0305479452054795,7.111503457984149e-08,-0.0304109589041096,3.8292710927606954e-08,-0.0302739726027396,7.111503457984149e-08,1,1,1,1,1
472,34,13:33:39,9,-0.0312328767123287,410179.0,-0.0311643835616438,-0.0312328767123287,5.470387275372421e-08,-0.0313698630136987,1.7724054772206644e-06,-0.0315068493150684,2.021198690504602e-06,-0.0316438356164383,2.297562655656417e-07,-0.0317808219178081,5.251571784357523e-07,-0.0310958904109588,1.531708437104278e-07,-0.0309589041095891,1.6958200553654506e-07,-0.0308219178082191,1.1487813278282086e-07,-0.0305479452054795,7.111503457984149e-08,-0.0304109589041096,3.8292710927606954e-08,1,1,1,1,1
473,34,13:33:42,9,-0.0310958904109588,325312.0,-0.0311643835616438,-0.0312328767123287,4.3763098202979367e-08,-0.0313698630136987,1.7559943153945471e-06,-0.0315068493150684,2.015728303229229e-06,-0.0316438356164383,2.297562655656417e-07,-0.0317808219178081,5.1968679116038e-07,-0.0310958904109588,1.859931673626623e-07,-0.0309589041095891,1.3128929460893809e-07,-0.0308219178082191,2.1334510373952441e-07,-0.0305479452054795,2.07874716464152e-07,-0.0304109589041096,3.8292710927606954e-08,1,1,1,1,1
474,34,13:33:45,9,-0.0310958904109588,657719.0,-0.0311643835616438,-0.0312328767123287,1.0940774550744842e-08,-0.0313698630136987,1.859931673626623e-06,-0.0315068493150684,2.048550626881464e-06,-0.0316438356164383,2.297562655656417e-07,-0.0317808219178081,5.1968679116038e-07,-0.0310958904109588,1.0940774550744842e-08,-0.0309589041095891,1.03937358232076e-07,-0.0308219178082191,2.1334510373952441e-07,-0.0305479452054795,2.07874716464152e-07,-0.0304109589041096,3.8292710927606954e-08,1,1,1,1,1
475,34,13:33:48,9,-0.0310958904109588,113159.0,-0.0311643835616438,-0.0312328767123287,2.1881549101489683e-08,-0.0313698630136987,1.941987482757209e-06,-0.0315068493150684,2.048550626881464e-06,-0.0316438356164383,2.352266528410141e-07,-0.0317808219178081,5.251571784357523e-07,-0.0310958904109588,6.290945366678284e-07,-0.0309589041095891,1.03937358232076e-07,-0.0308219178082191,2.1334510373952441e-07,-0.0305479452054795,2.07874716464152e-07,-0.0304109589041096,3.8292710927606954e-08,1,1,1,1,1
476,34,13:33:51,9,-0.0310958904109588,1315461.0,-0.0311643835616438,-0.0312328767123287,5.470387275372421e-09,-0.0313698630136987,1.7122312171915677e-06,-0.0315068493150684,2.054021014156837e-06,-0.0316438356164383,2.352266528410141e-07,-0.0317808219178081,5.251571784357523e-07,-0.0310958904109588,1.641116182611726e-08,-0.0309589041095891,2.6257858921787617e-07,-0.0308219178082191,2.1334510373952441e-07,-0.0305479452054795,2.07874716464152e-07,-0.0304109589041096,3.8292710927606954e-08,1,1,1,1,1
477,34,13:33:54,9,-0.0310958904109588,495153.0,-0.0308904109589041,-0.0309589041095891,3.172824619716004e-07,-0.0310958904109588,1.0940774550744842e-08,-0.0312328767123287,7.111503457984149e-08,-0.0313698630136987,1.706760829916195e-06,-0.0315068493150684,2.0649617887075813e-06,-0.0308219178082191,2.1334510373952441e-07,-0.0305479452054795,2.07874716464152e-07,-0.0304109589041096,3.8292710927606954e-08,-0.0302739726027396,7.111503457984149e-08,-0.0301369863013698,3.883974965514419e-07,1,1,1,1,1
478,34,13:33:57,9,-0.0308219178082191,459807.0,-0.0309589041095889,-0.0310958904109588,2.1881549101489683e-08,-0.0312328767123287,9.463769986394288e-07,-0.0313698630136987,1.6958200553654504e-06,-0.0315068493150684,2.0649617887075813e-06,-0.0316438356164383,2.7898975104399344e-07,-0.0308219178082191,2.4616742739175896e-07,-0.0305479452054795,2.07874716464152e-07,-0.0304109589041096,3.8292710927606954e-08,-0.0302739726027396,7.111503457984149e-08,-0.0301369863013698,3.883974965514419e-07,1,1,1,1,1
479,34,13:34:00,9,-0.0309589041095891,113175.0,-0.0310273972602739,-0.0310958904109588,1.2581890733356568e-07,-0.0312328767123287,9.463769986394288e-07,-0.0313698630136987,1.6958200553654504e-06,-0.0315068493150684,2.0649617887075813e-06,-0.0316438356164383,2.7898975104399344e-07,-0.0309589041095891,9.299658368133117e-08,-0.0308219178082191,2.680489764932487e-07,-0.0305479452054795,2.07874716464152e-07,-0.0304109589041096,3.8292710927606954e-08,-0.0302739726027396,7.111503457984149e-08,1,1,1,1,1
480,34,13:34:03,9,-0.0309589041095891,594259.0,-0.0310273972602739,-0.0310958904109588,1.2034852005819325e-07,-0.0312328767123287,1.5645307607565124e-06,-0.0313698630136987,1.6958200553654504e-06,-0.0315068493150684,2.0759025632583264e-06,-0.0316438356164383,2.7898975104399344e-07,-0.0309589041095891,3.408051272557018e-06,-0.0308219178082191,8.752619640595873e-08,-0.0306849315068492,9.299658368133117e-08,-0.0305479452054795,2.07874716464152e-07,-0.0304109589041096,3.8292710927606954e-08,1,1,1,1,1
481,34,13:34:06,9,-0.0309589041095891,466794.0,-0.031095890410959,-0.0312328767123287,1.3949487552199674e-06,-0.0313698630136987,1.701290442640823e-06,-0.0315068493150684,2.0649617887075813e-06,-0.0316438356164383,2.7898975104399344e-07,-0.0317808219178081,5.360979529864973e-07,-0.0309589041095891,3.484636694412232e-06,-0.0308219178082191,1.1487813278282086e-07,-0.0306849315068492,9.299658368133117e-08,-0.0305479452054795,2.07874716464152e-07,-0.0304109589041096,6.017426002909662e-08,1,1,1,1,1
482,34,13:34:09,9,-0.0309589041095891,2143155.0,-0.0310273972602739,-0.0310958904109588,4.3763098202979367e-08,-0.0312328767123287,7.385022821752768e-07,-0.0313698630136987,1.701290442640823e-06,-0.0315068493150684,2.0649617887075813e-06,-0.0316438356164383,2.7898975104399344e-07,-0.0309589041095891,2.6476674412802515e-06,-0.0308219178082191,2.07874716464152e-07,-0.0306849315068492,9.299658368133117e-08,-0.0305479452054795,2.07874716464152e-07,-0.0304109589041096,6.017426002909662e-08,1,1,1,1,1
483,34,13:34:12,9,-0.0310958904109588,297094.0,-0.0311643835616438,-0.0312328767123287,9.244954495379392e-07,-0.0313698630136987,1.701290442640823e-06,-0.0315068493150684,2.070432175982954e-06,-0.0316438356164383,3.336936237977177e-07,-0.0317808219178081,5.360979529864973e-07,-0.0310958904109588,3.8292710927606954e-08,-0.0309589041095891,2.5492004703235483e-06,-0.0308219178082191,8.862027386103322e-07,-0.0306849315068492,9.299658368133117e-08,-0.0305479452054795,2.07874716464152e-07,1,1,1,1,1
484,34,13:34:15,9,-0.0310958904109588,106095.0,-0.0311643835616438,-0.0312328767123287,9.73728935016291e-07,-0.0313698630136987,1.701290442640823e-06,-0.0315068493150684,2.070432175982954e-06,-0.0316438356164383,3.391640110730901e-07,-0.0317808219178081,5.415683402618696e-07,-0.0310958904109588,6.017426002909662e-08,-0.0309589041095891,2.6093747303526448e-06,-0.0308219178082191,8.862027386103322e-07,-0.0306849315068492,1.0940774550744841e-07,-0.0305479452054795,2.07874716464152e-07,1,1,1,1,1
485,34,13:34:18,9,-0.0312328767123287,2037054.0,-0.0311643835616438,-0.0312328767123287,7.27561507624532e-07,-0.0313698630136987,1.701290442640823e-06,-0.0315068493150684,2.070432175982954e-06,-0.0316438356164383,3.391640110730901e-07,-0.0317808219178081,5.415683402618696e-07,-0.0310958904109588,2.1881549101489683e-08,-0.0309589041095891,2.1115694882937545e-06,-0.0308219178082191,8.862027386103322e-07,-0.0306849315068492,1.0940774550744841e-07,-0.0305479452054795,2.07874716464152e-07,1,1,1,1,1
486,34,13:34:21,9,-0.0310958904109588,424339.0,-0.0310273972602739,-0.0310958904109588,1.03937358232076e-07,-0.0312328767123287,5.470387275372421e-07,-0.0313698630136987,1.701290442640823e-06,-0.0315068493150684,2.0759025632583264e-06,-0.0316438356164383,3.391640110730901e-07,-0.0309589041095891,2.2975626556564166e-06,-0.0308219178082191,8.862027386103322e-07,-0.0306849315068492,1.0940774550744841e-07,-0.0305479452054795,2.07874716464152e-07,-0.0304109589041096,6.017426002909662e-08,1,1,1,1,1
487,34,13:34:24,9,-0.0312328767123287,1987472.0,-0.0310273972602739,-0.0310958904109588,1.641116182611726e-08,-0.0312328767123287,2.680489764932487e-07,-0.0313698630136987,1.701290442640823e-06,-0.0315068493150684,2.070432175982954e-06,-0.0316438356164383,3.391640110730901e-07,-0.0309589041095891,1.832579737249761e-06,-0.0308219178082191,8.862027386103322e-07,-0.0306849315068492,1.0940774550744841e-07,-0.0305479452054795,2.07874716464152e-07,-0.0304109589041096,6.017426002909662e-08,1,1,1,1,1
488,34,13:34:27,9,-0.0310958904109588,1796732.0,-0.0310273972602739,-0.0310958904109588,3.282232365223452e-08,-0.0312328767123287,1.9693394191340717e-07,-0.0313698630136987,1.701290442640823e-06,-0.0315068493150684,2.0813729505336985e-06,-0.0316438356164383,3.391640110730901e-07,-0.0309589041095891,7.056799585230423e-07,-0.0308219178082191,8.314988658566079e-07,-0.0306849315068492,1.0940774550744841e-07,-0.0305479452054795,2.07874716464152e-07,-0.0304109589041096,6.017426002909662e-08,1,1,1,1,1
489,34,13:34:30,9,-0.0310958904109588,431462.0,-0.0310273972602739,-0.0310958904109588,5.032756293342627e-07,-0.0312328767123287,8.205580913058631e-08,-0.0313698630136987,1.701290442640823e-06,-0.0315068493150684,2.070432175982954e-06,-0.0316438356164383,3.391640110730901e-07,-0.0309589041095891,5.579795020879869e-07,-0.0308219178082191,8.314988658566079e-07,-0.0306849315068492,1.0940774550744841e-07,-0.0305479452054795,2.07874716464152e-07,-0.0304109589041096,6.017426002909662e-08,1,1,1,1,1
490,34,13:34:33,9,-0.0308219178082191,1436083.0,-0.0308904109589041,-0.0309589041095891,2.729723250410838e-06,-0.0310958904109588,9.190250622625668e-07,-0.0312328767123287,9.299658368133117e-08,-0.0313698630136987,1.8380501245251333e-06,-0.0315068493150684,2.168899146939657e-06,-0.0308219178082191,3.336936237977177e-07,-0.0306849315068492,1.0940774550744841e-07,-0.0305479452054795,2.07874716464152e-07,-0.0304109589041096,6.017426002909662e-08,-0.0302739726027396,7.111503457984149e-08,1,1,1,1,1
491,34,13:34:36,9,-0.0308219178082191,1563356.0,-0.0308904109589041,-0.0309589041095891,1.5481195989303952e-06,-0.0310958904109588,9.190250622625668e-07,-0.0312328767123287,9.299658368133117e-08,-0.0313698630136987,1.8380501245251333e-06,-0.0315068493150684,2.229073406968754e-06,-0.0308219178082191,3.938678838268143e-07,-0.0306849315068492,2.0240432918877963e-07,-0.0305479452054795,2.07874716464152e-07,-0.0304109589041096,6.017426002909662e-08,-0.0302739726027396,7.111503457984149e-08,1,2,1,1,1
492,34,13:34:39,9,-0.0310958904109588,2518291.0,-0.0309589041095889,-0.0310958904109588,5.962722130155939e-07,-0.0312328767123287,9.299658368133117e-08,-0.0313698630136987,1.8380501245251333e-06,-0.0315068493150684,2.229073406968754e-06,-0.0316438356164383,3.391640110730901e-07,-0.0308219178082191,7.603838312767665e-07,-0.0306849315068492,2.0240432918877963e-07,-0.0305479452054795,2.07874716464152e-07,-0.0304109589041096,6.017426002909662e-08,-0.0302739726027396,7.111503457984149e-08,1,2,1,1,1
493,34,13:34:42,9,-0.0308219178082191,848974.0,-0.0308904109589041,-0.0309589041095891,2.1881549101489683e-08,-0.0310958904109588,5.853314384648491e-07,-0.0312328767123287,9.299658368133117e-08,-0.0313698630136987,1.8380501245251333e-06,-0.0315068493150684,2.229073406968754e-06,-0.0308219178082191,2.352266528410141e-07,-0.0306849315068492,3.063416874208556e-07,-0.0305479452054795,2.07874716464152e-07,-0.0304109589041096,6.017426002909662e-08,-0.0302739726027396,8.205580913058631e-08,1,2,1,1,1
494,34,13:34:45,9,-0.0308219178082191,1980694.0,-0.0308904109589041,-0.0309589041095891,3.681570636325639e-06,-0.0312328767123287,9.846697095670357e-08,-0.0313698630136987,1.8380501245251333e-06,-0.0315068493150684,2.267366117896361e-06,-0.0316438356164383,3.391640110730901e-07,-0.0308219178082191,1.3128929460893809e-07,-0.0306849315068492,4.3216059475442123e-07,-0.0305479452054795,2.07874716464152e-07,-0.0304109589041096,6.017426002909662e-08,-0.0302739726027396,8.205580913058631e-08,1,2,1,1,1
495,34,13:34:48,9,-0.0309589041095891,2518777.0,-0.0307534246575342,-0.0309589041095891,3.4244624343831358e-06,-0.0312328767123287,1.1487813278282086e-07,-0.0313698630136987,1.8380501245251333e-06,-0.0315068493150684,2.2618957306209885e-06,-0.0316438356164383,3.391640110730901e-07,-0.0305479452054795,2.07874716464152e-07,-0.0304109589041096,6.017426002909662e-08,-0.0302739726027396,8.205580913058631e-08,-0.0301369863013698,3.5010478562383493e-07,-0.0295890410958903,4.3763098202979367e-08,1,1,1,1,1
496,34,13:34:51,9,-0.0306849315068492,679299.0,-0.0306164383561643,-0.0306849315068492,6.23624149392456e-07,-0.0308219178082191,3.8292710927606954e-08,-0.0309589041095891,3.4627551453107424e-06,-0.0310958904109588,5.470387275372421e-09,-0.0312328767123287,1.1487813278282086e-07,-0.0305479452054795,1.9146355463803476e-07,-0.0304109589041096,2.2428587829026925e-07,-0.0302739726027396,1.1761332642050703e-06,-0.0301369863013698,3.5010478562383493e-07,-0.0295890410958903,4.3763098202979367e-08,1,1,1,1,0
497,34,13:34:54,9,-0.0306849315068492,14152.0,-0.0306164383561643,-0.0306849315068492,6.837984094215526e-07,-0.0308219178082191,5.360979529864973e-07,-0.0309589041095891,3.555751728992073e-06,-0.0310958904109588,5.470387275372421e-09,-0.0312328767123287,1.1487813278282086e-07,-0.0305479452054795,2.4616742739175896e-07,-0.0304109589041096,3.2275284924697285e-07,-0.0302739726027396,1.1761332642050703e-06,-0.0301369863013698,3.5010478562383493e-07,-0.0295890410958903,4.3763098202979367e-08,1,1,1,1,0
498,34,13:34:57,9,-0.0305479452054795,1337417.0,-0.0306164383561643,-0.0306849315068492,4.15749432928304e-07,-0.0308219178082191,1.6848792808147057e-06,-0.0309589041095891,3.555751728992073e-06,-0.0310958904109588,5.470387275372421e-09,-0.0312328767123287,1.1487813278282086e-07,-0.0305479452054795,1.1487813278282086e-07,-0.0304109589041096,3.2275284924697285e-07,-0.0302739726027396,1.1761332642050703e-06,-0.0301369863013698,3.5010478562383493e-07,-0.0295890410958903,4.3763098202979367e-08,1,1,1,1,0
499,34,13:35:00,9,-0.0305479452054795,219369.0,-0.0306164383561643,-0.0306849315068492,4.2669020747904883e-07,-0.0308219178082191,1.7669350899452918e-06,-0.0309589041095891,3.4518143707599977e-06,-0.0310958904109588,5.470387275372421e-09,-0.0312328767123287,1.1487813278282086e-07,-0.0305479452054795,9.846697095670357e-08,-0.0304109589041096,3.2275284924697285e-07,-0.0302739726027396,1.1761332642050703e-06,-0.0301369863013698,3.391640110730901e-07,-0.0295890410958903,4.3763098202979367e-08,1,1,1,1,0
500,34,13:35:03,9,-0.0305479452054795,544874.0,-0.0306164383561643,-0.0306849315068492,1.2581890733356568e-07,-0.0308219178082191,1.8763428354527404e-06,-0.0309589041095891,3.4518143707599977e-06,-0.0310958904109588,1.0940774550744842e-08,-0.0312328767123287,1.0940774550744841e-07,-0.0305479452054795,1.3128929460893809e-07,-0.0304109589041096,3.77456722000697e-07,-0.0302739726027396,1.1761332642050703e-06,-0.0301369863013698,3.2275284924697285e-07,-0.0295890410958903,4.3763098202979367e-08,1,1,1,1,0
501,34,13:35:06,9,-0.0304109589041096,1210230.0,-0.0303424657534246,-0.0304109589041096,1.1487813278282086e-07,-0.0306849315068492,1.0940774550744842e-08,-0.0308219178082191,1.8380501245251333e-06,-0.0309589041095891,3.4408735962092526e-06,-0.0310958904109588,1.0940774550744842e-08,-0.0302739726027396,1.1761332642050703e-06,-0.0301369863013698,3.2275284924697285e-07,-0.0295890410958903,4.3763098202979367e-08,-0.0294520547945206,9.299658368133117e-08,-0.0293150684931506,5.470387275372421e-09,1,1,1,1,0
502,34,13:35:09,9,-0.0304109589041096,860006.0,-0.0303424657534246,-0.0304109589041096,9.327557343237516e-07,-0.0305479452054795,4.3763098202979367e-08,-0.0306849315068492,1.0940774550744842e-08,-0.0308219178082191,1.89822438455423e-06,-0.0309589041095891,3.4408735962092526e-06,-0.0302739726027396,6.290945366678284e-07,-0.0301369863013698,3.2275284924697285e-07,-0.0295890410958903,4.3763098202979367e-08,-0.0294520547945206,9.299658368133117e-08,-0.0293150684931506,5.470387275372421e-09,1,1,1,1,0
503,34,13:35:12,9,-0.0304109589041096,856543.0,-0.0303424657534246,-0.0304109589041096,8.6164069974391e-07,-0.0305479452054795,1.750523928119175e-07,-0.0306849315068492,3.8292710927606954e-08,-0.0308219178082191,1.89822438455423e-06,-0.0309589041095891,3.4408735962092526e-06,-0.0302739726027396,7.65854218552139e-08,-0.0301369863013698,3.2275284924697285e-07,-0.0295890410958903,4.3763098202979367e-08,-0.0294520547945206,9.299658368133117e-08,-0.0293150684931506,5.470387275372421e-09,1,1,1,1,0
504,34,13:35:15,9,-0.0304109589041096,629943.0,-0.0303424657534246,-0.0304109589041096,5.005951395693302e-07,-0.0305479452054795,2.0240432918877963e-07,-0.0306849315068492,3.8292710927606954e-08,-0.0308219178082191,1.941987482757209e-06,-0.0309589041095891,3.4408735962092526e-06,-0.0302739726027396,7.111503457984149e-08,-0.0301369863013698,3.282232365223453e-07,-0.0295890410958903,4.3763098202979367e-08,-0.0294520547945206,9.299658368133117e-08,-0.0293150684931506,5.470387275372421e-09,1,0,1,1,0
505,34,13:35:18,9,-0.0308219178082191,1097024.0,-0.0304794520547944,-0.0306849315068492,4.3763098202979367e-08,-0.0308219178082191,1.928366218441532e-06,-0.0309589041095891,3.4408735962092526e-06,-0.0310958904109588,1.0940774550744842e-08,-0.0312328767123287,6.017426002909662e-08,-0.0302739726027396,1.4770045643505538e-07,-0.0301369863013698,4.81394080232773e-07,-0.0295890410958903,4.3763098202979367e-08,-0.0294520547945206,9.299658368133117e-08,-0.0293150684931506,5.470387275372421e-09,1,1,1,1,0
506,34,13:35:21,9,-0.0301369863013698,644196.0,-0.0304109589041096,-0.0306849315068492,1.0940774550744842e-08,-0.0308219178082191,2.0104220275721185e-06,-0.0309589041095891,3.41352165983239e-06,-0.0310958904109588,1.0940774550744842e-08,-0.0312328767123287,6.017426002909662e-08,-0.0301369863013698,5.798610511894766e-07,-0.0295890410958903,4.3763098202979367e-08,-0.0294520547945206,9.299658368133117e-08,-0.0293150684931506,5.470387275372421e-09,-0.029041095890411,4.15749432928304e-07,1,1,1,1,0
507,34,13:35:24,9,-0.0302739726027396,198199.0,-0.0302054794520547,-0.0302739726027396,1.2034852005819325e-07,-0.0304109589041096,5.470387275372421e-09,-0.0306849315068492,1.0940774550744842e-08,-0.0308219178082191,2.0104220275721185e-06,-0.0309589041095891,3.41352165983239e-06,-0.0301369863013698,6.23624149392456e-07,-0.0299999999999999,9.846697095670357e-08,-0.0295890410958903,4.3763098202979367e-08,-0.0294520547945206,7.65854218552139e-08,-0.0293150684931506,5.470387275372421e-09,1,0,1,0,0
508,34,13:35:27,9,-0.0308219178082191,283118.0,-0.0306849315068494,-0.0308219178082191,1.977599703919884e-06,-0.0309589041095891,3.41352165983239e-06,-0.0310958904109588,1.0940774550744842e-08,-0.0312328767123287,6.017426002909662e-08,-0.0313698630136987,1.8435205118005056e-06,-0.0305479452054795,9.299658368133117e-08,-0.0304109589041096,6.017426002909662e-08,-0.0301369863013698,6.23624149392456e-07,-0.0299999999999999,2.0240432918877963e-07,-0.0295890410958903,4.3763098202979367e-08,1,1,1,1,0
509,34,13:35:30,9,-0.0305479452054795,247694.0,-0.0307534246575342,-0.0308219178082191,2.0104220275721185e-06,-0.0309589041095891,3.41352165983239e-06,-0.0310958904109588,1.0940774550744842e-08,-0.0312328767123287,6.017426002909662e-08,-0.0313698630136987,1.8435205118005056e-06,-0.0306849315068492,9.846697095670357e-08,-0.0305479452054795,4.9233485478351786e-08,-0.0304109589041096,2.7351936376862104e-07,-0.0301369863013698,5.798610511894766e-07,-0.0295890410958903,4.3763098202979367e-08,1,1,1,1,0
510,34,13:35:33,9,-0.0305479452054795,445812.0,-0.0306849315068494,-0.0308219178082191,1.9994812530213733e-06,-0.0309589041095891,3.41352165983239e-06,-0.0310958904109588,1.0940774550744842e-08,-0.0312328767123287,7.65854218552139e-08,-0.0313698630136987,1.8435205118005056e-06,-0.0305479452054795,1.805227800872899e-07,-0.0304109589041096,2.844601383193659e-07,-0.0302739726027396,5.470387275372421e-09,-0.0301369863013698,2.5710820194250377e-07,-0.0295890410958903,4.3763098202979367e-08,1,1,1,1,0
511,34,13:35:36,9,-0.0306849315068492,1061739.0,-0.0304109589041096,-0.0306849315068492,5.251571784357523e-07,-0.0308219178082191,2.1909448076594084e-06,-0.0309589041095891,3.446343983484625e-06,-0.0310958904109588,1.0940774550744842e-08,-0.0312328767123287,7.65854218552139e-08,-0.0301369863013698,5.470387275372421e-09,-0.0295890410958903,4.3763098202979367e-08,-0.0294520547945206,7.65854218552139e-08,-0.0293150684931506,5.470387275372421e-09,-0.029041095890411,4.15749432928304e-07,1,1,1,0,0
512,34,13:35:39,9,-0.0305479452054795,601464.0,-0.0303424657534246,-0.0305479452054795,9.299658368133117e-08,-0.0306849315068492,1.3675968188431052e-07,-0.0308219178082191,2.2620598422392497e-06,-0.0309589041095891,3.446343983484625e-06,-0.0310958904109588,1.0940774550744842e-08,-0.0301369863013698,5.470387275372421e-09,-0.0295890410958903,4.3763098202979367e-08,-0.0294520547945206,7.65854218552139e-08,-0.0293150684931506,5.470387275372421e-09,-0.029041095890411,4.15749432928304e-07,0,0,1,0,0
513,34,13:35:42,9,-0.0301369863013698,21234.0,-0.0303424657534246,-0.0305479452054795,1.2581890733356568e-07,-0.0306849315068492,4.3763098202979364e-07,-0.0308219178082191,2.2620598422392497e-06,-0.0309589041095891,3.446343983484625e-06,-0.0310958904109588,1.641116182611726e-08,-0.0301369863013698,7.111503457984149e-08,-0.0299999999999999,9.846697095670357e-08,-0.0295890410958903,4.3763098202979367e-08,-0.0294520547945206,7.65854218552139e-08,-0.0293150684931506,5.470387275372421e-09,0,0,1,0,0
514,34,13:35:45,9,-0.0308219178082191,5402477.0,-0.0308904109589041,-0.0309589041095891,3.446343983484625e-06,-0.0310958904109588,1.641116182611726e-08,-0.0312328767123287,7.65854218552139e-08,-0.0313698630136987,1.7341127662930575e-06,-0.0315068493150684,1.6656235176053946e-06,-0.0308219178082191,5.661303791282919e-07,-0.0305479452054795,6.017426002909662e-08,-0.0304109589041096,6.455056984939457e-07,-0.0302739726027396,5.689202766387318e-07,-0.0301369863013698,5.470387275372421e-08,1,1,1,1,0
515,34,13:35:48,9,-0.0308219178082191,863151.0,-0.0308904109589041,-0.0309589041095891,3.446343983484625e-06,-0.0310958904109588,1.641116182611726e-08,-0.0312328767123287,7.65854218552139e-08,-0.0313698630136987,1.7341127662930575e-06,-0.0315068493150684,1.6656235176053946e-06,-0.0308219178082191,6.591269628096229e-07,-0.0306849315068492,3.008713001454831e-07,-0.0305479452054795,9.299658368133117e-08,-0.0304109589041096,6.455056984939457e-07,-0.0302739726027396,5.689202766387318e-07,1,1,1,1,0
516,34,13:35:51,9,-0.0306849315068492,2854506.0,-0.0307534246575342,-0.0308219178082191,1.9146355463803476e-07,-0.0309589041095891,2.3605268131959533e-06,-0.0310958904109588,1.641116182611726e-08,-0.0312328767123287,7.65854218552139e-08,-0.0313698630136987,1.7341127662930575e-06,-0.0306849315068492,2.2428587829026925e-07,-0.0305479452054795,9.299658368133117e-08,-0.0304109589041096,8.752619640595873e-07,-0.0302739726027396,5.689202766387318e-07,-0.0301369863013698,3.391640110730901e-06,1,1,1,1,0
517,34,13:35:54,9,-0.0309589041095891,4761438.0,-0.0308904109589041,-0.0309589041095891,4.677728159170957e-07,-0.0310958904109588,1.641116182611726e-08,-0.0312328767123287,7.65854218552139e-08,-0.0313698630136987,1.7341127662930575e-06,-0.0315068493150684,1.6984458412576292e-06,-0.0308219178082191,2.7351936376862104e-07,-0.0305479452054795,2.0240432918877963e-07,-0.0304109589041096,8.369692531319804e-07,-0.0302739726027396,5.689202766387318e-07,-0.0301369863013698,3.391640110730901e-06,1,1,1,1,0
518,34,13:35:57,9,-0.0308219178082191,686226.0,-0.0308904109589041,-0.0309589041095891,1.997238394238471e-07,-0.0310958904109588,1.641116182611726e-08,-0.0312328767123287,7.65854218552139e-08,-0.0313698630136987,1.7341127662930575e-06,-0.0315068493150684,1.6984458412576292e-06,-0.0308219178082191,2.7351936376862106e-08,-0.0305479452054795,3.008713001454831e-07,-0.0304109589041096,8.369692531319804e-07,-0.0302739726027396,5.689202766387318e-07,-0.0301369863013698,3.391640110730901e-06,1,1,1,1,0
519,34,13:36:00,9,-0.0305479452054795,396177.0,-0.0306164383561643,-0.0306849315068492,5.470387275372421e-09,-0.0308219178082191,2.5710820194250377e-07,-0.0309589041095891,5.202338298879173e-08,-0.0310958904109588,7.111503457984149e-08,-0.0312328767123287,7.65854218552139e-08,-0.0305479452054795,2.954009128701107e-07,-0.0304109589041096,8.807323513349597e-07,-0.0302739726027396,5.689202766387318e-07,-0.0301369863013698,3.402580885281646e-06,-0.0295890410958903,4.3763098202979367e-08,1,1,1,0,0
520,34,13:36:03,9,-0.0304109589041096,884640.0,-0.0306164383561643,-0.0306849315068492,1.641116182611726e-08,-0.0308219178082191,1.9693394191340717e-07,-0.0309589041095891,4.65529957134193e-08,-0.0310958904109588,7.111503457984149e-08,-0.0312328767123287,8.205580913058631e-08,-0.0305479452054795,1.0940774550744842e-08,-0.0304109589041096,7.220911203491596e-07,-0.0302739726027396,5.689202766387318e-07,-0.0301369863013698,3.402580885281646e-06,-0.0294520547945206,7.65854218552139e-08,1,1,1,0,0
521,34,13:36:06,9,-0.0308219178082191,438668.0,-0.0306849315068494,-0.0308219178082191,6.017426002909662e-08,-0.0309589041095891,5.202338298879173e-08,-0.0310958904109588,7.111503457984149e-08,-0.0312328767123287,9.299658368133117e-08,-0.0313698630136987,1.7450535408438022e-06,-0.0305479452054795,6.017426002909662e-08,-0.0304109589041096,4.923348547835179e-07,-0.0302739726027396,5.689202766387318e-07,-0.0301369863013698,3.402580885281646e-06,-0.0294520547945206,7.65854218552139e-08,1,1,1,0,0
522,34,13:36:09,9,-0.0309589041095891,258288.0,-0.0310273972602739,-0.0310958904109588,7.111503457984149e-08,-0.0312328767123287,9.299658368133117e-08,-0.0313698630136987,1.7450535408438022e-06,-0.0315068493150684,1.6984458412576292e-06,-0.0316438356164383,3.610455601745798e-07,-0.0309589041095891,2.160255935044569e-07,-0.0305479452054795,1.2581890733356568e-07,-0.0304109589041096,4.923348547835179e-07,-0.0302739726027396,5.689202766387318e-07,-0.0301369863013698,3.41352165983239e-06,1,1,1,0,0
523,34,13:36:12,9,-0.0309589041095891,739162.0,-0.0308904109589041,-0.0309589041095891,1.3954957939475045e-07,-0.0310958904109588,7.111503457984149e-08,-0.0312328767123287,9.299658368133117e-08,-0.0313698630136987,1.7450535408438022e-06,-0.0315068493150684,1.6984458412576292e-06,-0.0308219178082191,5.142164038850075e-07,-0.0306849315068492,4.3763098202979367e-08,-0.0305479452054795,5.470387275372421e-09,-0.0304109589041096,3.665159474499522e-07,-0.0302739726027396,5.853314384648491e-07,1,1,1,0,0
524,34,13:36:15,9,-0.0308219178082191,226400.0,-0.0308904109589041,-0.0309589041095891,1.504903539454953e-07,-0.0310958904109588,9.299658368133117e-08,-0.0312328767123287,9.299658368133117e-08,-0.0313698630136987,1.7450535408438022e-06,-0.0315068493150684,1.6984458412576292e-06,-0.0308219178082191,7.056799585230423e-07,-0.0306849315068492,4.759236929574006e-07,-0.0305479452054795,5.470387275372421e-09,-0.0304109589041096,3.665159474499522e-07,-0.0302739726027396,5.853314384648491e-07,1,1,1,0,0
525,34,13:36:18,9,-0.0308219178082191,1938603.0,-0.0307534246575342,-0.0308219178082191,2.7898975104399344e-07,-0.0309589041095891,4.3763098202979367e-08,-0.0310958904109588,1.012568684671435e-07,-0.0312328767123287,9.299658368133117e-08,-0.0313698630136987,1.7450535408438022e-06,-0.0306849315068492,1.641116182611726e-08,-0.0305479452054795,6.564464730446904e-08,-0.0304109589041096,3.665159474499522e-07,-0.0302739726027396,5.853314384648491e-07,-0.0301369863013698,3.468225532586115e-06,1,1,1,0,0
526,34,13:36:21,9,-0.0308219178082191,191036.0,-0.0307534246575342,-0.0308219178082191,2.899305255947383e-07,-0.0309589041095891,5.470387275372421e-08,-0.0310958904109588,1.012568684671435e-07,-0.0312328767123287,9.299658368133117e-08,-0.0313698630136987,1.7450535408438022e-06,-0.0306849315068492,5.470387275372421e-08,-0.0305479452054795,4.9233485478351786e-08,-0.0304109589041096,3.665159474499522e-07,-0.0302739726027396,5.853314384648491e-07,-0.0301369863013698,3.468225532586115e-06,1,1,1,0,0
527,34,13:36:24,9,-0.0308219178082191,459876.0,-0.0307534246575342,-0.0308219178082191,1.641116182611726e-08,-0.0309589041095891,4.9233485478351786e-08,-0.0310958904109588,1.012568684671435e-07,-0.0312328767123287,9.299658368133117e-08,-0.0313698630136987,1.7450535408438022e-06,-0.0306849315068492,9.846697095670357e-08,-0.0305479452054795,5.962722130155939e-07,-0.0304109589041096,3.665159474499522e-07,-0.0302739726027396,5.853314384648491e-07,-0.0301369863013698,3.468225532586115e-06,1,1,1,0,0
528,34,13:36:27,9,-0.0306849315068492,183976.0,-0.0306164383561643,-0.0306849315068492,2.1334510373952441e-07,-0.0308219178082191,1.805227800872899e-07,-0.0309589041095891,1.9693394191340717e-07,-0.0310958904109588,1.012568684671435e-07,-0.0312328767123287,9.846697095670357e-08,-0.0305479452054795,6.509760857693181e-07,-0.0304109589041096,3.665159474499522e-07,-0.0302739726027396,5.853314384648491e-07,-0.0301369863013698,3.473695919861487e-06,-0.0294520547945206,7.65854218552139e-08,1,1,1,0,0
529,34,13:36:30,9,-0.0308219178082191,481145.0,-0.0307534246575342,-0.0308219178082191,2.1881549101489682e-07,-0.0309589041095891,2.2428587829026925e-07,-0.0310958904109588,1.012568684671435e-07,-0.0312328767123287,1.1487813278282086e-07,-0.0313698630136987,1.7450535408438022e-06,-0.0306849315068492,1.9693394191340717e-07,-0.0305479452054795,7.385022821752768e-07,-0.0304109589041096,5.853314384648491e-07,-0.0302739726027396,5.853314384648491e-07,-0.0301369863013698,3.4901070816876044e-06,1,1,1,0,0
530,34,13:36:33,9,-0.0305479452054795,1436372.0,-0.0308904109589041,-0.0309589041095891,2.0240432918877963e-07,-0.0310958904109588,1.012568684671435e-07,-0.0312328767123287,1.1487813278282086e-07,-0.0313698630136987,1.7450535408438022e-06,-0.0315068493150684,1.7969128122143328e-06,-0.0308219178082191,5.470387275372421e-09,-0.0305479452054795,4.2669020747904883e-07,-0.0304109589041096,5.853314384648491e-07,-0.0302739726027396,5.853314384648491e-07,-0.0301369863013698,3.522929405339839e-06,1,1,1,0,0
531,34,13:36:36,9,-0.0308219178082191,417377.0,-0.0308904109589041,-0.0309589041095891,1.0940774550744842e-08,-0.0310958904109588,7.937531936565384e-08,-0.0312328767123287,1.4770045643505538e-07,-0.0313698630136987,1.7450535408438022e-06,-0.0315068493150684,1.7969128122143328e-06,-0.0308219178082191,2.7898975104399344e-07,-0.0306849315068492,2.297562655656417e-07,-0.0305479452054795,5.415683402618696e-07,-0.0304109589041096,6.400353112185732e-07,-0.0302739726027396,5.853314384648491e-07,1,1,1,0,0
532,34,13:36:39,9,-0.0310958904109588,1039512.0,-0.0311643835616438,-0.0312328767123287,1.641116182611726e-08,-0.0313698630136987,1.211745485367745e-06,-0.0315068493150684,1.8406759104173125e-06,-0.0316438356164383,3.610455601745798e-07,-0.0317808219178081,3.883974965514419e-07,-0.0310958904109588,2.7351936376862106e-08,-0.0309589041095891,3.719863347253246e-07,-0.0308219178082191,1.1487813278282086e-07,-0.0306849315068492,2.6257858921787617e-07,-0.0305479452054795,5.415683402618696e-07,1,1,1,0,0
533,34,13:36:42,9,-0.0309589041095891,700161.0,-0.031095890410959,-0.0312328767123287,1.641116182611726e-08,-0.0313698630136987,1.211745485367745e-06,-0.0315068493150684,1.8953797831710364e-06,-0.0316438356164383,3.610455601745798e-07,-0.0317808219178081,3.883974965514419e-07,-0.0309589041095891,5.032756293342627e-07,-0.0308219178082191,4.3763098202979367e-08,-0.0306849315068492,3.610455601745798e-07,-0.0305479452054795,3.883974965514419e-07,-0.0304109589041096,9.956104841177803e-07,1,1,1,0,0
534,34,13:36:45,9,-0.0308219178082191,1690530.0,-0.0307534246575342,-0.0308219178082191,6.892687966969251e-07,-0.0312328767123287,1.641116182611726e-08,-0.0313698630136987,1.0366930925558276e-06,-0.0315068493150684,1.8953797831710364e-06,-0.0316438356164383,3.5010478562383493e-07,-0.0306849315068492,2.7351936376862104e-07,-0.0305479452054795,3.883974965514419e-07,-0.0304109589041096,9.956104841177803e-07,-0.0302739726027396,6.017426002909662e-07,-0.0301369863013698,3.5119886307890942e-06,1,0,1,0,0
535,34,13:36:48,9,-0.0309589041095891,912672.0,-0.0308904109589041,-0.0309589041095891,1.4770045643505538e-07,-0.0310958904109588,5.470387275372421e-09,-0.0312328767123287,2.1881549101489683e-08,-0.0313698630136987,1.0366930925558276e-06,-0.0315068493150684,1.8953797831710364e-06,-0.0308219178082191,5.689202766387318e-07,-0.0306849315068492,2.954009128701107e-07,-0.0305479452054795,3.883974965514419e-07,-0.0304109589041096,9.956104841177803e-07,-0.0302739726027396,6.017426002909662e-07,1,1,1,0,0
536,34,13:36:51,9,-0.0308219178082191,431555.0,-0.0308904109589041,-0.0309589041095891,1.6958200553654506e-07,-0.0310958904109588,5.470387275372421e-09,-0.0312328767123287,2.1881549101489683e-08,-0.0313698630136987,1.0366930925558276e-06,-0.0315068493150684,1.9008501704464088e-06,-0.0308219178082191,4.0480865837755926e-07,-0.0306849315068492,2.954009128701107e-07,-0.0305479452054795,4.431013693051661e-07,-0.0304109589041096,9.956104841177803e-07,-0.0302739726027396,6.017426002909662e-07,1,1,1,0,0
537,34,13:36:54,9,-0.0308219178082191,841923.0,-0.0307534246575342,-0.0308219178082191,4.81394080232773e-07,-0.0309589041095891,1.9146355463803476e-07,-0.0310958904109588,5.470387275372421e-09,-0.0312328767123287,2.7351936376862106e-08,-0.0313698630136987,1.0366930925558276e-06,-0.0306849315068492,2.7351936376862104e-07,-0.0305479452054795,4.431013693051661e-07,-0.0304109589041096,9.956104841177803e-07,-0.0302739726027396,6.017426002909662e-07,-0.0301369863013698,3.5119886307890942e-06,1,1,0,0,0
538,34,13:36:57,9,-0.0308219178082191,1075477.0,-0.0306849315068494,-0.0308219178082191,9.846697095670357e-08,-0.0309589041095891,3.5010478562383493e-07,-0.0310958904109588,5.470387275372421e-09,-0.0312328767123287,5.743906639141042e-07,-0.0313698630136987,1.0366930925558276e-06,-0.0305479452054795,4.431013693051661e-07,-0.0304109589041096,1.0120216459438978e-06,-0.0302739726027396,6.017426002909662e-07,-0.0301369863013698,3.5119886307890942e-06,-0.0298630136986302,2.7351936376862106e-08,1,0,0,0,0
539,34,13:37:00,9,-0.0309589041095891,2256578.0,-0.0310273972602739,-0.0310958904109588,1.1651924896543256e-06,-0.0312328767123287,2.0240432918877963e-07,-0.0313698630136987,1.0366930925558276e-06,-0.0315068493150684,1.961024430475505e-06,-0.0316438356164383,3.5010478562383493e-07,-0.0309589041095891,2.899305255947383e-07,-0.0308219178082191,2.680489764932487e-07,-0.0306849315068492,1.641116182611726e-08,-0.0305479452054795,5.743906639141042e-07,-0.0304109589041096,1.0174920332192704e-06,1,0,1,0,0
540,34,13:37:03,9,-0.0310958904109588,1930913.0,-0.0311643835616438,-0.0312328767123287,2.1881549101489683e-08,-0.0313698630136987,1.0366930925558276e-06,-0.0315068493150684,1.961024430475505e-06,-0.0316438356164383,3.5010478562383493e-07,-0.0317808219178081,3.883974965514419e-07,-0.0310958904109588,5.634498893633593e-07,-0.0309589041095891,2.899305255947383e-07,-0.0308219178082191,6.400353112185732e-07,-0.0306849315068492,6.947391839722974e-07,-0.0305479452054795,5.689202766387318e-07,1,1,1,0,0
541,34,13:37:06,9,-0.0310958904109588,749663.0,-0.0312328767123287,-0.0313698630136987,8.671110870192824e-07,-0.0315068493150684,1.9664948177508776e-06,-0.0316438356164383,3.5010478562383493e-07,-0.0317808219178081,3.883974965514419e-07,-0.0319178082191781,1.9146355463803476e-07,-0.0310958904109588,3.77456722000697e-07,-0.0309589041095891,5.415683402618696e-07,-0.0308219178082191,6.400353112185732e-07,-0.0306849315068492,6.947391839722974e-07,-0.0305479452054795,4.485717565805385e-07,1,1,1,0,0
542,34,13:37:09,9,-0.0310958904109588,1103308.0,-0.0310273972602739,-0.0310958904109588,4.431013693051661e-07,-0.0313698630136987,6.701771451058753e-07,-0.0315068493150684,1.9664948177508776e-06,-0.0316438356164383,3.610455601745798e-07,-0.0317808219178081,3.883974965514419e-07,-0.0309589041095891,7.54913444001394e-07,-0.0308219178082191,7.54913444001394e-07,-0.0306849315068492,7.111503457984147e-07,-0.0305479452054795,4.485717565805385e-07,-0.0304109589041096,3.014183388730204e-06,1,0,0,0,0
543,34,13:37:12,9,-0.0310958904109588,212197.0,-0.0310273972602739,-0.0310958904109588,3.2275284924697285e-07,-0.0312328767123287,6.017426002909662e-08,-0.0313698630136987,6.647067578305029e-07,-0.0315068493150684,1.939142881374016e-06,-0.0316438356164383,3.610455601745798e-07,-0.0309589041095891,7.385022821752768e-07,-0.0308219178082191,7.494430567260217e-07,-0.0306849315068492,7.111503457984147e-07,-0.0305479452054795,4.485717565805385e-07,-0.0304109589041096,3.014183388730204e-06,1,0,0,0,0
544,34,13:37:15,9,-0.0310958904109588,3910907.0,-0.0313013698630136,-0.0315068493150684,1.531653733231524e-06,-0.0316438356164383,3.610455601745798e-07,-0.0317808219178081,3.77456722000697e-07,-0.0319178082191781,1.9146355463803476e-07,-0.032054794520548,5.470387275372421e-07,-0.0310958904109588,2.2428587829026925e-07,-0.0309589041095891,4.485717565805385e-07,-0.0308219178082191,8.041469294797458e-07,-0.0306849315068492,7.65854218552139e-07,-0.0305479452054795,3.11812074696228e-07,1,1,1,0,0
545,34,13:37:18,9,-0.0313698630136987,551494.0,-0.0312328767123287,-0.0313698630136987,1.0612551314222496e-06,-0.0315068493150684,1.192489722158434e-06,-0.0316438356164383,3.610455601745798e-07,-0.0317808219178081,3.77456722000697e-07,-0.0319178082191781,1.9146355463803476e-07,-0.0310958904109588,3.883974965514419e-07,-0.0309589041095891,6.837984094215526e-07,-0.0308219178082191,9.190250622625668e-07,-0.0306849315068492,7.65854218552139e-07,-0.0305479452054795,3.11812074696228e-07,1,1,0,0,0
546,34,13:37:21,9,-0.0310958904109588,2340489.0,-0.0313013698630136,-0.0315068493150684,7.712699019547577e-07,-0.0316438356164383,3.610455601745798e-07,-0.0317808219178081,3.77456722000697e-07,-0.0319178082191781,1.9146355463803476e-07,-0.032054794520548,5.470387275372421e-07,-0.0310958904109588,3.5557517289920734e-07,-0.0309589041095891,6.837984094215526e-07,-0.0308219178082191,9.080842877118218e-07,-0.0306849315068492,7.65854218552139e-07,-0.0305479452054795,3.11812074696228e-07,1,1,0,0,0
547,34,13:37:24,9,-0.0312328767123287,466697.0,-0.0312328767123287,-0.0313698630136987,7.65854218552139e-08,-0.0315068493150684,8.369145492592266e-07,-0.0316438356164383,3.883974965514419e-07,-0.0317808219178081,3.829271092760695e-07,-0.0319178082191781,1.9693394191340717e-07,-0.0310958904109588,4.0480865837755926e-07,-0.0309589041095891,6.947391839722974e-07,-0.0308219178082191,1.0557847441468773e-06,-0.0306849315068492,7.65854218552139e-07,-0.0305479452054795,3.11812074696228e-07,1,0,0,0,0
548,34,13:37:27,9,-0.0315068493150684,254548.0,-0.0314383561643836,-0.0315068493150684,7.657995146793852e-07,-0.0316438356164383,3.883974965514419e-07,-0.0317808219178081,3.829271092760695e-07,-0.0319178082191781,1.9693394191340717e-07,-0.032054794520548,5.470387275372421e-07,-0.0313698630136987,2.4616742739175896e-07,-0.0312328767123287,5.470387275372421e-09,-0.0310958904109588,8.697915767842149e-07,-0.0309589041095891,7.056799585230423e-07,-0.0308219178082191,8.205580913058631e-07,1,1,1,0,0
549,34,13:37:30,9,-0.0315068493150684,1456393.0,-0.0315753424657535,-0.0316438356164383,3.883974965514419e-07,-0.0317808219178081,3.829271092760695e-07,-0.0319178082191781,1.9693394191340717e-07,-0.032054794520548,5.470387275372421e-07,-0.0321917808219177,3.336936237977177e-07,-0.0315068493150684,2.1936252974243412e-08,-0.0313698630136987,4.759236929574006e-07,-0.0312328767123287,4.0480865837755926e-07,-0.0310958904109588,7.439726694506492e-07,-0.0309589041095891,9.244954495379392e-07,1,1,1,0,0
550,34,13:37:33,9,-0.0315068493150684,219171.0,-0.0315753424657535,-0.0316438356164383,3.77456722000697e-07,-0.0317808219178081,3.829271092760695e-07,-0.0319178082191781,1.9693394191340717e-07,-0.032054794520548,5.470387275372421e-07,-0.0321917808219177,3.336936237977177e-07,-0.0315068493150684,1.3238337206401255e-06,-0.0313698630136987,6.565011769174443e-07,-0.0312328767123287,1.0831366805237392e-06,-0.0310958904109588,7.439726694506492e-07,-0.0309589041095891,6.728576348708078e-07,1,1,1,0,0
551,34,13:37:36,9,-0.0315068493150684,388798.0,-0.0315753424657535,-0.0316438356164383,9.299658368133117e-08,-0.0317808219178081,3.829271092760695e-07,-0.0319178082191781,1.9693394191340717e-07,-0.032054794520548,5.470387275372421e-07,-0.0321917808219177,2.7898975104399344e-07,-0.0315068493150684,1.4715341770751812e-06,-0.0313698630136987,8.042016333524996e-07,-0.0312328767123287,1.0831366805237392e-06,-0.0310958904109588,7.439726694506492e-07,-0.0309589041095891,6.728576348708078e-07,1,1,1,0,0
552,34,13:37:39,9,-0.0315068493150684,2375514.0,-0.0315753424657535,-0.0316438356164383,6.564464730446904e-08,-0.0317808219178081,3.829271092760695e-07,-0.0319178082191781,1.9693394191340717e-07,-0.032054794520548,5.470387275372421e-07,-0.0321917808219177,2.7898975104399344e-07,-0.0315068493150684,2.899305255947383e-07,-0.0313698630136987,9.4096131523681e-07,-0.0312328767123287,1.0831366805237392e-06,-0.0310958904109588,7.385022821752768e-07,-0.0309589041095891,4.868644675081455e-07,1,0,1,0,0
553,34,13:37:42,9,-0.0316438356164383,445390.0,-0.0317123287671232,-0.0317808219178081,3.282232365223453e-07,-0.0319178082191781,1.9146355463803476e-07,-0.032054794520548,5.470387275372421e-07,-0.0321917808219177,2.7898975104399344e-07,-0.0323287671232876,7.056799585230423e-07,-0.0316438356164383,4.595125311312834e-07,-0.0315068493150684,1.03937358232076e-07,-0.0313698630136987,1.2035399044546863e-06,-0.0312328767123287,1.0831366805237392e-06,-0.0310958904109588,7.385022821752768e-07,1,0,1,0,0
554,34,13:37:45,9,-0.0316438356164383,77758.0,-0.0317123287671232,-0.0317808219178081,3.282232365223453e-07,-0.0319178082191781,2.0240432918877963e-07,-0.032054794520548,1.859931673626623e-07,-0.0321917808219177,2.844601383193659e-07,-0.0323287671232876,7.056799585230423e-07,-0.0316438356164383,7.27561507624532e-07,-0.0315068493150684,1.1487813278282086e-07,-0.0313698630136987,1.1706628769296982e-06,-0.0312328767123287,1.0831366805237392e-06,-0.0310958904109588,7.822653803782562e-07,1,0,1,0,0
555,34,13:37:48,9,-0.0316438356164383,360480.0,-0.0317123287671232,-0.0317808219178081,2.0240432918877963e-07,-0.0319178082191781,2.0240432918877963e-07,-0.032054794520548,1.859931673626623e-07,-0.0321917808219177,2.844601383193659e-07,-0.0323287671232876,7.056799585230423e-07,-0.0316438356164383,1.5043565007274155e-06,-0.0315068493150684,1.4770045643505538e-07,-0.0313698630136987,1.1159590041759738e-06,-0.0312328767123287,1.0831366805237392e-06,-0.0310958904109588,6.728576348708078e-07,1,0,1,0,0
556,34,13:37:51,9,-0.0316438356164383,424136.0,-0.0317123287671232,-0.0317808219178081,1.9693394191340717e-07,-0.0319178082191781,7.494430567260217e-07,-0.032054794520548,1.859931673626623e-07,-0.0321917808219177,2.899305255947383e-07,-0.0323287671232876,7.056799585230423e-07,-0.0316438356164383,1.247248298784912e-06,-0.0315068493150684,2.1334510373952441e-07,-0.0313698630136987,1.1706628769296982e-06,-0.0312328767123287,1.0831366805237392e-06,-0.0310958904109588,6.673872475954353e-07,1,0,1,0,0
557,34,13:37:54,9,-0.0317808219178081,353413.0,-0.0318493150684929,-0.0319178082191781,7.494430567260217e-07,-0.032054794520548,1.9693394191340717e-07,-0.0321917808219177,2.954009128701107e-07,-0.0323287671232876,7.056799585230423e-07,-0.0324657534246576,1.9091651591049747e-06,-0.0317808219178081,4.485717565805385e-07,-0.0316438356164383,9.73728935016291e-07,-0.0315068493150684,2.6257858921787617e-07,-0.0313698630136987,9.35436224088684e-07,-0.0312328767123287,1.0831366805237392e-06,1,0,1,0,0
558,34,13:37:57,9,-0.0319178082191781,49470.0,-0.0318493150684929,-0.0319178082191781,7.166207330737871e-07,-0.032054794520548,1.9693394191340717e-07,-0.0321917808219177,2.954009128701107e-07,-0.0323287671232876,7.056799585230423e-07,-0.0324657534246576,1.9091651591049747e-06,-0.0317808219178081,1.03937358232076e-06,-0.0316438356164383,1.4441822406983192e-06,-0.0315068493150684,5.360979529864973e-07,-0.0313698630136987,5.908018257402214e-07,-0.0312328767123287,6.783280221461801e-07,1,1,1,0,0
559,34,13:38:00,9,-0.0317808219178081,614848.0,-0.0318493150684929,-0.0319178082191781,3.5010478562383493e-07,-0.032054794520548,2.1881549101489682e-07,-0.0321917808219177,2.954009128701107e-07,-0.0323287671232876,7.056799585230423e-07,-0.0324657534246576,1.9091651591049747e-06,-0.0317808219178081,1.2855410097125188e-06,-0.0316438356164383,1.455123015249064e-06,-0.0315068493150684,5.360979529864973e-07,-0.0313698630136987,5.908018257402214e-07,-0.0312328767123287,6.783280221461801e-07,1,1,1,0,0
560,34,13:38:03,9,-0.0319178082191781,954049.0,-0.0319863013698631,-0.032054794520548,3.8292710927606954e-08,-0.0321917808219177,3.008713001454831e-07,-0.0323287671232876,7.056799585230423e-07,-0.0324657534246576,1.9091651591049747e-06,-0.0326027397260273,3.719863347253246e-07,-0.0319178082191781,6.564464730446904e-08,-0.0317808219178081,1.1104886169006014e-06,-0.0316438356164383,1.6848792808147057e-06,-0.0315068493150684,8.752619640595873e-07,-0.0313698630136987,5.525091148126145e-07,1,1,1,0,0
561,34,13:38:06,9,-0.0317808219178081,2883719.0,-0.0318493150684929,-0.0319178082191781,2.1881549101489683e-08,-0.032054794520548,6.017426002909662e-08,-0.0321917808219177,3.008713001454831e-07,-0.0323287671232876,7.056799585230423e-07,-0.0324657534246576,1.9091651591049747e-06,-0.0317808219178081,8.205580913058631e-08,-0.0316438356164383,1.4715341770751812e-06,-0.0315068493150684,7.767949931028838e-07,-0.0313698630136987,4.704533056820282e-07,-0.0312328767123287,6.783280221461801e-07,0,0,1,0,0
562,34,13:38:09,9,-0.032054794520548,254368.0,-0.0321232876712328,-0.0321917808219177,2.352266528410141e-07,-0.0323287671232876,7.056799585230423e-07,-0.0324657534246576,1.9091651591049747e-06,-0.0326027397260273,3.719863347253246e-07,-0.0327397260273972,1.5043565007274155e-06,-0.032054794520548,1.2581890733356568e-07,-0.0319178082191781,2.4616742739175896e-07,-0.0317808219178081,9.846697095670357e-08,-0.0316438356164383,1.520767662553533e-06,-0.0315068493150684,7.767949931028838e-07,1,1,1,0,0
563,34,13:38:12,9,-0.0324657534246576,1660059.0,-0.0322602739726027,-0.0324657534246576,1.6411161826117262e-06,-0.0326027397260273,3.719863347253246e-07,-0.0327397260273972,1.5043565007274155e-06,-0.0328767123287672,3.550281341716701e-06,-0.0330136986301369,3.8292710927606954e-08,-0.032054794520548,2.352266528410141e-07,-0.0319178082191781,4.3216059475442123e-07,-0.0317808219178081,1.3675968188431052e-07,-0.0316438356164383,1.991220968235561e-06,-0.0315068493150684,7.494430567260217e-07,1,1,1,0,0
564,34,13:38:15,9,-0.0324657534246576,261424.0,-0.0322602739726027,-0.0324657534246576,1.6684681189885884e-06,-0.0326027397260273,3.719863347253246e-07,-0.0327397260273972,1.5043565007274155e-06,-0.0328767123287672,3.550281341716701e-06,-0.0330136986301369,3.8292710927606954e-08,-0.032054794520548,1.9146355463803476e-07,-0.0319178082191781,5.470387275372421e-07,-0.0317808219178081,1.3675968188431052e-07,-0.0316438356164383,1.312892946089381e-06,-0.0315068493150684,7.494430567260217e-07,1,1,1,0,0
565,34,13:38:18,9,-0.0324657534246576,466245.0,-0.0323972602739727,-0.0324657534246576,1.4715341770751812e-06,-0.0326027397260273,3.993382711021867e-07,-0.0327397260273972,1.5043565007274155e-06,-0.0328767123287672,3.550281341716701e-06,-0.0330136986301369,3.8292710927606954e-08,-0.0323287671232876,6.564464730446904e-08,-0.0321917808219177,1.641116182611726e-08,-0.032054794520548,7.494430567260217e-07,-0.0319178082191781,6.072129875663387e-07,-0.0317808219178081,2.07874716464152e-07,1,1,1,0,0
566,34,13:38:21,9,-0.0323287671232876,402611.0,-0.0323972602739727,-0.0324657534246576,1.274600235161774e-06,-0.0326027397260273,3.993382711021867e-07,-0.0327397260273972,1.5043565007274155e-06,-0.0328767123287672,3.550281341716701e-06,-0.0330136986301369,3.8292710927606954e-08,-0.0323287671232876,1.0940774550744842e-08,-0.0321917808219177,4.81394080232773e-07,-0.032054794520548,7.111503457984147e-07,-0.0319178082191781,6.072129875663387e-07,-0.0317808219178081,6.728576348708078e-07,1,1,1,0,0
567,34,13:38:24,9,-0.0323287671232876,805184.0,-0.0323972602739727,-0.0324657534246576,6.619168603200629e-07,-0.0326027397260273,3.993382711021867e-07,-0.0327397260273972,1.4934157261766708e-06,-0.0328767123287672,3.555751728992073e-06,-0.0330136986301369,3.8292710927606954e-08,-0.0323287671232876,1.1487813278282086e-07,-0.0321917808219177,6.23624149392456e-07,-0.032054794520548,6.892687966969251e-07,-0.0319178082191781,6.290945366678284e-07,-0.0317808219178081,6.728576348708078e-07,1,1,1,0,0
568,34,13:38:27,9,-0.0324657534246576,1843584.0,-0.0323287671232876,-0.0324657534246576,6.564464730446904e-08,-0.0326027397260273,3.993382711021867e-07,-0.0327397260273972,1.4934157261766708e-06,-0.0328767123287672,3.5776332780935638e-06,-0.0330136986301369,3.8292710927606954e-08,-0.0321917808219177,6.181537621170835e-07,-0.032054794520548,6.947391839722974e-07,-0.0319178082191781,5.962722130155939e-07,-0.0317808219178081,6.728576348708078e-07,-0.0316438356164383,9.190250622625668e-07,1,1,1,0,0
569,34,13:38:30,9,-0.0323287671232876,254295.0,-0.0322602739726025,-0.0323287671232876,1.859931673626623e-07,-0.0324657534246576,2.0240432918877963e-07,-0.0326027397260273,3.993382711021867e-07,-0.0327397260273972,1.4934157261766708e-06,-0.0328767123287672,3.697981798151757e-06,-0.0321917808219177,6.290945366678284e-07,-0.032054794520548,9.190250622625668e-07,-0.0319178082191781,5.962722130155939e-07,-0.0317808219178081,6.728576348708078e-07,-0.0316438356164383,9.135546749871944e-07,1,1,1,0,0
570,34,13:38:33,9,-0.0323287671232876,1130099.0,-0.0323972602739727,-0.0324657534246576,4.9233485478351786e-08,-0.0326027397260273,9.846697095670357e-08,-0.0327397260273972,1.4934157261766708e-06,-0.0328767123287672,3.7089225727025015e-06,-0.0330136986301369,3.8292710927606954e-08,-0.0323287671232876,1.6958200553654506e-07,-0.0321917808219177,7.220911203491596e-07,-0.032054794520548,1.0229624204946427e-06,-0.0319178082191781,5.579795020879869e-07,-0.0317808219178081,6.728576348708078e-07,1,1,1,0,0
571,34,13:38:36,9,-0.0324657534246576,423814.0,-0.0323972602739727,-0.0324657534246576,2.1881549101489683e-08,-0.0326027397260273,9.846697095670357e-08,-0.0327397260273972,1.4934157261766708e-06,-0.0328767123287672,3.7089225727025015e-06,-0.0330136986301369,3.8292710927606954e-08,-0.0323287671232876,3.063416874208556e-07,-0.0321917808219177,5.798610511894766e-07,-0.032054794520548,9.080842877118218e-07,-0.0319178082191781,4.595125311312834e-07,-0.0317808219178081,6.728576348708078e-07,1,1,0,0,0
572,34,13:38:39,9,-0.0324657534246576,1052517.0,-0.0323972602739727,-0.0324657534246576,1.427771078872202e-06,-0.0326027397260273,9.846697095670357e-08,-0.0327397260273972,1.7669350899452918e-06,-0.0328767123287672,3.5995148271950527e-06,-0.0330136986301369,3.8292710927606954e-08,-0.0323287671232876,5.470387275372421e-09,-0.0321917808219177,4.3763098202979364e-07,-0.032054794520548,9.080842877118218e-07,-0.0319178082191781,4.595125311312834e-07,-0.0317808219178081,6.728576348708078e-07,1,1,0,0,0
573,34,13:38:42,9,-0.0324657534246576,1398853.0,-0.0323972602739727,-0.0324657534246576,1.3566560442923605e-06,-0.0326027397260273,9.846697095670357e-08,-0.0327397260273972,1.7669350899452918e-06,-0.0328767123287672,3.604985214470425e-06,-0.0330136986301369,3.8292710927606954e-08,-0.0323287671232876,6.455056984939457e-07,-0.032054794520548,9.846697095670357e-08,-0.0319178082191781,4.431013693051661e-07,-0.0317808219178081,6.728576348708078e-07,-0.0316438356164383,9.135546749871944e-07,1,1,0,0,0
574,34,13:38:45,9,-0.0324657534246576,1907408.0,-0.0322602739726025,-0.0323287671232876,2.7351936376862106e-08,-0.0324657534246576,1.19801481330656e-06,-0.0326027397260273,2.07874716464152e-07,-0.0327397260273972,1.7669350899452918e-06,-0.0328767123287672,3.61592598902117e-06,-0.0321917808219177,5.470387275372421e-09,-0.032054794520548,2.7351936376862106e-08,-0.0319178082191781,4.431013693051661e-07,-0.0317808219178081,6.728576348708078e-07,-0.0316438356164383,9.135546749871944e-07,1,1,0,0,0
575,34,13:38:48,9,-0.0323287671232876,1236364.0,-0.0322602739726025,-0.0323287671232876,2.680489764932487e-07,-0.0324657534246576,9.682585477409186e-07,-0.0326027397260273,5.689202766387318e-07,-0.0327397260273972,1.794287026322154e-06,-0.0328767123287672,3.938678838268143e-06,-0.0321917808219177,1.0940774550744842e-08,-0.0319178082191781,4.3216059475442123e-07,-0.0317808219178081,6.181537621170835e-07,-0.0316438356164383,2.0240432918877963e-07,-0.0315068493150684,4.868644675081455e-07,1,1,0,0,0
576,34,13:38:51,9,-0.0323287671232876,339074.0,-0.0322602739726025,-0.0323287671232876,4.595125311312834e-07,-0.0324657534246576,9.846697095670358e-07,-0.0326027397260273,5.689202766387318e-07,-0.0327397260273972,1.794287026322154e-06,-0.0328767123287672,3.966030774645005e-06,-0.0321917808219177,2.7898975104399344e-07,-0.032054794520548,1.586412309858002e-07,-0.0319178082191781,4.212198202036764e-07,-0.0317808219178081,6.181537621170835e-07,-0.0316438356164383,2.0240432918877963e-07,1,1,0,0,0
577,34,13:38:54,9,-0.0323287671232876,268458.0,-0.0322602739726025,-0.0323287671232876,3.938678838268143e-07,-0.0324657534246576,9.901400968424082e-07,-0.0326027397260273,6.23624149392456e-07,-0.0327397260273972,1.794287026322154e-06,-0.0328767123287672,3.966030774645005e-06,-0.0321917808219177,1.859931673626623e-07,-0.032054794520548,1.750523928119175e-07,-0.0319178082191781,4.212198202036764e-07,-0.0317808219178081,6.181537621170835e-07,-0.0316438356164383,2.0240432918877963e-07,1,0,0,0,0
578,34,13:38:57,9,-0.0323287671232876,869058.0,-0.0321232876712328,-0.0321917808219177,1.6958200553654506e-07,-0.0323287671232876,1.6958200553654506e-07,-0.0324657534246576,9.956104841177803e-07,-0.0326027397260273,6.345649239432008e-07,-0.0327397260273972,1.821638962699016e-06,-0.032054794520548,4.3763098202979367e-08,-0.0319178082191781,2.2428587829026925e-07,-0.0317808219178081,6.345649239432008e-07,-0.0316438356164383,1.9693394191340717e-07,-0.0315068493150684,6.181537621170835e-07,1,0,0,0,0
579,34,13:39:00,9,-0.0321917808219177,275540.0,-0.0321232876712328,-0.0321917808219177,2.7351936376862106e-08,-0.0323287671232876,1.6958200553654506e-07,-0.0324657534246576,1.001080871393153e-06,-0.0326027397260273,6.345649239432008e-07,-0.0327397260273972,1.821638962699016e-06,-0.032054794520548,8.205580913058631e-08,-0.0319178082191781,2.2428587829026925e-07,-0.0317808219178081,6.181537621170835e-07,-0.0316438356164383,1.4770045643505538e-07,-0.0315068493150684,6.181537621170835e-07,1,0,0,0,0
580,34,13:39:03,9,-0.0323287671232876,247255.0,-0.0321917808219177,-0.0323287671232876,6.017426002909662e-08,-0.0324657534246576,1.001080871393153e-06,-0.0326027397260273,6.345649239432008e-07,-0.0327397260273972,1.821638962699016e-06,-0.0328767123287672,3.982441936471122e-06,-0.032054794520548,1.9693394191340717e-07,-0.0319178082191781,3.77456722000697e-07,-0.0317808219178081,6.181537621170835e-07,-0.0316438356164383,1.4770045643505538e-07,-0.0315068493150684,6.181537621170835e-07,1,0,0,0,0
581,34,13:39:06,9,-0.0321917808219177,35323.0,-0.0322602739726025,-0.0323287671232876,7.65854218552139e-08,-0.0324657534246576,1.0229624204946427e-06,-0.0326027397260273,6.509760857693181e-07,-0.0327397260273972,1.821638962699016e-06,-0.0328767123287672,3.982441936471122e-06,-0.0321917808219177,2.0240432918877963e-07,-0.032054794520548,1.9693394191340717e-07,-0.0319178082191781,5.798610511894766e-07,-0.0317808219178081,6.181537621170835e-07,-0.0316438356164383,1.4770045643505538e-07,1,0,0,0,0
582,34,13:39:09,9,-0.0324657534246576,1758670.0,-0.0325342465753424,-0.0326027397260273,4.81394080232773e-07,-0.0327397260273972,1.5481195989303952e-06,-0.0328767123287672,4.020734647398729e-06,-0.0330136986301369,3.8292710927606954e-08,-0.0331506849315068,1.3730672061184775e-06,-0.0324657534246576,5.306275657111248e-07,-0.0323287671232876,4.431013693051661e-07,-0.0321917808219177,2.954009128701107e-07,-0.032054794520548,1.6958200553654506e-07,-0.0319178082191781,5.798610511894766e-07,1,0,0,0,0
583,34,13:39:12,9,-0.0324657534246576,459060.0,-0.0325342465753424,-0.0326027397260273,3.719863347253246e-07,-0.0327397260273972,1.5481195989303952e-06,-0.0328767123287672,4.026205034674102e-06,-0.0330136986301369,3.8292710927606954e-08,-0.0331506849315068,1.3730672061184775e-06,-0.0324657534246576,4.540421438559109e-07,-0.0323287671232876,1.0174920332192704e-06,-0.0321917808219177,3.883974965514419e-07,-0.032054794520548,4.2669020747904883e-07,-0.0319178082191781,1.1487813278282086e-07,1,0,0,0,0
584,34,13:39:15,9,-0.0326027397260273,331922.0,-0.0325342465753424,-0.0326027397260273,1.6411161826117265e-07,-0.0327397260273972,1.5481195989303952e-06,-0.0328767123287672,4.026205034674102e-06,-0.0330136986301369,3.8292710927606954e-08,-0.0331506849315068,1.3730672061184775e-06,-0.0324657534246576,4.759236929574006e-07,-0.0323287671232876,1.0174920332192704e-06,-0.0321917808219177,5.142164038850075e-07,-0.032054794520548,4.2669020747904883e-07,-0.0319178082191781,1.1487813278282086e-07,0,0,0,0,0
585,34,13:39:18,9,-0.0324657534246576,1638451.0,-0.0323972602739727,-0.0324657534246576,2.680489764932487e-07,-0.0326027397260273,5.470387275372421e-09,-0.0327397260273972,1.4004191424953395e-06,-0.0328767123287672,4.053556971050964e-06,-0.0330136986301369,3.8292710927606954e-08,-0.0323287671232876,1.0120216459438978e-06,-0.0321917808219177,5.142164038850075e-07,-0.032054794520548,4.2669020747904883e-07,-0.0319178082191781,1.1487813278282086e-07,-0.0317808219178081,6.017426002909662e-07,0,0,0,0,0
586,34,13:39:21,9,-0.0327397260273972,515596.0,-0.0326712328767122,-0.0327397260273972,1.3949487552199674e-06,-0.0328767123287672,4.0699681328770815e-06,-0.0330136986301369,3.8292710927606954e-08,-0.0331506849315068,1.3730672061184775e-06,-0.0332876712328767,1.1268997787267187e-06,-0.0326027397260273,1.805227800872899e-07,-0.0324657534246576,5.360979529864973e-07,-0.0323287671232876,1.2855410097125188e-06,-0.0321917808219177,5.743906639141042e-07,-0.032054794520548,4.2669020747904883e-07,0,0,0,0,0
587,34,13:39:24,9,-0.0328767123287672,8210947.0,-0.0330136986301369,-0.0331506849315068,1.2417779115095396e-06,-0.0332876712328767,1.1268997787267187e-06,-0.0334246575342465,1.4770045643505538e-07,-0.0335616438356164,4.759236929574006e-07,-0.0338356164383562,1.586412309858002e-07,-0.0328767123287672,1.520767662553533e-06,-0.0327397260273972,6.564464730446904e-08,-0.0326027397260273,2.680489764932487e-07,-0.0324657534246576,6.400353112185732e-07,-0.0323287671232876,1.1761332642050703e-06,0,0,0,0,0
588,34,13:39:27,9,-0.0328767123287672,1912773.0,-0.0330136986301369,-0.0331506849315068,3.993382711021867e-07,-0.0332876712328767,1.1268997787267187e-06,-0.0334246575342465,1.4770045643505538e-07,-0.0335616438356164,4.759236929574006e-07,-0.0338356164383562,1.586412309858002e-07,-0.0328767123287672,1.816168575423644e-06,-0.0327397260273972,1.6411161826117262e-06,-0.0326027397260273,3.008713001454831e-07,-0.0324657534246576,6.783280221461801e-07,-0.0323287671232876,7.494430567260217e-07,0,0,0,0,0
589,34,13:39:30,9,-0.0328767123287672,1115161.0,-0.033082191780822,-0.0332876712328767,8.588508022334701e-07,-0.0334246575342465,1.4770045643505538e-07,-0.0335616438356164,4.759236929574006e-07,-0.0338356164383562,1.586412309858002e-07,-0.0339726027397261,7.111503457984147e-07,-0.0328767123287672,1.9036947718296024e-06,-0.0327397260273972,1.7778758644960367e-06,-0.0326027397260273,2.406970401163865e-07,-0.0324657534246576,4.212198202036764e-07,-0.0323287671232876,7.27561507624532e-07,0,0,0,0,0
590,34,13:39:33,9,-0.0332876712328767,585737.0,-0.0332191780821919,-0.0332876712328767,4.2669020747904883e-07,-0.0334246575342465,1.4770045643505538e-07,-0.0335616438356164,4.759236929574006e-07,-0.0338356164383562,1.586412309858002e-07,-0.0339726027397261,7.111503457984147e-07,-0.0331506849315068,1.0120216459438978e-06,-0.0328767123287672,2.193625297424341e-06,-0.0327397260273972,1.9036947718296024e-06,-0.0326027397260273,2.406970401163865e-07,-0.0324657534246576,1.859931673626623e-07,0,0,0,0,0
591,34,13:39:36,9,-0.0339726027397261,1665110.0,-0.0336301369863015,-0.0339726027397261,6.837984094215526e-07,-0.0341095890410958,4.540421438559109e-07,-0.0342465753424657,8.003176583869852e-06,-0.0343835616438357,1.531708437104278e-07,-0.0345205479452054,2.297562655656417e-07,-0.0332876712328767,6.05571871383727e-06,-0.0331506849315068,1.870872448177368e-06,-0.0330136986301369,2.844601383193659e-07,-0.0328767123287672,1.586412309858002e-06,-0.0327397260273972,1.1542517151035809e-06,1,0,0,1,0
592,34,13:39:39,9,-0.0339726027397261,1057806.0,-0.0340410958904109,-0.0341095890410958,4.540421438559109e-07,-0.0342465753424657,7.992235809319107e-06,-0.0343835616438357,1.531708437104278e-07,-0.0345205479452054,2.297562655656417e-07,-0.0346575342465753,8.205580913058631e-08,-0.0339726027397261,4.212198202036764e-07,-0.0335616438356164,2.899305255947383e-06,-0.0334246575342465,6.892687966969251e-07,-0.0332876712328767,6.75592828508494e-06,-0.0331506849315068,1.1651924896543256e-06,1,1,1,1,1
593,34,13:39:42,9,-0.0341095890410958,1205682.0,-0.0341780821917808,-0.0342465753424657,7.757009156478094e-06,-0.0343835616438357,1.531708437104278e-07,-0.0345205479452054,2.297562655656417e-07,-0.0346575342465753,8.205580913058631e-08,-0.0347945205479452,7.822653803782562e-07,-0.0341095890410958,9.846697095670357e-08,-0.0339726027397261,7.877357676536286e-07,-0.0338356164383562,5.087460166096352e-07,-0.0335616438356164,6.564464730446904e-08,-0.0334246575342465,8.807323513349597e-07,1,1,1,1,1
594,34,13:39:45,9,-0.0339726027397261,1593425.0,-0.0340410958904109,-0.0341095890410958,1.0940774550744842e-08,-0.0342465753424657,7.948472711116128e-06,-0.0343835616438357,1.531708437104278e-07,-0.0345205479452054,2.297562655656417e-07,-0.0346575342465753,8.205580913058631e-08,-0.0339726027397261,8.97143513161077e-07,-0.0338356164383562,5.087460166096352e-07,-0.0335616438356164,6.564464730446904e-08,-0.0334246575342465,4.649829184066558e-07,-0.0332876712328767,5.645439668184339e-06,1,0,1,1,1
595,34,13:39:48,9,-0.0341095890410958,387763.0,-0.0341780821917808,-0.0342465753424657,7.800772254681072e-06,-0.0343835616438357,1.531708437104278e-07,-0.0345205479452054,2.297562655656417e-07,-0.0346575342465753,8.205580913058631e-08,-0.0347945205479452,7.822653803782562e-07,-0.0341095890410958,3.8292710927606954e-08,-0.0339726027397261,2.4507334993668446e-06,-0.0338356164383562,5.087460166096352e-07,-0.0335616438356164,6.564464730446904e-08,-0.0334246575342465,4.649829184066558e-07,1,1,1,1,1
596,34,13:39:51,9,-0.0339726027397261,1903599.0,-0.0340410958904109,-0.0341095890410958,1.9146355463803476e-07,-0.0342465753424657,6.837984094215526e-06,-0.0343835616438357,1.531708437104278e-07,-0.0345205479452054,1.2034852005819325e-07,-0.0346575342465753,8.205580913058631e-08,-0.0339726027397261,2.406970401163865e-06,-0.0338356164383562,5.087460166096352e-07,-0.0335616438356164,6.564464730446904e-08,-0.0334246575342465,2.7351936376862104e-07,-0.0332876712328767,5.639969280908966e-06,1,0,1,1,1
597,34,13:39:54,9,-0.0342465753424657,9256685.0,-0.0343150684931505,-0.0343835616438357,1.2581890733356568e-07,-0.0345205479452054,1.1487813278282086e-07,-0.0346575342465753,8.205580913058631e-08,-0.0347945205479452,7.822653803782562e-07,-0.034931506849315,5.488658368872165e-06,-0.0342465753424657,1.4660637897998088e-06,-0.0341095890410958,3.282232365223452e-08,-0.0339726027397261,2.543730083048176e-06,-0.0338356164383562,4.431013693051661e-07,-0.0335616438356164,6.564464730446904e-08,1,1,1,1,1
598,34,13:39:57,9,-0.0341095890410958,4406700.0,-0.0340410958904109,-0.0341095890410958,7.65854218552139e-07,-0.0343835616438357,1.3128929460893809e-07,-0.0345205479452054,1.3675968188431052e-07,-0.0346575342465753,8.205580913058631e-08,-0.0347945205479452,7.822653803782562e-07,-0.0339726027397261,1.2800706224371465e-06,-0.0338356164383562,2.6257858921787617e-07,-0.0335616438356164,7.111503457984149e-08,-0.0334246575342465,2.899305255947383e-07,-0.0332876712328767,5.6196194402445805e-06,1,0,1,1,1
599,34,13:40:00,9,-0.0341095890410958,2150644.0,-0.0341780821917808,-0.0342465753424657,5.470387275372421e-09,-0.0343835616438357,7.111503457984149e-08,-0.0345205479452054,1.3675968188431052e-07,-0.0346575342465753,8.205580913058631e-08,-0.0347945205479452,7.822653803782562e-07,-0.0341095890410958,1.9146355463803476e-07,-0.0339726027397261,9.190250622625668e-07,-0.0338356164383562,2.6257858921787617e-07,-0.0335616438356164,7.111503457984149e-08,-0.0334246575342465,2.899305255947383e-07,0,0,1,1,1
600,34,13:40:03,9,-0.0341095890410958,599185.0,-0.0341780821917808,-0.0342465753424657,1.6411161826117265e-07,-0.0346575342465753,4.3763098202979367e-08,-0.0347945205479452,7.822653803782562e-07,-0.034931506849315,5.49959914342291e-06,-0.0350684931506849,2.144391811945989e-06,-0.0341095890410958,1.9693394191340717e-07,-0.0339726027397261,9.846697095670358e-07,-0.0338356164383562,2.6257858921787617e-07,-0.0335616438356164,5.470387275372421e-08,-0.0334246575342465,1.641116182611726e-08,1,0,1,1,1
601,34,13:40:06,9,-0.0342465753424657,366599.0,-0.0344520547945205,-0.0346575342465753,4.3763098202979367e-08,-0.0347945205479452,7.822653803782562e-07,-0.034931506849315,5.49959914342291e-06,-0.0350684931506849,2.144391811945989e-06,-0.0352054794520546,5.634498893633593e-07,-0.0342465753424657,1.4223006915968298e-07,-0.0341095890410958,7.713246058275113e-07,-0.0339726027397261,7.93206154929001e-07,-0.0338356164383562,2.6257858921787617e-07,-0.0335616438356164,6.564464730446904e-08,1,1,1,1,1
602,34,13:40:09,9,-0.0343835616438357,1430367.0,-0.0345205479452056,-0.0346575342465753,1.0940774550744842e-08,-0.0347945205479452,1.9693394191340717e-07,-0.034931506849315,5.49959914342291e-06,-0.0350684931506849,2.144391811945989e-06,-0.0352054794520546,5.634498893633593e-07,-0.0343835616438357,5.470387275372421e-09,-0.0342465753424657,6.166220536799793e-07,-0.0341095890410958,1.0339031950453876e-06,-0.0339726027397261,8.369692531319804e-07,-0.0338356164383562,2.6257858921787617e-07,1,1,1,1,1
603,34,13:40:12,9,-0.034931506849315,965401.0,-0.0345205479452056,-0.0346575342465753,1.641116182611726e-08,-0.034931506849315,5.324546750610992e-06,-0.0350684931506849,2.144391811945989e-06,-0.0352054794520546,5.634498893633593e-07,-0.0353424657534245,5.306275657111248e-07,-0.0343835616438357,2.2428587829026925e-07,-0.0342465753424657,1.1144272957388697e-06,-0.0341095890410958,8.424396404073528e-07,-0.0339726027397261,1.0557847441468773e-06,-0.0336986301369862,2.7351936376862106e-08,1,1,1,1,1
604,34,13:40:15,9,-0.0346575342465753,380518.0,-0.034794520547945,-0.034931506849315,5.154964745074447e-06,-0.0350684931506849,2.144391811945989e-06,-0.0352054794520546,5.579795020879869e-07,-0.0353424657534245,5.306275657111248e-07,-0.0354794520547945,3.418992047107763e-06,-0.0346575342465753,6.564464730446904e-08,-0.0343835616438357,1.586412309858002e-07,-0.0342465753424657,1.4262393704350976e-06,-0.0341095890410958,6.673872475954353e-07,-0.0339726027397261,1.0557847441468773e-06,1,1,1,1,1
605,34,13:40:18,9,-0.0346575342465753,916161.0,-0.0345890410958904,-0.0346575342465753,6.564464730446904e-08,-0.0347945205479452,7.65854218552139e-08,-0.034931506849315,5.154964745074447e-06,-0.0350684931506849,2.144391811945989e-06,-0.0352054794520546,5.579795020879869e-07,-0.0345205479452054,1.03937358232076e-07,-0.0343835616438357,4.9233485478351786e-08,-0.0342465753424657,1.5575286650440356e-06,-0.0341095890410958,4.704533056820282e-07,-0.0339726027397261,1.028432807770015e-06,1,1,1,1,1
606,34,13:40:21,9,-0.0346575342465753,556674.0,-0.0347260273972602,-0.0347945205479452,1.3128929460893809e-07,-0.034931506849315,5.105731259596095e-06,-0.0350684931506849,2.144391811945989e-06,-0.0352054794520546,5.743906639141042e-07,-0.0353424657534245,5.306275657111248e-07,-0.0346575342465753,5.470387275372421e-08,-0.0345205479452054,1.4223006915968298e-07,-0.0343835616438357,5.470387275372421e-09,-0.0342465753424657,1.5739398268701528e-06,-0.0341095890410958,4.81394080232773e-07,1,1,1,1,1
607,34,13:40:24,9,-0.0346575342465753,2572994.0,-0.0347260273972602,-0.0347945205479452,2.9430683541503623e-06,-0.034931506849315,5.242490941480406e-06,-0.0350684931506849,2.144391811945989e-06,-0.0352054794520546,5.743906639141042e-07,-0.0353424657534245,5.306275657111248e-07,-0.0346575342465753,1.531708437104278e-07,-0.0345205479452054,8.752619640595873e-08,-0.0342465753424657,9.409066113640564e-09,-0.0341095890410958,4.81394080232773e-07,-0.0339726027397261,1.0174920332192704e-06,1,1,1,1,1
608,34,13:40:27,9,-0.0346575342465753,1120374.0,-0.0345890410958904,-0.0346575342465753,9.846697095670357e-08,-0.0347945205479452,2.6695489903817413e-06,-0.034931506849315,5.8114112181191375e-06,-0.0350684931506849,2.2537995574534374e-06,-0.0352054794520546,5.743906639141042e-07,-0.0345205479452054,2.5163781466713136e-07,-0.0342465753424657,9.409066113640564e-09,-0.0341095890410958,4.2669020747904883e-07,-0.0339726027397261,1.0174920332192704e-06,-0.0336986301369862,2.7351936376862106e-08,1,2,1,1,1
609,34,13:40:30,9,-0.0346575342465753,2332386.0,-0.0347260273972602,-0.0347945205479452,2.565611632149665e-06,-0.034931506849315,5.81688160539451e-06,-0.0350684931506849,2.2537995574534374e-06,-0.0352054794520546,5.743906639141042e-07,-0.0353424657534245,5.360979529864973e-07,-0.0346575342465753,2.0623360028154027e-06,-0.0345205479452054,2.7351936376862104e-07,-0.0343835616438357,3.282232365223452e-08,-0.0342465753424657,2.1881549101489683e-08,-0.0341095890410958,4.2669020747904883e-07,1,2,1,1,1
610,34,13:40:33,9,-0.0346575342465753,2487267.0,-0.0347260273972602,-0.0347945205479452,1.2964817842632638e-06,-0.034931506849315,5.789529669017648e-06,-0.0350684931506849,2.2537995574534374e-06,-0.0352054794520546,5.743906639141042e-07,-0.0353424657534245,5.579795020879869e-07,-0.0346575342465753,2.1881549101489683e-06,-0.0345205479452054,4.759236929574006e-07,-0.0343835616438357,3.282232365223452e-08,-0.0342465753424657,2.1881549101489683e-08,-0.0341095890410958,2.1334510373952441e-07,1,1,1,1,1
611,34,13:40:36,9,-0.0346575342465753,2565103.0,-0.0347260273972602,-0.0347945205479452,1.5809419225826295e-06,-0.034931506849315,5.795000056293021e-06,-0.0350684931506849,2.2537995574534374e-06,-0.0352054794520546,5.743906639141042e-07,-0.0353424657534245,5.579795020879869e-07,-0.0346575342465753,3.883974965514419e-07,-0.0345205479452054,5.251571784357523e-07,-0.0343835616438357,3.282232365223452e-08,-0.0342465753424657,2.1881549101489683e-08,-0.0341095890410958,1.9146355463803476e-07,1,1,1,1,1
612,34,13:40:39,9,-0.0347945205479452,232534.0,-0.0347260273972602,-0.0347945205479452,2.6093747303526448e-06,-0.034931506849315,5.751236958090041e-06,-0.0350684931506849,2.2537995574534374e-06,-0.0352054794520546,5.634498893633593e-07,-0.0353424657534245,5.579795020879869e-07,-0.0346575342465753,3.77456722000697e-07,-0.0345205479452054,5.251571784357523e-07,-0.0343835616438357,2.7351936376862106e-08,-0.0342465753424657,7.111503457984149e-08,-0.0341095890410958,1.750523928119175e-07,1,2,1,1,1
613,34,13:40:42,9,-0.0346575342465753,880767.0,-0.0347260273972602,-0.0347945205479452,2.8446013831936587e-06,-0.034931506849315,5.7567073453654136e-06,-0.0350684931506849,2.2537995574534374e-06,-0.0352054794520546,5.634498893633593e-07,-0.0353424657534245,5.579795020879869e-07,-0.0346575342465753,5.251571784357523e-07,-0.0345205479452054,5.251571784357523e-07,-0.0343835616438357,2.7351936376862106e-08,-0.0342465753424657,8.752619640595873e-08,-0.0341095890410958,1.750523928119175e-07,2,1,1,1,1
614,34,13:40:45,9,-0.0347945205479452,1388090.0,-0.0347260273972602,-0.0347945205479452,2.2811514938303e-06,-0.034931506849315,5.77311850719153e-06,-0.0350684931506849,2.2537995574534374e-06,-0.0352054794520546,5.634498893633593e-07,-0.0353424657534245,5.579795020879869e-07,-0.0346575342465753,6.126833748417112e-07,-0.0345205479452054,5.251571784357523e-07,-0.0343835616438357,2.7351936376862106e-08,-0.0342465753424657,8.752619640595873e-08,-0.0341095890410958,1.9146355463803476e-07,2,1,1,1,1
615,34,13:40:48,9,-0.0346575342465753,4079759.0,-0.0347260273972602,-0.0347945205479452,4.9233485478351786e-08,-0.034931506849315,5.767648119916158e-06,-0.0350684931506849,2.2537995574534374e-06,-0.0352054794520546,5.634498893633593e-07,-0.0353424657534245,5.579795020879869e-07,-0.0346575342465753,3.8292710927606954e-08,-0.0345205479452054,7.385022821752768e-07,-0.0343835616438357,2.7351936376862106e-08,-0.0342465753424657,8.752619640595873e-08,-0.0341095890410958,1.9146355463803476e-07,1,1,1,1,1
616,34,13:40:51,9,-0.0346575342465753,611096.0,-0.0345890410958904,-0.0346575342465753,4.993369504959946e-07,-0.0347945205479452,6.017426002909662e-07,-0.034931506849315,5.762177732640786e-06,-0.0350684931506849,2.2428587829026927e-06,-0.0352054794520546,5.634498893633593e-07,-0.0345205479452054,8.205580913058631e-07,-0.0343835616438357,2.7351936376862106e-08,-0.0342465753424657,8.752619640595873e-08,-0.0341095890410958,2.07874716464152e-07,-0.0339726027397261,6.017426002909662e-08,1,1,1,1,1
617,34,13:40:54,9,-0.0345205479452054,761082.0,-0.0345890410958904,-0.0346575342465753,7.947378633661053e-07,-0.0347945205479452,1.2034852005819325e-06,-0.034931506849315,5.767648119916158e-06,-0.0350684931506849,2.2428587829026927e-06,-0.0352054794520546,5.634498893633593e-07,-0.0345205479452054,8.807323513349597e-07,-0.0343835616438357,2.7351936376862106e-08,-0.0342465753424657,8.752619640595873e-08,-0.0341095890410958,2.07874716464152e-07,-0.0339726027397261,6.017426002909662e-08,1,1,1,1,1
618,34,13:40:57,9,-0.0339726027397261,2995578.0,-0.033904109589041,-0.0339726027397261,1.1706628769296982e-06,-0.0345205479452054,5.470387275372421e-09,-0.0346575342465753,2.0940642490125626e-07,-0.0347945205479452,1.312892946089381e-06,-0.034931506849315,5.778588894466903e-06,-0.0338356164383562,5.470387275372421e-09,-0.0335616438356164,1.641116182611726e-08,-0.0334246575342465,3.282232365223452e-08,-0.0332876712328767,4.892057932620049e-06,-0.0331506849315068,1.4770045643505538e-07,1,0,1,1,1
619,34,13:41:00,9,-0.0345205479452054,2171706.0,-0.0341780821917808,-0.0345205479452054,1.55906037348114e-06,-0.0346575342465753,1.7658410124902177e-07,-0.0347945205479452,1.340244882466243e-06,-0.034931506849315,5.778588894466903e-06,-0.0350684931506849,2.220977233801203e-06,-0.0338356164383562,3.282232365223452e-08,-0.0335616438356164,1.641116182611726e-08,-0.0334246575342465,3.282232365223452e-08,-0.0332876712328767,4.892057932620049e-06,-0.0331506849315068,1.4770045643505538e-07,1,1,1,1,1
620,34,13:41:03,9,-0.0339726027397261,803497.0,-0.0342465753424657,-0.0345205479452054,2.2428587829026927e-06,-0.0346575342465753,3.516364940609393e-07,-0.0347945205479452,1.340244882466243e-06,-0.034931506849315,5.789529669017648e-06,-0.0350684931506849,2.220977233801203e-06,-0.0339726027397261,2.0240432918877963e-07,-0.0338356164383562,3.282232365223452e-08,-0.0336986301369862,5.470387275372421e-09,-0.0335616438356164,1.641116182611726e-08,-0.0334246575342465,4.3763098202979367e-08,1,1,1,1,1
621,34,13:41:06,9,-0.0345205479452054,1938200.0,-0.0343150684931505,-0.0345205479452054,1.0229624204946427e-06,-0.0346575342465753,4.938665632206221e-07,-0.0347945205479452,1.340244882466243e-06,-0.034931506849315,5.800470443568392e-06,-0.0350684931506849,2.220977233801203e-06,-0.0341095890410958,2.2428587829026925e-07,-0.0339726027397261,3.282232365223453e-07,-0.0338356164383562,2.297562655656417e-07,-0.0336986301369862,5.470387275372421e-09,-0.0335616438356164,1.641116182611726e-08,1,1,1,1,1
622,34,13:41:09,9,-0.0339726027397261,359651.0,-0.0341780821917808,-0.0343835616438357,1.0940774550744842e-06,-0.0345205479452054,1.03937358232076e-06,-0.0346575342465753,4.227515286407808e-07,-0.0347945205479452,1.3675968188431052e-06,-0.034931506849315,5.800470443568392e-06,-0.0339726027397261,1.3128929460893809e-07,-0.0338356164383562,2.297562655656417e-07,-0.0336986301369862,5.470387275372421e-09,-0.0335616438356164,1.641116182611726e-08,-0.0334246575342465,4.3763098202979367e-08,1,1,1,1,1
623,34,13:41:12,9,-0.0342465753424657,2297884.0,-0.0343150684931505,-0.0343835616438357,9.846697095670357e-08,-0.0345205479452054,2.948538741425735e-06,-0.0346575342465753,4.227515286407808e-07,-0.0347945205479452,2.248329170178065e-06,-0.034931506849315,5.800470443568392e-06,-0.0342465753424657,1.0940774550744841e-07,-0.0341095890410958,4.3763098202979367e-08,-0.0339726027397261,2.352266528410141e-07,-0.0338356164383562,2.297562655656417e-07,-0.0336986301369862,5.470387275372421e-09,1,1,1,1,1
624,34,13:41:15,9,-0.0343835616438357,718947.0,-0.0343150684931505,-0.0343835616438357,5.470387275372421e-09,-0.0345205479452054,2.675019377657114e-06,-0.0346575342465753,5.540408232497187e-07,-0.0347945205479452,2.248329170178065e-06,-0.034931506849315,5.800470443568392e-06,-0.0342465753424657,1.4770045643505538e-07,-0.0341095890410958,6.017426002909662e-08,-0.0339726027397261,2.406970401163865e-07,-0.0338356164383562,3.008713001454831e-07,-0.0335616438356164,8.205580913058631e-08,1,1,1,1,1
625,34,13:41:18,9,-0.0342465753424657,881032.0,-0.0344520547945205,-0.0345205479452054,2.1389214246706165e-06,-0.0346575342465753,8.16619412467595e-07,-0.0347945205479452,2.2756811065549272e-06,-0.034931506849315,5.800470443568392e-06,-0.0350684931506849,2.231918008351948e-06,-0.0343835616438357,5.470387275372421e-09,-0.0342465753424657,1.3675968188431052e-07,-0.0341095890410958,1.586412309858002e-07,-0.0339726027397261,2.7351936376862104e-07,-0.0338356164383562,3.008713001454831e-07,1,1,1,1,1
626,34,13:41:21,9,-0.0342465753424657,303112.0,-0.0343150684931505,-0.0343835616438357,1.0940774550744842e-08,-0.0345205479452054,2.3085034302071618e-06,-0.0346575342465753,9.807310307287676e-07,-0.0347945205479452,2.313973817482534e-06,-0.034931506849315,5.81688160539451e-06,-0.0342465753424657,3.4463439834846253e-07,-0.0341095890410958,2.2428587829026925e-07,-0.0339726027397261,2.7351936376862104e-07,-0.0338356164383562,7.65854218552139e-08,-0.0335616438356164,8.205580913058631e-08,1,1,1,1,1
627,34,13:41:24,9,-0.0343835616438357,345367.0,-0.0343150684931505,-0.0343835616438357,1.1487813278282086e-07,-0.0345205479452054,1.859931673626623e-06,-0.0346575342465753,9.8620141800414e-07,-0.0347945205479452,2.313973817482534e-06,-0.034931506849315,5.844233541771372e-06,-0.0342465753424657,4.868644675081455e-07,-0.0341095890410958,3.008713001454831e-07,-0.0339726027397261,4.0480865837755926e-07,-0.0338356164383562,7.65854218552139e-08,-0.0335616438356164,8.205580913058631e-08,1,1,1,1,1
628,34,13:41:27,9,-0.0343835616438357,521602.0,-0.0344520547945205,-0.0345205479452054,1.794287026322154e-06,-0.0346575342465753,1.2597207817727612e-06,-0.0347945205479452,2.313973817482534e-06,-0.034931506849315,5.887996639974352e-06,-0.0350684931506849,2.23738839562732e-06,-0.0343835616438357,5.962722130155939e-07,-0.0342465753424657,2.521848533946686e-06,-0.0341095890410958,4.3216059475442123e-07,-0.0339726027397261,4.2669020747904883e-07,-0.0338356164383562,7.65854218552139e-08,1,1,1,1,1
629,34,13:41:30,9,-0.0343835616438357,768316.0,-0.0344520547945205,-0.0345205479452054,1.936517095481837e-06,-0.0346575342465753,1.2651911690481335e-06,-0.0347945205479452,2.25926994472881e-06,-0.034931506849315,5.915348576351214e-06,-0.0350684931506849,2.23738839562732e-06,-0.0343835616438357,2.07874716464152e-07,-0.0342465753424657,2.521848533946686e-06,-0.0341095890410958,4.3216059475442123e-07,-0.0339726027397261,4.3216059475442123e-07,-0.0338356164383562,7.65854218552139e-08,1,1,1,1,1
630,34,13:41:33,9,-0.0343835616438357,2474415.0,-0.0343835616438354,-0.0345205479452054,1.7341127662930575e-06,-0.0346575342465753,1.2651911690481335e-06,-0.0347945205479452,2.25926994472881e-06,-0.034931506849315,5.909878189075841e-06,-0.0350684931506849,2.23738839562732e-06,-0.0342465753424657,1.0886070677991118e-06,-0.0341095890410958,4.3216059475442123e-07,-0.0339726027397261,4.649829184066558e-07,-0.0338356164383562,7.65854218552139e-08,-0.0335616438356164,1.0940774550744841e-07,1,1,1,1,1
631,34,13:41:36,9,-0.0343835616438357,2643549.0,-0.0343150684931505,-0.0343835616438357,4.3763098202979367e-08,-0.0345205479452054,1.455123015249064e-06,-0.0346575342465753,1.2761319435988782e-06,-0.0347945205479452,2.303033042931789e-06,-0.034931506849315,5.915348576351214e-06,-0.0342465753424657,2.7351936376862106e-08,-0.0341095890410958,4.3216059475442123e-07,-0.0339726027397261,4.649829184066558e-07,-0.0338356164383562,7.65854218552139e-08,-0.0335616438356164,1.0940774550744841e-07,1,1,1,1,1
632,34,13:41:39,9,-0.0343835616438357,359505.0,-0.0343150684931505,-0.0343835616438357,1.0940774550744841e-07,-0.0345205479452054,1.2855410097125188e-06,-0.0346575342465753,1.2816023308742508e-06,-0.0347945205479452,2.303033042931789e-06,-0.034931506849315,5.920818963626586e-06,-0.0342465753424657,1.3675968188431052e-07,-0.0341095890410958,5.360979529864973e-07,-0.0339726027397261,4.649829184066558e-07,-0.0338356164383562,7.65854218552139e-08,-0.0335616438356164,7.111503457984149e-08,1,1,1,1,1
633,34,13:41:42,9,-0.0343835616438357,1141812.0,-0.0343150684931505,-0.0343835616438357,6.017426002909662e-08,-0.0345205479452054,5.962722130155939e-07,-0.0346575342465753,1.2816023308742508e-06,-0.0347945205479452,2.303033042931789e-06,-0.034931506849315,5.926289350901958e-06,-0.0342465753424657,2.5163781466713136e-07,-0.0341095890410958,5.360979529864973e-07,-0.0339726027397261,4.649829184066558e-07,-0.0338356164383562,7.65854218552139e-08,-0.0335616438356164,7.111503457984149e-08,1,1,1,1,1
634,34,13:41:45,9,-0.0343835616438357,408824.0,-0.0344520547945205,-0.0345205479452054,4.759236929574006e-07,-0.0346575342465753,1.3089542672511128e-06,-0.0347945205479452,2.330384979308651e-06,-0.034931506849315,5.926289350901958e-06,-0.0350684931506849,2.23738839562732e-06,-0.0343835616438357,4.9233485478351786e-08,-0.0342465753424657,2.954009128701107e-07,-0.0341095890410958,5.360979529864973e-07,-0.0339726027397261,4.649829184066558e-07,-0.0338356164383562,2.1881549101489683e-08,1,1,1,1,1
635,34,13:41:48,9,-0.0345205479452054,197361.0,-0.0344520547945205,-0.0345205479452054,5.689202766387318e-07,-0.0346575342465753,1.3089542672511128e-06,-0.0347945205479452,2.472615048468334e-06,-0.034931506849315,5.986463610931055e-06,-0.0350684931506849,2.210036459250458e-06,-0.0343835616438357,1.5043565007274155e-06,-0.0342465753424657,4.3216059475442123e-07,-0.0341095890410958,5.306275657111248e-07,-0.0339726027397261,4.649829184066558e-07,-0.0338356164383562,5.470387275372421e-09,1,1,1,1,1
636,34,13:41:51,9,-0.0343835616438357,972635.0,-0.0344520547945205,-0.0345205479452054,1.2581890733356568e-07,-0.0346575342465753,1.5934144055704787e-06,-0.0347945205479452,3.019653776005576e-06,-0.034931506849315,6.106812130989248e-06,-0.0350684931506849,2.210036459250458e-06,-0.0343835616438357,1.509826888002788e-06,-0.0342465753424657,6.400353112185732e-07,-0.0341095890410958,5.306275657111248e-07,-0.0339726027397261,4.540421438559109e-07,-0.0338356164383562,5.470387275372421e-09,2,1,1,1,1
637,34,13:41:54,9,-0.0345205479452054,2727978.0,-0.0345890410958904,-0.0346575342465753,1.5934144055704787e-06,-0.0347945205479452,3.0579464869331832e-06,-0.034931506849315,6.106812130989248e-06,-0.0350684931506849,2.210036459250458e-06,-0.0352054794520546,5.634498893633593e-07,-0.0345205479452054,2.1881549101489683e-08,-0.0343835616438357,6.017426002909662e-08,-0.0342465753424657,3.2275284924697285e-07,-0.0341095890410958,4.704533056820282e-07,-0.0339726027397261,4.540421438559109e-07,2,1,1,1,1
638,34,13:41:57,9,-0.0345205479452054,451025.0,-0.0345890410958904,-0.0346575342465753,3.546342662878433e-06,-0.0347945205479452,3.0579464869331832e-06,-0.034931506849315,6.188867940119834e-06,-0.0350684931506849,2.210036459250458e-06,-0.0352054794520546,5.634498893633593e-07,-0.0345205479452054,1.1487813278282086e-07,-0.0343835616438357,1.0940774550744841e-07,-0.0342465753424657,3.993382711021867e-07,-0.0341095890410958,4.704533056820282e-07,-0.0339726027397261,4.540421438559109e-07,1,1,1,1,1
639,34,13:42:00,9,-0.0345205479452054,4195692.0,-0.0345890410958904,-0.0346575342465753,3.294704848211301e-06,-0.0347945205479452,3.129061521513025e-06,-0.034931506849315,6.188867940119834e-06,-0.0350684931506849,2.210036459250458e-06,-0.0352054794520546,5.634498893633593e-07,-0.0345205479452054,3.282232365223452e-08,-0.0343835616438357,1.641116182611726e-08,-0.0342465753424657,3.8292710927606954e-08,-0.0334246575342465,4.3763098202979367e-08,-0.0332876712328767,4.919409868996911e-06,1,1,1,1,1
640,34,13:42:03,9,-0.0346575342465753,1282578.0,-0.0345890410958904,-0.0346575342465753,2.517909855108418e-06,-0.0347945205479452,3.1400022960637696e-06,-0.034931506849315,6.188867940119834e-06,-0.0350684931506849,2.210036459250458e-06,-0.0352054794520546,5.634498893633593e-07,-0.0345205479452054,2.844601383193659e-07,-0.0343835616438357,1.750523928119175e-07,-0.0342465753424657,2.844601383193659e-07,-0.0334246575342465,4.3763098202979367e-08,-0.0332876712328767,4.919409868996911e-06,1,1,1,1,1
641,34,13:42:06,9,-0.0342465753424657,1522570.0,-0.0338356164383562,-0.0342465753424657,8.314988658566079e-07,-0.0345205479452054,1.0940774550744842e-08,-0.0346575342465753,2.496028306006928e-06,-0.0347945205479452,3.1400022960637696e-06,-0.034931506849315,6.270923749250421e-06,-0.0334246575342465,4.3763098202979367e-08,-0.0332876712328767,4.919409868996911e-06,-0.0331506849315068,1.0940774550744841e-07,-0.0330136986301369,3.282232365223452e-08,-0.0328767123287672,9.62788160465546e-07,0,0,1,1,1
642,34,13:42:09,9,-0.0342465753424657,1360595.0,-0.0338356164383562,-0.0342465753424657,1.641116182611726e-08,-0.0345205479452054,3.993382711021867e-07,-0.0346575342465753,2.310035138644266e-06,-0.0347945205479452,3.1400022960637696e-06,-0.034931506849315,6.254512587424303e-06,-0.0334246575342465,1.531708437104278e-07,-0.0332876712328767,4.919409868996911e-06,-0.0331506849315068,1.0940774550744841e-07,-0.0330136986301369,3.282232365223452e-08,-0.0328767123287672,9.62788160465546e-07,0,0,1,1,1
643,34,13:42:12,9,-0.0343835616438357,796423.0,-0.0344520547945205,-0.0345205479452054,1.641116182611726e-08,-0.0346575342465753,2.195157005861445e-06,-0.0347945205479452,4.091849681978571e-06,-0.034931506849315,6.270923749250421e-06,-0.0350684931506849,2.210036459250458e-06,-0.0343835616438357,1.3128929460893809e-07,-0.0335616438356164,1.0940774550744842e-08,-0.0334246575342465,1.859931673626623e-07,-0.0332876712328767,5.023347227228986e-06,-0.0331506849315068,1.0940774550744841e-07,1,1,1,1,1
644,34,13:42:15,9,-0.0345205479452054,2304407.0,-0.0345890410958904,-0.0346575342465753,5.266888868728566e-07,-0.0347945205479452,4.108260843804688e-06,-0.034931506849315,6.270923749250421e-06,-0.0350684931506849,2.210036459250458e-06,-0.0352054794520546,5.634498893633593e-07,-0.0345205479452054,1.9802801936848164e-06,-0.0343835616438357,1.9693394191340717e-07,-0.0342465753424657,1.2034852005819325e-07,-0.0335616438356164,1.0940774550744842e-08,-0.0334246575342465,3.172824619716004e-07,1,1,1,1,1
645,34,13:42:18,9,-0.0346575342465753,2523172.0,-0.0345890410958904,-0.0346575342465753,7.236228287862638e-07,-0.0347945205479452,4.2176685893121365e-06,-0.034931506849315,6.276394136525794e-06,-0.0350684931506849,2.210036459250458e-06,-0.0352054794520546,5.634498893633593e-07,-0.0345205479452054,2.231918008351948e-06,-0.0343835616438357,1.9693394191340717e-07,-0.0342465753424657,1.2034852005819325e-07,-0.0339726027397261,1.4223006915968298e-07,-0.0335616438356164,1.0940774550744842e-08,1,1,1,1,1
646,34,13:42:21,9,-0.0345205479452054,3284383.0,-0.0344520547945205,-0.0345205479452054,1.5700011480318848e-06,-0.0346575342465753,7.072116669601465e-07,-0.0347945205479452,4.1629647165584125e-06,-0.034931506849315,6.823432864063036e-06,-0.0350684931506849,2.210036459250458e-06,-0.0343835616438357,8.752619640595873e-08,-0.0342465753424657,1.3675968188431052e-07,-0.0339726027397261,1.4223006915968298e-07,-0.0335616438356164,5.470387275372421e-09,-0.0334246575342465,2.899305255947383e-07,1,1,1,1,1
647,34,13:42:24,9,-0.0345205479452054,1226360.0,-0.0344520547945205,-0.0345205479452054,8.424396404073528e-07,-0.0346575342465753,4.4463307774227045e-07,-0.0347945205479452,4.1903166529352745e-06,-0.034931506849315,6.823432864063036e-06,-0.0350684931506849,2.210036459250458e-06,-0.0343835616438357,1.4223006915968298e-07,-0.0342465753424657,3.336936237977177e-07,-0.0339726027397261,1.4223006915968298e-07,-0.0334246575342465,2.899305255947383e-07,-0.0332876712328767,4.919409868996911e-06,1,1,1,1,1
648,34,13:42:27,9,-0.0345205479452054,1099540.0,-0.0343835616438354,-0.0345205479452054,4.868644675081455e-07,-0.0346575342465753,4.774554013945048e-07,-0.0347945205479452,4.195787040210647e-06,-0.034931506849315,6.823432864063036e-06,-0.0350684931506849,2.2045660719750856e-06,-0.0342465753424657,5.360979529864973e-07,-0.0339726027397261,1.4223006915968298e-07,-0.0334246575342465,2.899305255947383e-07,-0.0332876712328767,4.919409868996911e-06,-0.0331506849315068,1.0940774550744841e-07,1,1,1,1,1
649,34,13:42:30,9,-0.0346575342465753,2271196.0,-0.0347260273972602,-0.0347945205479452,4.195787040210647e-06,-0.034931506849315,6.845314413164525e-06,-0.0350684931506849,2.2045660719750856e-06,-0.0352054794520546,6.23624149392456e-07,-0.0353424657534245,5.360979529864973e-07,-0.0346575342465753,3.048099789837513e-07,-0.0345205479452054,7.65854218552139e-08,-0.0343835616438357,5.470387275372421e-09,-0.0342465753424657,7.822653803782562e-07,-0.0341095890410958,5.470387275372421e-09,1,1,1,1,1
650,34,13:42:33,9,-0.0346575342465753,542608.0,-0.0347260273972602,-0.0347945205479452,5.629028506358221e-06,-0.034931506849315,6.845314413164525e-06,-0.0350684931506849,2.2045660719750856e-06,-0.0352054794520546,6.23624149392456e-07,-0.0353424657534245,5.360979529864973e-07,-0.0346575342465753,3.595138517374755e-07,-0.0345205479452054,1.6958200553654506e-07,-0.0343835616438357,3.11812074696228e-07,-0.0342465753424657,6.23624149392456e-07,-0.0339726027397261,1.4223006915968298e-07,1,1,1,1,1
651,34,13:42:36,9,-0.0347945205479452,591899.0,-0.0347260273972602,-0.0347945205479452,5.464916888097048e-06,-0.034931506849315,6.845314413164525e-06,-0.0350684931506849,2.2045660719750856e-06,-0.0352054794520546,6.23624149392456e-07,-0.0353424657534245,5.360979529864973e-07,-0.0346575342465753,3.759250135635928e-07,-0.0345205479452054,2.7898975104399344e-07,-0.0343835616438357,3.11812074696228e-07,-0.0342465753424657,5.853314384648491e-07,-0.0339726027397261,1.4223006915968298e-07,1,1,1,1,1
652,34,13:42:39,9,-0.0347945205479452,5470678.0,-0.0346575342465753,-0.0347945205479452,1.7045179711332923e-06,-0.034931506849315,6.845314413164525e-06,-0.0350684931506849,2.2045660719750856e-06,-0.0352054794520546,6.673872475954353e-07,-0.0353424657534245,5.360979529864973e-07,-0.0345205479452054,2.5010610623002706e-07,-0.0343835616438357,3.11812074696228e-07,-0.0342465753424657,5.853314384648491e-07,-0.0339726027397261,1.4223006915968298e-07,-0.0335616438356164,5.470387275372421e-09,1,1,1,1,1
653,34,13:42:42,9,-0.0346575342465753,345314.0,-0.0345890410958904,-0.0346575342465753,4.212198202036764e-07,-0.0347945205479452,6.979667124647672e-07,-0.034931506849315,6.779669765860056e-06,-0.0350684931506849,2.2045660719750856e-06,-0.0352054794520546,6.673872475954353e-07,-0.0345205479452054,2.88398817157634e-07,-0.0343835616438357,4.212198202036764e-07,-0.0342465753424657,5.743906639141042e-07,-0.0339726027397261,1.4223006915968298e-07,-0.0335616438356164,5.470387275372421e-09,1,1,1,1,1
654,34,13:42:45,9,-0.0345205479452054,3019902.0,-0.0345890410958904,-0.0346575342465753,1.0940774550744841e-07,-0.0347945205479452,1.3675968188431052e-07,-0.034931506849315,5.712944247162434e-06,-0.0350684931506849,2.2045660719750856e-06,-0.0352054794520546,6.673872475954353e-07,-0.0345205479452054,9.409066113640564e-09,-0.0343835616438357,4.2669020747904883e-07,-0.0342465753424657,5.743906639141042e-07,-0.0339726027397261,1.4223006915968298e-07,-0.0335616438356164,5.470387275372421e-09,1,1,1,1,1
655,34,13:42:48,9,-0.0346575342465753,1930865.0,-0.0347260273972602,-0.0347945205479452,1.0940774550744841e-07,-0.034931506849315,5.7184146344378064e-06,-0.0350684931506849,2.2045660719750856e-06,-0.0352054794520546,6.728576348708078e-07,-0.0353424657534245,5.360979529864973e-07,-0.0346575342465753,2.07874716464152e-07,-0.0345205479452054,6.877370882598208e-07,-0.0343835616438357,5.306275657111248e-07,-0.0342465753424657,1.1487813278282083e-06,-0.0339726027397261,1.4223006915968298e-07,1,1,1,1,1
656,34,13:42:51,9,-0.0347945205479452,169127.0,-0.0347260273972602,-0.0347945205479452,1.9146355463803476e-07,-0.034931506849315,5.7184146344378064e-06,-0.0350684931506849,2.2045660719750856e-06,-0.0352054794520546,6.728576348708078e-07,-0.0353424657534245,8.643211895088425e-07,-0.0346575342465753,1.6411161826117265e-07,-0.0345205479452054,7.752632846657795e-07,-0.0343835616438357,5.306275657111248e-07,-0.0342465753424657,1.1487813278282083e-06,-0.0339726027397261,1.4223006915968298e-07,1,1,1,1,1
657,34,13:42:54,9,-0.0343835616438357,1740811.0,-0.0345890410958904,-0.0346575342465753,9.244954495379392e-07,-0.0347945205479452,9.080842877118218e-07,-0.034931506849315,5.762177732640786e-06,-0.0350684931506849,2.2045660719750856e-06,-0.0352054794520546,6.728576348708078e-07,-0.0345205479452054,9.846697095670357e-08,-0.0343835616438357,3.595138517374755e-07,-0.0342465753424657,1.1597221023789532e-06,-0.0339726027397261,1.4223006915968298e-07,-0.0335616438356164,5.470387275372421e-09,1,1,1,1,1
658,34,13:42:57,9,-0.0346575342465753,2234044.0,-0.0345205479452056,-0.0346575342465753,4.595125311312834e-07,-0.0347945205479452,8.588508022334701e-07,-0.034931506849315,5.81688160539451e-06,-0.0350684931506849,2.2045660719750856e-06,-0.0352054794520546,6.783280221461801e-07,-0.0343835616438357,5.072143081725309e-07,-0.0342465753424657,1.1597221023789532e-06,-0.0339726027397261,1.4223006915968298e-07,-0.0335616438356164,1.974809806409444e-06,-0.0334246575342465,3.77456722000697e-07,1,1,1,1,1
659,34,13:43:00,9,-0.0343835616438357,718967.0,-0.0344520547945205,-0.0345205479452054,8.205580913058631e-08,-0.0346575342465753,2.4616742739175896e-07,-0.0347945205479452,8.752619640595873e-07,-0.034931506849315,5.860644703597489e-06,-0.0350684931506849,2.2045660719750856e-06,-0.0343835616438357,1.5163913527332354e-07,-0.0342465753424657,1.2581890733356569e-06,-0.0339726027397261,1.4223006915968298e-07,-0.0335616438356164,1.974809806409444e-06,-0.0334246575342465,3.77456722000697e-07,1,1,1,1,1
660,34,13:43:03,9,-0.0343835616438357,246693.0,-0.0344520547945205,-0.0345205479452054,4.3763098202979367e-08,-0.0346575342465753,1.2581890733356568e-07,-0.0347945205479452,2.040454453713913e-06,-0.034931506849315,5.860644703597489e-06,-0.0350684931506849,2.2045660719750856e-06,-0.0343835616438357,1.5710952254869592e-07,-0.0342465753424657,1.2636594606110292e-06,-0.0339726027397261,1.4223006915968298e-07,-0.0335616438356164,1.974809806409444e-06,-0.0334246575342465,3.77456722000697e-07,1,1,1,1,1
661,34,13:43:06,9,-0.0345205479452054,528656.0,-0.0345890410958904,-0.0346575342465753,2.6257858921787617e-07,-0.0347945205479452,2.0896879391922647e-06,-0.034931506849315,5.838763154496e-06,-0.0350684931506849,2.2045660719750856e-06,-0.0352054794520546,6.783280221461801e-07,-0.0345205479452054,4.770177704124751e-08,-0.0343835616438357,6.017426002909662e-08,-0.0342465753424657,1.3183633333647534e-06,-0.0339726027397261,1.4223006915968298e-07,-0.0335616438356164,1.974809806409444e-06,1,1,1,1,1
662,34,13:43:09,9,-0.0345205479452054,1472975.0,-0.0345890410958904,-0.0346575342465753,1.6958200553654504e-06,-0.0347945205479452,2.1115694882937545e-06,-0.034931506849315,5.838763154496e-06,-0.0350684931506849,2.2045660719750856e-06,-0.0352054794520546,6.837984094215526e-07,-0.0345205479452054,1.4535913068119596e-06,-0.0343835616438357,6.017426002909662e-08,-0.0342465753424657,1.312892946089381e-06,-0.0339726027397261,1.4223006915968298e-07,-0.0335616438356164,1.9802801936848164e-06,1,1,1,1,1
663,34,13:43:12,9,-0.0345205479452054,1465892.0,-0.0345890410958904,-0.0346575342465753,1.6848792808147057e-06,-0.0347945205479452,2.1225102628444992e-06,-0.034931506849315,5.838763154496e-06,-0.0350684931506849,2.2045660719750856e-06,-0.0352054794520546,6.837984094215526e-07,-0.0345205479452054,8.627894810717382e-07,-0.0343835616438357,1.9146355463803476e-07,-0.0342465753424657,1.312892946089381e-06,-0.0339726027397261,1.4223006915968298e-07,-0.0335616438356164,1.9802801936848164e-06,1,1,1,1,1
664,34,13:43:15,9,-0.0345205479452054,183248.0,-0.0345890410958904,-0.0346575342465753,1.73958315356843e-06,-0.0347945205479452,2.149862199221361e-06,-0.034931506849315,5.838763154496e-06,-0.0350684931506849,2.2045660719750856e-06,-0.0352054794520546,6.837984094215526e-07,-0.0345205479452054,7.588521228396622e-07,-0.0343835616438357,1.9146355463803476e-07,-0.0342465753424657,3.0907688105854178e-06,-0.0339726027397261,1.4223006915968298e-07,-0.0335616438356164,1.9802801936848164e-06,1,1,1,1,1
665,34,13:43:18,9,-0.0345205479452054,782320.0,-0.0345890410958904,-0.0346575342465753,1.7505239281191746e-06,-0.0347945205479452,2.182684522873596e-06,-0.034931506849315,5.838763154496e-06,-0.0350684931506849,2.2045660719750856e-06,-0.0352054794520546,6.837984094215526e-07,-0.0345205479452054,3.048099789837513e-07,-0.0343835616438357,3.938678838268143e-07,-0.0342465753424657,2.8883644813966384e-06,-0.0339726027397261,1.4223006915968298e-07,-0.0338356164383562,1.641116182611726e-08,1,1,1,1,1
666,34,13:43:21,9,-0.0343835616438357,1555718.0,-0.0343150684931505,-0.0343835616438357,1.531708437104278e-07,-0.0345205479452054,2.452265207803949e-06,-0.0346575342465753,1.783346251771409e-06,-0.0347945205479452,2.210036459250458e-06,-0.034931506849315,5.844233541771372e-06,-0.0342465753424657,2.8883644813966384e-06,-0.0339726027397261,1.531708437104278e-07,-0.0338356164383562,1.641116182611726e-08,-0.0335616438356164,1.9802801936848164e-06,-0.0334246575342465,3.77456722000697e-07,1,1,1,1,1
667,34,13:43:24,9,-0.0343835616438357,289032.0,-0.0343150684931505,-0.0343835616438357,4.431013693051661e-07,-0.0345205479452054,2.922718513485977e-06,-0.0346575342465753,1.3347744951908706e-06,-0.0347945205479452,2.264740332004182e-06,-0.034931506849315,7.496290498933843e-06,-0.0342465753424657,2.8172494468167967e-06,-0.0341095890410958,1.03937358232076e-07,-0.0339726027397261,1.531708437104278e-07,-0.0338356164383562,1.641116182611726e-08,-0.0335616438356164,1.9802801936848164e-06,1,1,1,1,1
668,34,13:43:27,9,-0.0343835616438357,1980991.0,-0.0343150684931505,-0.0343835616438357,1.6958200553654506e-07,-0.0345205479452054,3.5627538247045504e-06,-0.0346575342465753,1.3894783679445948e-06,-0.0347945205479452,2.264740332004182e-06,-0.034931506849315,7.523642435310705e-06,-0.0342465753424657,1.6028234716841191e-06,-0.0341095890410958,1.03937358232076e-07,-0.0339726027397261,1.531708437104278e-07,-0.0338356164383562,1.641116182611726e-08,-0.0335616438356164,1.9802801936848164e-06,1,1,1,1,1
669,34,13:43:30,9,-0.0343835616438357,1529805.0,-0.0343150684931505,-0.0343835616438357,4.759236929574006e-07,-0.0345205479452054,3.5901057610814123e-06,-0.0346575342465753,1.3894783679445948e-06,-0.0347945205479452,2.264740332004182e-06,-0.034931506849315,8.727127635892638e-06,-0.0342465753424657,6.783280221461801e-07,-0.0341095890410958,2.07874716464152e-07,-0.0339726027397261,1.531708437104278e-07,-0.0338356164383562,1.641116182611726e-08,-0.0335616438356164,1.974809806409444e-06,1,1,1,1,1
670,34,13:43:33,9,-0.0342465753424657,867136.0,-0.0343150684931505,-0.0343835616438357,4.595125311312834e-07,-0.0345205479452054,3.3056456227620466e-06,-0.0346575342465753,1.5700011480318848e-06,-0.0347945205479452,2.264740332004182e-06,-0.034931506849315,8.732598023168011e-06,-0.0342465753424657,9.299658368133117e-08,-0.0341095890410958,3.11812074696228e-07,-0.0339726027397261,1.531708437104278e-07,-0.0338356164383562,1.641116182611726e-08,-0.0335616438356164,1.974809806409444e-06,1,1,1,1,1
671,34,13:43:36,9,-0.0343835616438357,275643.0,-0.0343150684931505,-0.0343835616438357,3.9879123237464956e-07,-0.0345205479452054,3.3111160100374187e-06,-0.0346575342465753,1.624705020785609e-06,-0.0347945205479452,2.23738839562732e-06,-0.034931506849315,8.732598023168011e-06,-0.0342465753424657,2.7351936376862106e-08,-0.0341095890410958,4.15749432928304e-07,-0.0339726027397261,1.531708437104278e-07,-0.0338356164383562,1.641116182611726e-08,-0.0335616438356164,1.974809806409444e-06,1,1,1,1,1
672,34,13:43:39,9,-0.0343835616438357,1198400.0,-0.0341780821917808,-0.0342465753424657,4.81394080232773e-07,-0.0343835616438357,1.03937358232076e-08,-0.0345205479452054,2.594495276963632e-06,-0.0346575342465753,1.630175408060981e-06,-0.0347945205479452,2.23738839562732e-06,-0.0341095890410958,4.978052420588903e-07,-0.0339726027397261,1.531708437104278e-07,-0.0338356164383562,1.641116182611726e-08,-0.0335616438356164,2.045924840989285e-06,-0.0334246575342465,3.2275284924697285e-07,1,1,1,1,1
673,34,13:43:42,9,-0.0342465753424657,218551.0,-0.0341780821917808,-0.0342465753424657,6.455056984939457e-07,-0.0343835616438357,4.8686446750814544e-08,-0.0345205479452054,2.594495276963632e-06,-0.0346575342465753,1.5645307607565124e-06,-0.0347945205479452,1.690349668090078e-06,-0.0341095890410958,5.306275657111248e-07,-0.0339726027397261,1.531708437104278e-07,-0.0338356164383562,1.641116182611726e-08,-0.0335616438356164,2.0732767773661474e-06,-0.0334246575342465,3.2275284924697285e-07,1,1,1,1,1
674,34,13:43:45,9,-0.0342465753424657,831913.0,-0.0341780821917808,-0.0342465753424657,3.282232365223453e-07,-0.0343835616438357,5.136693651574703e-07,-0.0345205479452054,2.6054360515143765e-06,-0.0346575342465753,1.5645307607565124e-06,-0.0347945205479452,2.23738839562732e-06,-0.0341095890410958,4.868644675081455e-07,-0.0339726027397261,1.531708437104278e-07,-0.0338356164383562,1.641116182611726e-08,-0.0335616438356164,2.0732767773661474e-06,-0.0334246575342465,3.2275284924697285e-07,1,1,1,1,1
675,34,13:43:48,9,-0.0343835616438357,556959.0,-0.0343150684931505,-0.0343835616438357,5.519620760850773e-07,-0.0345205479452054,2.599965664239004e-06,-0.0346575342465753,1.509826888002788e-06,-0.0347945205479452,2.23738839562732e-06,-0.034931506849315,8.732598023168011e-06,-0.0342465753424657,1.050314356871505e-06,-0.0341095890410958,4.759236929574006e-07,-0.0339726027397261,2.4616742739175896e-07,-0.0338356164383562,1.641116182611726e-08,-0.0335616438356164,2.0732767773661474e-06,1,1,1,1,1
676,34,13:43:51,9,-0.0343835616438357,690878.0,-0.0343150684931505,-0.0343835616438357,5.410213015343324e-07,-0.0345205479452054,2.599965664239004e-06,-0.0346575342465753,1.509826888002788e-06,-0.0347945205479452,2.23738839562732e-06,-0.034931506849315,8.732598023168011e-06,-0.0342465753424657,9.62788160465546e-07,-0.0341095890410958,4.595125311312834e-07,-0.0339726027397261,2.4616742739175896e-07,-0.0338356164383562,1.641116182611726e-08,-0.0335616438356164,2.0732767773661474e-06,1,1,1,1,1
677,34,13:43:54,9,-0.0342465753424657,1515750.0,-0.0343150684931505,-0.0343835616438357,6.230771106649187e-07,-0.0345205479452054,2.594495276963632e-06,-0.0346575342465753,1.509826888002788e-06,-0.0347945205479452,2.2537995574534374e-06,-0.034931506849315,8.732598023168011e-06,-0.0342465753424657,3.5010478562383493e-07,-0.0341095890410958,4.2669020747904883e-07,-0.0339726027397261,2.4616742739175896e-07,-0.0338356164383562,1.641116182611726e-08,-0.0335616438356164,2.0732767773661474e-06,1,1,1,1,1
678,34,13:43:57,9,-0.0342465753424657,782517.0,-0.0341780821917808,-0.0342465753424657,1.0940774550744842e-08,-0.0343835616438357,7.871887289260913e-07,-0.0345205479452054,2.009163838498782e-06,-0.0346575342465753,1.5645307607565124e-06,-0.0347945205479452,2.2537995574534374e-06,-0.0341095890410958,5.306275657111248e-07,-0.0339726027397261,2.4616742739175896e-07,-0.0338356164383562,1.641116182611726e-08,-0.0335616438356164,2.0732767773661474e-06,-0.0334246575342465,3.2275284924697285e-07,1,1,1,1,1
679,34,13:44:00,9,-0.0342465753424657,867056.0,-0.0343150684931505,-0.0343835616438357,2.729723250410838e-07,-0.0345205479452054,2.009163838498782e-06,-0.0346575342465753,1.5645307607565124e-06,-0.0347945205479452,2.2811514938303e-06,-0.034931506849315,8.759949959544872e-06,-0.0342465753424657,5.415683402618696e-07,-0.0341095890410958,5.743906639141042e-07,-0.0339726027397261,2.4616742739175896e-07,-0.0338356164383562,1.641116182611726e-08,-0.0335616438356164,2.0732767773661474e-06,1,1,1,1,1
680,34,13:44:03,9,-0.0342465753424657,415921.0,-0.0343150684931505,-0.0343835616438357,2.893834868672011e-07,-0.0345205479452054,1.4730658855122857e-06,-0.0346575342465753,1.5645307607565124e-06,-0.0347945205479452,2.264740332004182e-06,-0.034931506849315,8.759949959544872e-06,-0.0342465753424657,7.494430567260217e-07,-0.0341095890410958,6.23624149392456e-07,-0.0339726027397261,2.4616742739175896e-07,-0.0338356164383562,1.641116182611726e-08,-0.0335616438356164,2.0732767773661474e-06,1,1,1,1,1
681,34,13:44:06,9,-0.0342465753424657,148036.0,-0.0343150684931505,-0.0343835616438357,2.729723250410838e-07,-0.0345205479452054,1.4730658855122857e-06,-0.0346575342465753,1.5645307607565124e-06,-0.0347945205479452,2.264740332004182e-06,-0.034931506849315,8.759949959544872e-06,-0.0342465753424657,1.0612551314222496e-06,-0.0341095890410958,7.603838312767665e-07,-0.0339726027397261,2.4616742739175896e-07,-0.0338356164383562,1.2034852005819325e-07,-0.0335616438356164,2.0732767773661474e-06,1,1,1,1,1
682,34,13:44:09,9,-0.0342465753424657,1938411.0,-0.0343150684931505,-0.0343835616438357,5.470387275372421e-09,-0.0345205479452054,8.762466337691543e-07,-0.0346575342465753,1.5645307607565124e-06,-0.0347945205479452,2.2264476210765754e-06,-0.034931506849315,8.765420346820245e-06,-0.0342465753424657,8.807323513349597e-07,-0.0341095890410958,7.603838312767665e-07,-0.0339726027397261,2.4616742739175896e-07,-0.0338356164383562,1.2034852005819325e-07,-0.0335616438356164,2.0732767773661474e-06,1,1,1,1,1
683,34,13:44:12,9,-0.0343835616438357,140980.0,-0.0344520547945205,-0.0345205479452054,8.762466337691543e-07,-0.0346575342465753,1.5700011480318848e-06,-0.0347945205479452,2.2264476210765754e-06,-0.034931506849315,8.759949959544872e-06,-0.0350684931506849,2.2045660719750856e-06,-0.0343835616438357,1.3074225588140089e-06,-0.0342465753424657,9.846697095670358e-07,-0.0341095890410958,9.518473859148012e-07,-0.0339726027397261,2.352266528410141e-07,-0.0338356164383562,1.2034852005819325e-07,1,1,1,1,1
684,34,13:44:15,9,-0.0345205479452054,1543669.0,-0.0344520547945205,-0.0345205479452054,5.425530099714367e-07,-0.0346575342465753,1.5700011480318848e-06,-0.0347945205479452,2.220977233801203e-06,-0.034931506849315,8.7544795722695e-06,-0.0350684931506849,2.2045660719750856e-06,-0.0343835616438357,6.23624149392456e-07,-0.0342465753424657,1.0229624204946427e-06,-0.0341095890410958,9.190250622625668e-07,-0.0339726027397261,2.352266528410141e-07,-0.0338356164383562,1.2034852005819325e-07,1,1,1,1,1
685,34,13:44:18,9,-0.0343835616438357,958658.0,-0.0344520547945205,-0.0345205479452054,4.604972008408504e-07,-0.0346575342465753,1.5535899862057675e-06,-0.0347945205479452,2.264740332004182e-06,-0.034931506849315,8.770890734095617e-06,-0.0350684931506849,2.2045660719750856e-06,-0.0343835616438357,4.9233485478351786e-08,-0.0342465753424657,1.0120216459438978e-06,-0.0341095890410958,9.190250622625668e-07,-0.0339726027397261,2.352266528410141e-07,-0.0338356164383562,1.2034852005819325e-07,1,1,1,1,1
686,34,13:44:21,9,-0.0343835616438357,797714.0,-0.0345205479452056,-0.0346575342465753,1.5700011480318848e-06,-0.0347945205479452,2.2428587829026927e-06,-0.034931506849315,8.770890734095617e-06,-0.0350684931506849,2.2045660719750856e-06,-0.0352054794520546,6.783280221461801e-07,-0.0343835616438357,2.6367266667295073e-08,-0.0342465753424657,1.1268997787267187e-06,-0.0341095890410958,9.190250622625668e-07,-0.0339726027397261,2.352266528410141e-07,-0.0338356164383562,1.2034852005819325e-07,1,1,1,1,1
687,34,13:44:24,9,-0.0345205479452054,239628.0,-0.0345890410958904,-0.0346575342465753,1.4934157261766708e-06,-0.0347945205479452,2.248329170178065e-06,-0.034931506849315,8.770890734095617e-06,-0.0350684931506849,2.2045660719750856e-06,-0.0352054794520546,6.783280221461801e-07,-0.0345205479452054,1.4223006915968298e-07,-0.0343835616438357,3.1580545740724985e-07,-0.0342465753424657,1.2964817842632638e-06,-0.0341095890410958,7.111503457984147e-07,-0.0339726027397261,2.352266528410141e-07,1,2,1,1,1
688,34,13:44:27,9,-0.0343835616438357,549720.0,-0.0344520547945205,-0.0345205479452054,6.017426002909662e-08,-0.0346575342465753,1.3293041079154983e-06,-0.0347945205479452,2.248329170178065e-06,-0.034931506849315,8.770890734095617e-06,-0.0350684931506849,2.2045660719750856e-06,-0.0343835616438357,5.182097865960294e-07,-0.0342465753424657,1.2964817842632638e-06,-0.0341095890410958,7.111503457984147e-07,-0.0339726027397261,1.4223006915968298e-07,-0.0338356164383562,1.2034852005819325e-07,1,1,1,1,1
689,34,13:44:30,9,-0.0345205479452054,148009.0,-0.0345890410958904,-0.0346575342465753,1.340244882466243e-06,-0.0347945205479452,2.220977233801203e-06,-0.034931506849315,8.77636112137099e-06,-0.0350684931506849,2.2045660719750856e-06,-0.0352054794520546,6.783280221461801e-07,-0.0345205479452054,7.986765422043734e-07,-0.0343835616438357,7.86258763089278e-07,-0.0342465753424657,1.2964817842632638e-06,-0.0341095890410958,5.087460166096352e-07,-0.0339726027397261,1.4223006915968298e-07,1,2,1,1,1
690,34,13:44:33,9,-0.0345205479452054,1042998.0,-0.0345890410958904,-0.0346575342465753,7.93206154929001e-07,-0.0347945205479452,2.220977233801203e-06,-0.034931506849315,8.77636112137099e-06,-0.0350684931506849,2.2045660719750856e-06,-0.0352054794520546,6.783280221461801e-07,-0.0345205479452054,1.050314356871505e-06,-0.0343835616438357,7.698476012631608e-07,-0.0342465753424657,1.2964817842632638e-06,-0.0341095890410958,5.087460166096352e-07,-0.0339726027397261,1.4223006915968298e-07,1,1,1,1,1
691,34,13:44:36,9,-0.0347945205479452,2635499.0,-0.0346575342465753,-0.0347945205479452,1.3949487552199674e-06,-0.034931506849315,8.77636112137099e-06,-0.0350684931506849,2.2045660719750856e-06,-0.0352054794520546,6.783280221461801e-07,-0.0353424657534245,8.588508022334701e-07,-0.0345205479452054,8.314988658566079e-07,-0.0343835616438357,9.66781543176568e-07,-0.0342465753424657,1.3293041079154983e-06,-0.0341095890410958,5.087460166096352e-07,-0.0339726027397261,1.4223006915968298e-07,1,2,1,1,1
692,34,13:44:39,9,-0.0346575342465753,507440.0,-0.0347260273972602,-0.0347945205479452,1.427771078872202e-06,-0.034931506849315,8.77636112137099e-06,-0.0350684931506849,2.2045660719750856e-06,-0.0352054794520546,6.783280221461801e-07,-0.0353424657534245,8.588508022334701e-07,-0.0346575342465753,2.07874716464152e-07,-0.0345205479452054,6.947391839722974e-07,-0.0343835616438357,9.722519304519405e-07,-0.0342465753424657,1.19801481330656e-06,-0.0341095890410958,3.5557517289920734e-07,2,2,1,1,1
693,34,13:44:42,9,-0.0346575342465753,1219101.0,-0.0345890410958904,-0.0346575342465753,6.017426002909662e-08,-0.0347945205479452,1.1925444260311878e-06,-0.034931506849315,8.77636112137099e-06,-0.0350684931506849,2.231918008351948e-06,-0.0352054794520546,6.783280221461801e-07,-0.0345205479452054,7.65854218552139e-07,-0.0343835616438357,6.44028693929595e-07,-0.0342465753424657,1.1542517151035809e-06,-0.0341095890410958,3.282232365223452e-08,-0.0339726027397261,1.4223006915968298e-07,2,1,1,1,1
694,34,13:44:45,9,-0.0342465753424657,3607238.0,-0.0341780821917808,-0.0342465753424657,9.994397552105413e-08,-0.0345205479452054,7.65854218552139e-07,-0.0346575342465753,7.65854218552139e-08,-0.0347945205479452,1.1870740387558152e-06,-0.034931506849315,8.229322393833747e-06,-0.0341095890410958,3.282232365223452e-08,-0.0339726027397261,1.4223006915968298e-07,-0.0338356164383562,1.2034852005819325e-07,-0.0336986301369862,8.205580913058631e-08,-0.0335616438356164,2.0732767773661474e-06,1,1,1,1,1
695,34,13:44:48,9,-0.0342465753424657,1888959.0,-0.0343150684931505,-0.0343835616438357,1.0940774550744842e-08,-0.0346575342465753,5.470387275372421e-09,-0.0347945205479452,9.970874886821312e-07,-0.034931506849315,8.229322393833747e-06,-0.0350684931506849,2.231918008351948e-06,-0.0342465753424657,4.3763098202979364e-07,-0.0341095890410958,8.752619640595873e-08,-0.0339726027397261,2.954009128701107e-07,-0.0338356164383562,1.2034852005819325e-07,-0.0336986301369862,8.205580913058631e-08,1,1,1,1,1
696,34,13:44:51,9,-0.0339726027397261,2565271.0,-0.0342465753424657,-0.0343835616438357,5.470387275372421e-09,-0.0345205479452054,2.7351936376862106e-08,-0.0347945205479452,3.429932821658508e-08,-0.034931506849315,8.229322393833747e-06,-0.0350684931506849,2.231918008351948e-06,-0.0341095890410958,1.03937358232076e-07,-0.0339726027397261,2.406970401163865e-07,-0.0338356164383562,1.2034852005819325e-07,-0.0336986301369862,8.205580913058631e-08,-0.0335616438356164,2.0732767773661474e-06,1,1,1,1,1
697,34,13:44:54,9,-0.0341095890410958,260878.0,-0.0340410958904109,-0.0341095890410958,5.470387275372421e-08,-0.0345205479452054,1.1487813278282083e-06,-0.0346575342465753,3.829271092760695e-07,-0.0347945205479452,3.429932821658508e-08,-0.034931506849315,8.229322393833747e-06,-0.0339726027397261,2.406970401163865e-07,-0.0338356164383562,1.2034852005819325e-07,-0.0336986301369862,8.205580913058631e-08,-0.0335616438356164,2.0732767773661474e-06,-0.0334246575342465,2.5710820194250377e-07,1,1,1,1,1
698,34,13:44:57,9,-0.0341095890410958,521779.0,-0.0340410958904109,-0.0341095890410958,9.135546749871944e-07,-0.0343835616438357,2.5163781466713136e-07,-0.0345205479452054,1.1542517151035809e-06,-0.0346575342465753,5.415683402618696e-07,-0.0347945205479452,6.165126459344718e-08,-0.0339726027397261,1.6958200553654506e-07,-0.0338356164383562,1.531708437104278e-07,-0.0336986301369862,8.205580913058631e-08,-0.0335616438356164,2.0732767773661474e-06,-0.0334246575342465,2.5710820194250377e-07,1,1,1,1,1
699,34,13:45:00,9,-0.0335616438356164,3335240.0,-0.0338356164383562,-0.0341095890410958,5.470387275372421e-09,-0.0345205479452054,1.1925444260311878e-06,-0.0346575342465753,5.743906639141042e-07,-0.0347945205479452,9.447358824568172e-08,-0.034931506849315,8.223852006558376e-06,-0.0335616438356164,1.794287026322154e-06,-0.0334246575342465,2.5710820194250377e-07,-0.0332876712328767,4.96317296719989e-06,-0.0331506849315068,1.0940774550744841e-07,-0.0330136986301369,2.7351936376862106e-08,1,1,1,1,1
700,34,13:45:03,9,-0.0342465753424657,451458.0,-0.0341780821917808,-0.0342465753424657,5.470387275372421e-08,-0.0343835616438357,4.3763098202979364e-07,-0.0345205479452054,1.6411161826117262e-06,-0.0346575342465753,5.798610511894766e-07,-0.0347945205479452,1.2729591189791625e-07,-0.0341095890410958,5.470387275372421e-09,-0.0335616438356164,1.520767662553533e-06,-0.0334246575342465,3.5557517289920734e-07,-0.0332876712328767,4.96317296719989e-06,-0.0331506849315068,1.0940774550744841e-07,1,1,1,1,1
701,34,13:45:06,9,-0.0339726027397261,2236238.0,-0.0340410958904109,-0.0341095890410958,5.470387275372421e-09,-0.0342465753424657,5.470387275372421e-08,-0.0343835616438357,4.431013693051661e-07,-0.0345205479452054,1.630175408060981e-06,-0.0346575342465753,5.798610511894766e-07,-0.0339726027397261,1.9693394191340717e-07,-0.0336986301369862,8.205580913058631e-08,-0.0335616438356164,3.8292710927606954e-08,-0.0334246575342465,2.5710820194250377e-07,-0.0332876712328767,4.96317296719989e-06,1,1,1,1,1
702,34,13:45:09,9,-0.0341095890410958,204482.0,-0.0341780821917808,-0.0342465753424657,4.431013693051661e-07,-0.0343835616438357,4.540421438559109e-07,-0.0345205479452054,1.6848792808147057e-06,-0.0346575342465753,5.798610511894766e-07,-0.0347945205479452,1.8199978465164044e-07,-0.0341095890410958,5.251571784357523e-07,-0.0339726027397261,2.7351936376862104e-07,-0.0338356164383562,1.1487813278282086e-07,-0.0336986301369862,8.752619640595873e-08,-0.0335616438356164,3.2275284924697285e-07,1,1,1,1,1
703,34,13:45:12,9,-0.0342465753424657,578123.0,-0.0341780821917808,-0.0342465753424657,1.6958200553654506e-07,-0.0343835616438357,7.27561507624532e-07,-0.0345205479452054,1.728642379017685e-06,-0.0346575342465753,5.853314384648491e-07,-0.0347945205479452,1.9294055920238528e-07,-0.0341095890410958,1.2308371369587949e-06,-0.0339726027397261,3.063416874208556e-07,-0.0338356164383562,1.1487813278282086e-07,-0.0336986301369862,8.752619640595873e-08,-0.0335616438356164,3.77456722000697e-07,1,1,1,1,1
704,34,13:45:15,9,-0.0342465753424657,1008163.0,-0.0343150684931505,-0.0343835616438357,6.290945366678284e-07,-0.0345205479452054,1.728642379017685e-06,-0.0346575342465753,6.290945366678284e-07,-0.0347945205479452,1.9294055920238528e-07,-0.034931506849315,8.223852006558376e-06,-0.0342465753424657,5.470387275372421e-09,-0.0341095890410958,1.1816036514804429e-06,-0.0339726027397261,3.11812074696228e-07,-0.0338356164383562,1.1487813278282086e-07,-0.0336986301369862,8.752619640595873e-08,1,1,1,1,1
705,34,13:45:18,9,-0.0341095890410958,909503.0,-0.0341780821917808,-0.0342465753424657,2.406970401163865e-06,-0.0343835616438357,3.3095843016003144e-06,-0.0345205479452054,1.728642379017685e-06,-0.0346575342465753,6.345649239432008e-07,-0.0347945205479452,2.0935172102850253e-07,-0.0341095890410958,9.026139004364496e-07,-0.0339726027397261,3.11812074696228e-07,-0.0338356164383562,1.1487813278282086e-07,-0.0336986301369862,8.752619640595873e-08,-0.0335616438356164,3.77456722000697e-07,1,1,1,1,1
706,34,13:45:21,9,-0.0341095890410958,1177438.0,-0.0341780821917808,-0.0342465753424657,2.1608029737721063e-06,-0.0343835616438357,3.3095843016003144e-06,-0.0345205479452054,1.7341127662930575e-06,-0.0346575342465753,6.345649239432008e-07,-0.0347945205479452,2.0935172102850253e-07,-0.0341095890410958,4.3763098202979364e-07,-0.0339726027397261,4.595125311312834e-07,-0.0338356164383562,1.1487813278282086e-07,-0.0336986301369862,8.752619640595873e-08,-0.0335616438356164,3.77456722000697e-07,1,1,1,1,1
707,34,13:45:24,9,-0.0341095890410958,155111.0,-0.0341780821917808,-0.0342465753424657,3.287702752498825e-06,-0.0343835616438357,3.3095843016003144e-06,-0.0345205479452054,1.7341127662930575e-06,-0.0346575342465753,6.345649239432008e-07,-0.0347945205479452,2.0935172102850253e-07,-0.0341095890410958,4.704533056820282e-07,-0.0339726027397261,4.540421438559109e-07,-0.0338356164383562,1.1487813278282086e-07,-0.0336986301369862,8.752619640595873e-08,-0.0335616438356164,3.77456722000697e-07,1,1,1,1,1
708,34,13:45:27,9,-0.0342465753424657,1191512.0,-0.0341780821917808,-0.0342465753424657,2.811779059541424e-06,-0.0343835616438357,3.364288174354039e-06,-0.0345205479452054,1.6848792808147057e-06,-0.0346575342465753,6.345649239432008e-07,-0.0347945205479452,2.0935172102850253e-07,-0.0341095890410958,1.3128929460893809e-07,-0.0339726027397261,6.072129875663387e-07,-0.0338356164383562,1.1487813278282086e-07,-0.0336986301369862,8.752619640595873e-08,-0.0335616438356164,3.77456722000697e-07,1,1,1,1,1
709,34,13:45:30,9,-0.0341095890410958,719115.0,-0.0341780821917808,-0.0342465753424657,2.401500013888493e-06,-0.0343835616438357,3.364288174354039e-06,-0.0345205479452054,1.690349668090078e-06,-0.0346575342465753,6.345649239432008e-07,-0.0347945205479452,2.0935172102850253e-07,-0.0341095890410958,1.03937358232076e-07,-0.0339726027397261,6.072129875663387e-07,-0.0338356164383562,1.1487813278282086e-07,-0.0336986301369862,8.752619640595873e-08,-0.0335616438356164,3.77456722000697e-07,1,1,1,1,1
710,34,13:45:33,9,-0.0341095890410958,303169.0,-0.0340410958904109,-0.0341095890410958,1.859931673626623e-07,-0.0342465753424657,2.330384979308651e-06,-0.0343835616438357,3.353347399803294e-06,-0.0345205479452054,1.690349668090078e-06,-0.0346575342465753,4.81394080232773e-07,-0.0339726027397261,6.072129875663387e-07,-0.0338356164383562,1.1487813278282086e-07,-0.0336986301369862,8.752619640595873e-08,-0.0335616438356164,3.77456722000697e-07,-0.0334246575342465,2.5710820194250377e-07,1,1,1,1,1
711,34,13:45:36,9,-0.0341095890410958,683947.0,-0.0340410958904109,-0.0341095890410958,7.002095712476699e-07,-0.0342465753424657,2.330384979308651e-06,-0.0343835616438357,3.353347399803294e-06,-0.0345205479452054,1.7231719917423126e-06,-0.0346575342465753,4.81394080232773e-07,-0.0339726027397261,6.783280221461801e-07,-0.0338356164383562,1.1487813278282086e-07,-0.0336986301369862,8.752619640595873e-08,-0.0335616438356164,3.77456722000697e-07,-0.0334246575342465,2.5710820194250377e-07,1,1,1,1,1
712,34,13:45:39,9,-0.0341095890410958,789716.0,-0.0340410958904109,-0.0341095890410958,3.993382711021867e-07,-0.0342465753424657,2.3632073029608857e-06,-0.0343835616438357,3.353347399803294e-06,-0.0345205479452054,1.7231719917423126e-06,-0.0346575342465753,4.81394080232773e-07,-0.0339726027397261,6.564464730446905e-07,-0.0338356164383562,1.1487813278282086e-07,-0.0336986301369862,8.752619640595873e-08,-0.0335616438356164,9.299658368133117e-08,-0.0334246575342465,2.5710820194250377e-07,1,1,1,1,1
713,34,13:45:42,9,-0.0341095890410958,690996.0,-0.0340410958904109,-0.0341095890410958,4.102790456529316e-07,-0.0342465753424657,2.41791117571461e-06,-0.0343835616438357,3.353347399803294e-06,-0.0345205479452054,1.7231719917423126e-06,-0.0346575342465753,4.759236929574006e-07,-0.0339726027397261,7.220911203491596e-07,-0.0338356164383562,4.15749432928304e-07,-0.0336986301369862,8.752619640595873e-08,-0.0335616438356164,9.299658368133117e-08,-0.0334246575342465,2.5710820194250377e-07,1,1,1,1,1
714,34,13:45:45,9,-0.0339726027397261,1353946.0,-0.033904109589041,-0.0339726027397261,1.482474951625926e-06,-0.0341095890410958,2.6257858921787617e-07,-0.0342465753424657,2.4397927248160995e-06,-0.0343835616438357,3.353347399803294e-06,-0.0345205479452054,9.474710760945031e-06,-0.0338356164383562,4.15749432928304e-07,-0.0336986301369862,8.752619640595873e-08,-0.0335616438356164,9.299658368133117e-08,-0.0334246575342465,2.5710820194250377e-07,-0.0332876712328767,4.96317296719989e-06,1,1,1,1,1
715,34,13:45:48,9,-0.0341095890410958,2171992.0,-0.0339726027397259,-0.0341095890410958,6.126833748417112e-07,-0.0342465753424657,2.4890262102944517e-06,-0.0343835616438357,3.3588177870786662e-06,-0.0345205479452054,9.518473859148012e-06,-0.0346575342465753,4.759236929574006e-07,-0.0338356164383562,4.15749432928304e-07,-0.0336986301369862,8.752619640595873e-08,-0.0335616438356164,9.299658368133117e-08,-0.0334246575342465,2.5710820194250377e-07,-0.0332876712328767,4.96317296719989e-06,1,1,1,1,1
716,34,13:45:51,9,-0.0341095890410958,980090.0,-0.033904109589041,-0.0339726027397261,1.0940774550744842e-08,-0.0341095890410958,6.017426002909662e-08,-0.0342465753424657,2.4890262102944517e-06,-0.0343835616438357,3.3588177870786662e-06,-0.0345205479452054,9.518473859148012e-06,-0.0338356164383562,4.15749432928304e-07,-0.0336986301369862,1.750523928119175e-07,-0.0335616438356164,9.299658368133117e-08,-0.0334246575342465,2.5710820194250377e-07,-0.0332876712328767,5.127284585461062e-06,1,1,1,1,1
717,34,13:45:54,9,-0.0339726027397261,1755537.0,-0.0340410958904109,-0.0342465753424657,1.4496526279736915e-06,-0.0343835616438357,3.353347399803294e-06,-0.0345205479452054,9.540355408249502e-06,-0.0346575342465753,4.485717565805385e-07,-0.0347945205479452,2.3123327012999226e-07,-0.0338356164383562,5.032756293342627e-07,-0.0336986301369862,2.7351936376862104e-07,-0.0335616438356164,9.299658368133117e-08,-0.0334246575342465,2.5710820194250377e-07,-0.0332876712328767,5.127284585461062e-06,1,1,1,1,1
718,34,13:45:57,9,-0.0339726027397261,176301.0,-0.0340410958904109,-0.0341095890410958,5.470387275372421e-08,-0.0342465753424657,1.531708437104278e-06,-0.0343835616438357,3.353347399803294e-06,-0.0345205479452054,9.551296182800247e-06,-0.0346575342465753,4.485717565805385e-07,-0.0339726027397261,6.728576348708078e-07,-0.0338356164383562,4.978052420588903e-07,-0.0336986301369862,2.7351936376862104e-07,-0.0335616438356164,9.299658368133117e-08,-0.0334246575342465,2.5710820194250377e-07,1,1,1,1,1
719,34,13:46:00,9,-0.0341095890410958,641669.0,-0.0340410958904109,-0.0341095890410958,1.641116182611726e-08,-0.0342465753424657,1.55906037348114e-06,-0.0343835616438357,3.380699336180156e-06,-0.0345205479452054,9.551296182800247e-06,-0.0346575342465753,4.485717565805385e-07,-0.0339726027397261,1.1487813278282083e-06,-0.0338356164383562,5.306275657111248e-07,-0.0336986301369862,2.7351936376862104e-07,-0.0335616438356164,9.299658368133117e-08,-0.0334246575342465,2.5710820194250377e-07,1,1,1,1,1
720,34,13:46:03,9,-0.0342465753424657,2509813.0,-0.0343150684931505,-0.0343835616438357,3.380699336180156e-06,-0.0345205479452054,9.551296182800247e-06,-0.0346575342465753,4.485717565805385e-07,-0.0347945205479452,2.0935172102850253e-07,-0.034931506849315,7.069600291454794e-06,-0.0342465753424657,7.27561507624532e-07,-0.0341095890410958,1.1487813278282086e-07,-0.0339726027397261,1.132370166002091e-06,-0.0338356164383562,5.579795020879869e-07,-0.0336986301369862,2.7351936376862104e-07,1,1,1,1,1
721,34,13:46:06,9,-0.0343835616438357,775483.0,-0.0343150684931505,-0.0343835616438357,3.287702752498825e-06,-0.0345205479452054,9.606000055553971e-06,-0.0346575342465753,4.485717565805385e-07,-0.0347945205479452,2.0935172102850253e-07,-0.034931506849315,7.069600291454794e-06,-0.0342465753424657,7.166207330737871e-07,-0.0341095890410958,1.2034852005819325e-07,-0.0339726027397261,1.050314356871505e-06,-0.0338356164383562,5.360979529864973e-07,-0.0336986301369862,1.859931673626623e-07,1,1,1,1,1
722,34,13:46:09,9,-0.0342465753424657,1198355.0,-0.0343150684931505,-0.0343835616438357,2.4999669848451965e-06,-0.0345205479452054,9.606000055553971e-06,-0.0346575342465753,4.485717565805385e-07,-0.0347945205479452,2.0935172102850253e-07,-0.034931506849315,7.069600291454794e-06,-0.0342465753424657,5.853314384648491e-07,-0.0341095890410958,3.11812074696228e-07,-0.0339726027397261,1.0612551314222496e-06,-0.0338356164383562,5.525091148126145e-07,-0.0336986301369862,8.752619640595873e-08,1,1,1,1,2
723,34,13:46:12,9,-0.0342465753424657,1113847.0,-0.0343150684931505,-0.0343835616438357,2.2155068465258303e-06,-0.0345205479452054,9.633351991930832e-06,-0.0346575342465753,4.485717565805385e-07,-0.0347945205479452,2.1482210830387499e-07,-0.034931506849315,7.069600291454794e-06,-0.0342465753424657,2.309050468934699e-07,-0.0341095890410958,4.15749432928304e-07,-0.0339726027397261,1.0612551314222496e-06,-0.0338356164383562,5.525091148126145e-07,-0.0336986301369862,8.752619640595873e-08,1,1,1,1,2
724,34,13:46:15,9,-0.0342465753424657,297580.0,-0.0341780821917808,-0.0342465753424657,4.261431687515116e-08,-0.0343835616438357,2.220977233801203e-06,-0.0345205479452054,9.633351991930832e-06,-0.0346575342465753,4.485717565805385e-07,-0.0347945205479452,2.202924955792474e-07,-0.0341095890410958,4.15749432928304e-07,-0.0339726027397261,1.0612551314222496e-06,-0.0338356164383562,5.525091148126145e-07,-0.0336986301369862,8.752619640595873e-08,-0.0335616438356164,9.299658368133117e-08,1,1,1,1,2
725,34,13:46:18,9,-0.0342465753424657,1073461.0,-0.0341780821917808,-0.0342465753424657,2.406970401163865e-07,-0.0343835616438357,1.6329653055714212e-06,-0.0345205479452054,9.633351991930832e-06,-0.0346575342465753,4.485717565805385e-07,-0.0347945205479452,2.202924955792474e-07,-0.0341095890410958,5.1968679116038e-07,-0.0339726027397261,1.1651924896543256e-06,-0.0338356164383562,5.525091148126145e-07,-0.0336986301369862,8.752619640595873e-08,-0.0335616438356164,9.299658368133117e-08,1,1,1,1,2
726,34,13:46:21,9,-0.0339726027397261,3123086.0,-0.034109589041096,-0.0342465753424657,1.641116182611726e-08,-0.0343835616438357,3.0366119765592305e-07,-0.0345205479452054,9.638822379206203e-06,-0.0346575342465753,4.485717565805385e-07,-0.0347945205479452,2.202924955792474e-07,-0.0339726027397261,9.35436224088684e-07,-0.0338356164383562,5.579795020879869e-07,-0.0336986301369862,8.752619640595873e-08,-0.0335616438356164,9.299658368133117e-08,-0.0334246575342465,4.759236929574006e-07,1,1,1,1,2
727,34,13:46:24,9,-0.0342465753424657,1268853.0,-0.0341780821917808,-0.0342465753424657,2.7351936376862104e-07,-0.0345205479452054,9.253214780165203e-06,-0.0346575342465753,4.485717565805385e-07,-0.0347945205479452,2.202924955792474e-07,-0.034931506849315,7.064129904179422e-06,-0.0341095890410958,2.7351936376862106e-08,-0.0339726027397261,8.916731258857046e-07,-0.0338356164383562,6.126833748417112e-07,-0.0336986301369862,8.752619640595873e-08,-0.0335616438356164,9.299658368133117e-08,1,1,1,1,2
728,34,13:46:27,9,-0.0342465753424657,972903.0,-0.0343150684931505,-0.0343835616438357,1.641116182611726e-08,-0.0345205479452054,9.24774439288983e-06,-0.0346575342465753,4.485717565805385e-07,-0.0347945205479452,2.202924955792474e-07,-0.034931506849315,7.102422615107029e-06,-0.0342465753424657,2.0240432918877963e-07,-0.0341095890410958,3.282232365223452e-08,-0.0339726027397261,8.369692531319804e-07,-0.0338356164383562,6.126833748417112e-07,-0.0336986301369862,8.752619640595873e-08,1,1,1,1,2
729,34,13:46:30,9,-0.0343835616438357,239679.0,-0.0344520547945205,-0.0345205479452054,9.275096329266692e-06,-0.0346575342465753,4.485717565805385e-07,-0.0347945205479452,2.202924955792474e-07,-0.034931506849315,7.102422615107029e-06,-0.0350684931506849,2.286621881105672e-06,-0.0343835616438357,3.8292710927606954e-08,-0.0342465753424657,2.352266528410141e-07,-0.0341095890410958,2.352266528410141e-07,-0.0339726027397261,8.150877040304907e-07,-0.0338356164383562,6.126833748417112e-07,1,1,1,1,2
730,34,13:46:33,9,-0.0343835616438357,253783.0,-0.0344520547945205,-0.0345205479452054,9.275096329266692e-06,-0.0346575342465753,4.485717565805385e-07,-0.0347945205479452,2.476444319561095e-07,-0.034931506849315,7.129774551483891e-06,-0.0350684931506849,2.286621881105672e-06,-0.0343835616438357,1.641116182611726e-08,-0.0342465753424657,9.846697095670357e-08,-0.0341095890410958,2.352266528410141e-07,-0.0339726027397261,8.588508022334701e-07,-0.0338356164383562,3.883974965514419e-07,1,1,1,1,2
731,34,13:46:36,9,-0.0343835616438357,634485.0,-0.0343150684931505,-0.0343835616438357,3.8292710927606954e-08,-0.0345205479452054,9.280566716542066e-06,-0.0346575342465753,4.485717565805385e-07,-0.0347945205479452,2.476444319561095e-07,-0.034931506849315,7.129774551483891e-06,-0.0342465753424657,1.9578516058557894e-07,-0.0341095890410958,3.336936237977177e-07,-0.0339726027397261,8.588508022334701e-07,-0.0338356164383562,1.3128929460893809e-07,-0.0336986301369862,8.752619640595873e-08,1,1,1,1,2
732,34,13:46:39,9,-0.0342465753424657,1197019.0,-0.0341780821917808,-0.0342465753424657,4.607214867191407e-06,-0.0343835616438357,6.509760857693181e-07,-0.0345205479452054,9.3133890401943e-06,-0.0346575342465753,4.485717565805385e-07,-0.0347945205479452,2.476444319561095e-07,-0.0341095890410958,3.336936237977177e-07,-0.0339726027397261,8.643211895088425e-07,-0.0338356164383562,1.3128929460893809e-07,-0.0336986301369862,8.752619640595873e-08,-0.0335616438356164,2.07874716464152e-07,1,1,1,1,2
733,34,13:46:42,9,-0.0342465753424657,133959.0,-0.0341780821917808,-0.0342465753424657,4.678329901771248e-06,-0.0343835616438357,9.682585477409186e-07,-0.0345205479452054,9.3133890401943e-06,-0.0346575342465753,4.485717565805385e-07,-0.0347945205479452,2.476444319561095e-07,-0.0341095890410958,3.5557517289920734e-07,-0.0339726027397261,9.135546749871944e-07,-0.0338356164383562,1.3128929460893809e-07,-0.0336986301369862,8.752619640595873e-08,-0.0335616438356164,2.07874716464152e-07,1,1,1,1,2
734,34,13:46:45,9,-0.0342465753424657,176261.0,-0.0341780821917808,-0.0342465753424657,4.749444936351089e-06,-0.0343835616438357,9.73728935016291e-07,-0.0345205479452054,9.3133890401943e-06,-0.0346575342465753,4.485717565805385e-07,-0.0347945205479452,2.476444319561095e-07,-0.0341095890410958,3.829271092760695e-07,-0.0339726027397261,1.0174920332192704e-06,-0.0338356164383562,1.3128929460893809e-07,-0.0336986301369862,8.752619640595873e-08,-0.0335616438356164,2.07874716464152e-07,1,1,1,1,2
735,34,13:46:48,9,-0.0342465753424657,1120957.0,-0.0341780821917808,-0.0342465753424657,4.224287757915337e-06,-0.0343835616438357,1.6684681189885884e-06,-0.0345205479452054,9.3133890401943e-06,-0.0346575342465753,4.485717565805385e-07,-0.0347945205479452,2.531148192314819e-07,-0.0341095890410958,3.993382711021867e-07,-0.0339726027397261,1.0174920332192704e-06,-0.0338356164383562,1.3128929460893809e-07,-0.0336986301369862,8.752619640595873e-08,-0.0335616438356164,2.07874716464152e-07,1,1,1,1,2
736,34,13:46:51,9,-0.0341095890410958,317260.0,-0.0341780821917808,-0.0342465753424657,4.169583885161613e-06,-0.0343835616438357,1.701290442640823e-06,-0.0345205479452054,9.3133890401943e-06,-0.0346575342465753,4.485717565805385e-07,-0.0347945205479452,2.531148192314819e-07,-0.0341095890410958,3.4463439834846253e-07,-0.0339726027397261,1.1104886169006014e-06,-0.0338356164383562,1.3128929460893809e-07,-0.0336986301369862,8.752619640595873e-08,-0.0335616438356164,1.531708437104278e-07,1,1,1,1,2
737,34,13:46:54,9,-0.0341095890410958,571123.0,-0.0341780821917808,-0.0342465753424657,4.125820786958633e-06,-0.0343835616438357,1.7231719917423126e-06,-0.0345205479452054,9.368092912948024e-06,-0.0346575342465753,4.485717565805385e-07,-0.0347945205479452,2.531148192314819e-07,-0.0341095890410958,1.0940774550744842e-08,-0.0339726027397261,1.1925444260311878e-06,-0.0338356164383562,1.3128929460893809e-07,-0.0336986301369862,8.752619640595873e-08,-0.0335616438356164,1.531708437104278e-07,1,1,1,1,2
738,34,13:46:57,9,-0.0341095890410958,126921.0,-0.0340410958904109,-0.0341095890410958,1.531708437104278e-07,-0.0342465753424657,4.202406208813847e-06,-0.0343835616438357,1.9036947718296024e-06,-0.0345205479452054,9.40091523660026e-06,-0.0346575342465753,4.485717565805385e-07,-0.0339726027397261,1.236307524234167e-06,-0.0338356164383562,1.3128929460893809e-07,-0.0336986301369862,8.752619640595873e-08,-0.0335616438356164,1.531708437104278e-07,-0.0334246575342465,4.759236929574006e-07,1,1,1,1,2
739,34,13:47:00,9,-0.0341095890410958,2009351.0,-0.0340410958904109,-0.0341095890410958,2.07874716464152e-07,-0.0342465753424657,2.955157910028936e-06,-0.0343835616438357,1.9036947718296024e-06,-0.0345205479452054,9.40091523660026e-06,-0.0346575342465753,4.485717565805385e-07,-0.0339726027397261,1.105018229625229e-06,-0.0338356164383562,1.3128929460893809e-07,-0.0336986301369862,8.752619640595873e-08,-0.0335616438356164,1.531708437104278e-07,-0.0334246575342465,4.759236929574006e-07,1,1,1,1,2
740,34,13:47:03,9,-0.0341095890410958,98716.0,-0.0340410958904109,-0.0341095890410958,1.6958200553654506e-07,-0.0342465753424657,2.98798023368117e-06,-0.0343835616438357,1.9036947718296024e-06,-0.0345205479452054,9.455619109353985e-06,-0.0346575342465753,4.485717565805385e-07,-0.0339726027397261,1.1159590041759738e-06,-0.0338356164383562,2.297562655656417e-07,-0.0336986301369862,8.752619640595873e-08,-0.0335616438356164,1.531708437104278e-07,-0.0334246575342465,4.759236929574006e-07,1,1,1,1,2
741,34,13:47:06,9,-0.0342465753424657,1135119.0,-0.0341780821917808,-0.0342465753424657,2.506586153448397e-06,-0.0343835616438357,1.9091651591049747e-06,-0.0345205479452054,9.482971045730846e-06,-0.0346575342465753,4.485717565805385e-07,-0.0347945205479452,2.695259810575992e-07,-0.0341095890410958,8.260284785812356e-07,-0.0339726027397261,1.0886070677991118e-06,-0.0338356164383562,2.297562655656417e-07,-0.0336986301369862,8.752619640595873e-08,-0.0335616438356164,1.586412309858002e-07,1,1,1,1,2
742,34,13:47:09,9,-0.0342465753424657,317271.0,-0.0341780821917808,-0.0342465753424657,2.408119182491693e-06,-0.0343835616438357,1.9146355463803477e-06,-0.0345205479452054,9.482971045730846e-06,-0.0346575342465753,4.485717565805385e-07,-0.0347945205479452,2.695259810575992e-07,-0.0341095890410958,9.026139004364496e-07,-0.0339726027397261,1.143310940552836e-06,-0.0338356164383562,2.297562655656417e-07,-0.0336986301369862,8.752619640595873e-08,-0.0335616438356164,1.586412309858002e-07,1,1,1,2,2
743,34,13:47:12,9,-0.0341095890410958,2122373.0,-0.0340410958904109,-0.0341095890410958,2.1881549101489683e-08,-0.0342465753424657,2.1291294314477e-06,-0.0343835616438357,1.9146355463803477e-06,-0.0345205479452054,9.4720302711801e-06,-0.0346575342465753,4.595125311312834e-07,-0.0339726027397261,6.564464730446905e-07,-0.0338356164383562,2.297562655656417e-07,-0.0336986301369862,8.752619640595873e-08,-0.0335616438356164,1.586412309858002e-07,-0.0334246575342465,4.759236929574006e-07,1,1,1,2,2
744,34,13:47:15,9,-0.0339726027397261,246796.0,-0.0340410958904109,-0.0341095890410958,5.470387275372421e-09,-0.0342465753424657,2.167422142375307e-06,-0.0343835616438357,1.92010593365572e-06,-0.0345205479452054,9.499382207556962e-06,-0.0346575342465753,4.595125311312834e-07,-0.0339726027397261,5.908018257402214e-07,-0.0338356164383562,2.297562655656417e-07,-0.0336986301369862,8.752619640595873e-08,-0.0335616438356164,1.586412309858002e-07,-0.0334246575342465,4.759236929574006e-07,1,1,1,2,2
745,34,13:47:18,9,-0.0339726027397261,951820.0,-0.0340410958904109,-0.0341095890410958,4.9233485478351786e-08,-0.0342465753424657,1.7462023221716303e-06,-0.0343835616438357,1.92010593365572e-06,-0.0345205479452054,9.499382207556962e-06,-0.0346575342465753,4.595125311312834e-07,-0.0339726027397261,4.15749432928304e-07,-0.0338356164383562,2.5710820194250377e-07,-0.0336986301369862,8.752619640595873e-08,-0.0335616438356164,1.586412309858002e-07,-0.0334246575342465,4.759236929574006e-07,1,1,1,2,2
746,34,13:47:21,9,-0.0339726027397261,303187.0,-0.034109589041096,-0.0342465753424657,1.8391989058529616e-06,-0.0343835616438357,1.92010593365572e-06,-0.0345205479452054,9.504852594832334e-06,-0.0346575342465753,4.595125311312834e-07,-0.0347945205479452,2.421740446807371e-07,-0.0339726027397261,3.610455601745798e-07,-0.0338356164383562,3.610455601745798e-07,-0.0336986301369862,8.752619640595873e-08,-0.0335616438356164,1.586412309858002e-07,-0.0334246575342465,4.759236929574006e-07,1,1,1,2,2
747,34,13:47:24,9,-0.0339726027397261,28207.0,-0.0340410958904109,-0.0341095890410958,2.1881549101489683e-08,-0.0342465753424657,1.9267251022589205e-06,-0.0343835616438357,1.92010593365572e-06,-0.0345205479452054,9.504852594832334e-06,-0.0346575342465753,4.595125311312834e-07,-0.0339726027397261,3.883974965514419e-07,-0.0338356164383562,3.610455601745798e-07,-0.0336986301369862,8.752619640595873e-08,-0.0335616438356164,1.586412309858002e-07,-0.0334246575342465,5.360979529864973e-07,1,1,1,2,2
748,34,13:47:27,9,-0.0341095890410958,451249.0,-0.0340410958904109,-0.0341095890410958,1.0940774550744842e-08,-0.0342465753424657,1.817317356751472e-06,-0.0343835616438357,1.37853759339385e-06,-0.0345205479452054,9.526734143933825e-06,-0.0346575342465753,4.595125311312834e-07,-0.0339726027397261,3.008713001454831e-07,-0.0338356164383562,4.540421438559109e-07,-0.0336986301369862,8.752619640595873e-08,-0.0335616438356164,1.586412309858002e-07,-0.0334246575342465,5.360979529864973e-07,1,1,1,2,2
749,34,13:47:30,9,-0.0339726027397261,817925.0,-0.0340410958904109,-0.0341095890410958,2.4616742739175896e-07,-0.0342465753424657,1.7352615476208856e-06,-0.0343835616438357,1.37853759339385e-06,-0.0345205479452054,9.625201114890527e-06,-0.0346575342465753,4.595125311312834e-07,-0.0339726027397261,1.531708437104278e-07,-0.0338356164383562,4.540421438559109e-07,-0.0336986301369862,8.752619640595873e-08,-0.0335616438356164,1.586412309858002e-07,-0.0334246575342465,5.360979529864973e-07,1,1,1,2,2
750,34,13:47:33,9,-0.0341095890410958,190400.0,-0.0340410958904109,-0.0341095890410958,2.954009128701107e-07,-0.0342465753424657,2.0033105241141343e-06,-0.0343835616438357,1.37853759339385e-06,-0.0345205479452054,9.65255305126739e-06,-0.0346575342465753,4.595125311312834e-07,-0.0339726027397261,8.205580913058631e-08,-0.0338356164383562,7.822653803782562e-07,-0.0336986301369862,8.752619640595873e-08,-0.0335616438356164,1.586412309858002e-07,-0.0334246575342465,5.360979529864973e-07,1,1,1,2,2
751,34,13:47:36,9,-0.0338356164383562,1537170.0,-0.033904109589041,-0.0339726027397261,5.634498893633593e-07,-0.0341095890410958,5.470387275372421e-09,-0.0342465753424657,1.7297911603455133e-06,-0.0343835616438357,1.3894783679445948e-06,-0.0345205479452054,9.65255305126739e-06,-0.0338356164383562,7.713246058275113e-07,-0.0336986301369862,8.752619640595873e-08,-0.0335616438356164,1.586412309858002e-07,-0.0334246575342465,5.360979529864973e-07,-0.0332876712328767,5.125752877023959e-06,1,0,1,2,2
752,34,13:47:39,9,-0.0339726027397261,1248152.0,-0.0341780821917808,-0.0342465753424657,1.5602091548089682e-06,-0.0343835616438357,1.3894783679445948e-06,-0.0345205479452054,9.679904987644251e-06,-0.0346575342465753,4.704533056820282e-07,-0.0347945205479452,2.421740446807371e-07,-0.0341095890410958,1.03937358232076e-07,-0.0338356164383562,8.314988658566079e-07,-0.0336986301369862,1.2034852005819325e-07,-0.0335616438356164,1.586412309858002e-07,-0.0334246575342465,5.360979529864973e-07,1,1,1,2,2
753,34,13:47:42,9,-0.0341095890410958,84612.0,-0.0341780821917808,-0.0342465753424657,1.5766203166350857e-06,-0.0343835616438357,1.3894783679445948e-06,-0.0345205479452054,9.679904987644251e-06,-0.0346575342465753,4.704533056820282e-07,-0.0347945205479452,1.8747017192701285e-07,-0.0341095890410958,1.0940774550744841e-07,-0.0339726027397261,9.846697095670357e-08,-0.0338356164383562,1.6739385062639608e-06,-0.0336986301369862,1.2034852005819325e-07,-0.0335616438356164,1.586412309858002e-07,1,1,1,2,2
754,34,13:47:45,9,-0.0338356164383562,803954.0,-0.033904109589041,-0.0339726027397261,8.205580913058631e-08,-0.0342465753424657,1.5766203166350857e-06,-0.0343835616438357,1.3894783679445948e-06,-0.0345205479452054,9.679904987644251e-06,-0.0346575342465753,4.704533056820282e-07,-0.0338356164383562,1.3675968188431052e-06,-0.0336986301369862,1.2034852005819325e-07,-0.0335616438356164,1.586412309858002e-07,-0.0334246575342465,5.360979529864973e-07,-0.0332876712328767,5.125752877023959e-06,1,0,1,2,2
755,34,13:47:48,9,-0.0339726027397261,317344.0,-0.0339726027397259,-0.0341095890410958,8.150877040304907e-07,-0.0342465753424657,1.5820907039104578e-06,-0.0343835616438357,1.531708437104278e-06,-0.0345205479452054,9.679904987644251e-06,-0.0346575342465753,4.704533056820282e-07,-0.0338356164383562,2.051395228264658e-06,-0.0336986301369862,1.2034852005819325e-07,-0.0335616438356164,1.586412309858002e-07,-0.0334246575342465,5.360979529864973e-07,-0.0332876712328767,5.125752877023959e-06,1,1,1,2,2
756,34,13:47:51,9,-0.0338356164383562,726616.0,-0.033904109589041,-0.0339726027397261,1.0940774550744842e-08,-0.0341095890410958,5.139975883939926e-07,-0.0342465753424657,1.6203834148380647e-06,-0.0343835616438357,1.531708437104278e-06,-0.0345205479452054,9.679904987644251e-06,-0.0338356164383562,1.8763428354527404e-06,-0.0336986301369862,1.2034852005819325e-07,-0.0335616438356164,1.586412309858002e-07,-0.0334246575342465,5.360979529864973e-07,-0.0332876712328767,5.125752877023959e-06,0,1,1,2,2
757,34,13:47:54,9,-0.0341095890410958,571215.0,-0.0339726027397259,-0.0341095890410958,3.334748083067028e-07,-0.0342465753424657,1.6641465130410442e-06,-0.0343835616438357,1.6465865698870986e-06,-0.0345205479452054,9.679904987644251e-06,-0.0346575342465753,4.759236929574006e-07,-0.0338356164383562,1.6575273444378435e-06,-0.0336986301369862,2.1881549101489682e-07,-0.0335616438356164,1.586412309858002e-07,-0.0334246575342465,5.360979529864973e-07,-0.0332876712328767,5.125752877023959e-06,1,1,1,2,2
758,34,13:47:57,9,-0.0341095890410958,669573.0,-0.0341780821917808,-0.0342465753424657,1.6532057384902993e-06,-0.0343835616438357,1.6465865698870986e-06,-0.0345205479452054,9.625201114890527e-06,-0.0346575342465753,4.759236929574006e-07,-0.0347945205479452,1.8747017192701285e-07,-0.0341095890410958,2.844601383193659e-07,-0.0339726027397261,2.1881549101489684e-10,-0.0338356164383562,1.9146355463803477e-06,-0.0336986301369862,2.4616742739175896e-07,-0.0335616438356164,1.586412309858002e-07,1,1,1,2,2
759,34,13:48:00,9,-0.0343835616438357,4774933.0,-0.0343150684931505,-0.0343835616438357,1.6411161826117262e-06,-0.0345205479452054,9.625201114890527e-06,-0.0346575342465753,4.759236929574006e-07,-0.0347945205479452,1.8747017192701285e-07,-0.034931506849315,7.129774551483891e-06,-0.0342465753424657,3.364288174354039e-06,-0.0341095890410958,3.282232365223453e-07,-0.0339726027397261,1.03937358232076e-07,-0.0338356164383562,7.321019290630911e-07,-0.0336986301369862,2.4616742739175896e-07,1,1,1,2,2
760,34,13:48:03,9,-0.0343835616438357,3545554.0,-0.0344520547945205,-0.0345205479452054,8.842935734512273e-06,-0.0346575342465753,4.759236929574006e-07,-0.0347945205479452,1.8747017192701285e-07,-0.034931506849315,7.129774551483891e-06,-0.0350684931506849,2.3467961411347684e-06,-0.0343835616438357,2.264740332004182e-06,-0.0342465753424657,2.2702107192795547e-06,-0.0341095890410958,5.360979529864973e-07,-0.0339726027397261,1.03937358232076e-07,-0.0338356164383562,7.321019290630911e-07,1,1,1,2,2
761,34,13:48:06,9,-0.0343835616438357,4377065.0,-0.0344520547945205,-0.0345205479452054,6.8735963153782e-06,-0.0346575342465753,4.759236929574006e-07,-0.0347945205479452,1.8747017192701285e-07,-0.034931506849315,7.157126487860753e-06,-0.0350684931506849,2.3632073029608857e-06,-0.0343835616438357,1.0174920332192704e-06,-0.0342465753424657,1.985750580960189e-06,-0.0341095890410958,4.704533056820282e-07,-0.0339726027397261,1.3128929460893809e-07,-0.0338356164383562,7.321019290630911e-07,1,1,2,2,2
762,34,13:48:09,9,-0.0343835616438357,3213958.0,-0.0344520547945205,-0.0345205479452054,4.81673069983817e-06,-0.0346575342465753,4.759236929574006e-07,-0.0347945205479452,1.8747017192701285e-07,-0.034931506849315,7.157126487860753e-06,-0.0350684931506849,2.3632073029608857e-06,-0.0343835616438357,8.697915767842149e-07,-0.0342465753424657,2.0896879391922647e-06,-0.0341095890410958,4.704533056820282e-07,-0.0339726027397261,1.3128929460893809e-07,-0.0338356164383562,7.868058018168153e-07,1,1,2,2,2
763,34,13:48:12,9,-0.0343835616438357,634494.0,-0.0344520547945205,-0.0345205479452054,4.499338830121062e-06,-0.0346575342465753,4.759236929574006e-07,-0.0347945205479452,1.8747017192701285e-07,-0.034931506849315,7.157126487860753e-06,-0.0350684931506849,2.3632073029608857e-06,-0.0343835616438357,6.892687966969251e-07,-0.0342465753424657,1.274600235161774e-06,-0.0341095890410958,4.704533056820282e-07,-0.0339726027397261,1.3128929460893809e-07,-0.0338356164383562,7.922761890921877e-07,1,1,2,2,2
764,34,13:48:15,9,-0.0343835616438357,972632.0,-0.0344520547945205,-0.0345205479452054,3.842892357076372e-06,-0.0346575342465753,4.759236929574006e-07,-0.0347945205479452,1.8747017192701285e-07,-0.034931506849315,7.168067262411498e-06,-0.0350684931506849,2.3632073029608857e-06,-0.0343835616438357,7.27561507624532e-07,-0.0342465753424657,1.274600235161774e-06,-0.0341095890410958,4.704533056820282e-07,-0.0339726027397261,1.4223006915968298e-07,-0.0338356164383562,7.922761890921877e-07,1,1,2,2,2
765,34,13:48:18,9,-0.0345205479452054,507479.0,-0.0344520547945205,-0.0345205479452054,3.574843380583123e-06,-0.0346575342465753,4.81394080232773e-07,-0.0347945205479452,1.984109464777577e-07,-0.034931506849315,7.184478424237615e-06,-0.0350684931506849,2.3632073029608857e-06,-0.0343835616438357,6.400353112185732e-07,-0.0342465753424657,1.482474951625926e-06,-0.0341095890410958,5.525091148126145e-07,-0.0339726027397261,1.4223006915968298e-07,-0.0338356164383562,7.922761890921877e-07,1,1,2,2,2
766,34,13:48:21,9,-0.0342465753424657,3235769.0,-0.0341780821917808,-0.0342465753424657,3.194706168817493e-06,-0.0343835616438357,8.205580913058631e-08,-0.0345205479452054,3.4326133114234403e-06,-0.0346575342465753,4.923348547835179e-07,-0.0347945205479452,2.257628828546198e-07,-0.0341095890410958,5.1968679116038e-07,-0.0339726027397261,1.3128929460893809e-07,-0.0338356164383562,8.08687350918305e-07,-0.0336986301369862,8.752619640595873e-08,-0.0335616438356164,1.586412309858002e-07,1,1,2,2,2
767,34,13:48:24,9,-0.0342465753424657,2263082.0,-0.0341780821917808,-0.0342465753424657,1.6794088935393331e-06,-0.0343835616438357,2.406970401163865e-07,-0.0345205479452054,3.438083698698813e-06,-0.0346575342465753,5.032756293342627e-07,-0.0347945205479452,2.257628828546198e-07,-0.0341095890410958,3.883974965514419e-07,-0.0339726027397261,1.3128929460893809e-07,-0.0338356164383562,8.08687350918305e-07,-0.0336986301369862,8.752619640595873e-08,-0.0335616438356164,1.586412309858002e-07,1,1,2,2,2
768,34,13:48:27,9,-0.0341095890410958,930619.0,-0.0341780821917808,-0.0342465753424657,1.0831366805237392e-06,-0.0343835616438357,2.6257858921787617e-07,-0.0345205479452054,3.4709060223510474e-06,-0.0346575342465753,5.032756293342627e-07,-0.0347945205479452,2.80466755608344e-07,-0.0341095890410958,2.954009128701107e-07,-0.0339726027397261,1.3128929460893809e-07,-0.0338356164383562,8.08687350918305e-07,-0.0336986301369862,8.752619640595873e-08,-0.0335616438356164,1.586412309858002e-07,1,1,2,2,2
769,34,13:48:30,9,-0.0341095890410958,712055.0,-0.0341780821917808,-0.0342465753424657,6.017426002909662e-07,-0.0343835616438357,3.172824619716004e-07,-0.0345205479452054,3.8100700334241375e-06,-0.0346575342465753,5.032756293342627e-07,-0.0347945205479452,2.80466755608344e-07,-0.0341095890410958,2.899305255947383e-07,-0.0339726027397261,1.4223006915968298e-07,-0.0338356164383562,8.08687350918305e-07,-0.0336986301369862,8.752619640595873e-08,-0.0335616438356164,1.586412309858002e-07,1,1,2,2,2
770,34,13:48:33,9,-0.0342465753424657,641569.0,-0.0341780821917808,-0.0342465753424657,2.1881549101489682e-07,-0.0343835616438357,9.080842877118218e-07,-0.0345205479452054,3.81554042069951e-06,-0.0346575342465753,5.032756293342627e-07,-0.0347945205479452,2.80466755608344e-07,-0.0341095890410958,2.352266528410141e-07,-0.0339726027397261,2.352266528410141e-07,-0.0338356164383562,8.08687350918305e-07,-0.0336986301369862,8.752619640595873e-08,-0.0335616438356164,1.586412309858002e-07,1,2,2,2,2
771,34,13:48:36,9,-0.0342465753424657,486456.0,-0.0342465753424657,-0.0343835616438357,8.697915767842149e-07,-0.0345205479452054,3.782718097047275e-06,-0.0346575342465753,5.032756293342627e-07,-0.0347945205479452,2.80466755608344e-07,-0.034931506849315,7.189948811512987e-06,-0.0341095890410958,2.899305255947383e-07,-0.0339726027397261,3.336936237977177e-07,-0.0338356164383562,8.08687350918305e-07,-0.0336986301369862,8.752619640595873e-08,-0.0335616438356164,1.586412309858002e-07,1,2,2,2,2
772,34,13:48:39,9,-0.0343835616438357,451169.0,-0.0343150684931505,-0.0343835616438357,8.041469294797458e-07,-0.0345205479452054,3.799129258873392e-06,-0.0346575342465753,5.032756293342627e-07,-0.0347945205479452,5.156934084493581e-07,-0.034931506849315,7.189948811512987e-06,-0.0342465753424657,1.531708437104278e-07,-0.0341095890410958,2.4616742739175896e-07,-0.0339726027397261,5.415683402618696e-07,-0.0338356164383562,8.08687350918305e-07,-0.0336986301369862,8.752619640595873e-08,1,2,2,2,2
773,34,13:48:42,9,-0.0342465753424657,310212.0,-0.0341780821917808,-0.0342465753424657,4.2669020747904883e-07,-0.0343835616438357,8.369692531319804e-07,-0.0345205479452054,3.777247709771903e-06,-0.0346575342465753,5.032756293342627e-07,-0.0347945205479452,5.156934084493581e-07,-0.0341095890410958,2.7351936376862104e-07,-0.0339726027397261,5.470387275372421e-07,-0.0338356164383562,8.08687350918305e-07,-0.0336986301369862,8.752619640595873e-08,-0.0335616438356164,3.2275284924697285e-07,1,2,2,2,2
774,34,13:48:45,9,-0.0342465753424657,437120.0,-0.0341780821917808,-0.0342465753424657,4.3763098202979364e-07,-0.0343835616438357,7.822653803782562e-07,-0.0345205479452054,3.777247709771903e-06,-0.0346575342465753,5.032756293342627e-07,-0.0347945205479452,5.156934084493581e-07,-0.0341095890410958,1.9693394191340717e-07,-0.0339726027397261,5.743906639141042e-07,-0.0338356164383562,8.08687350918305e-07,-0.0336986301369862,8.752619640595873e-08,-0.0335616438356164,3.2275284924697285e-07,1,2,2,2,2
775,34,13:48:48,9,-0.0341095890410958,1170333.0,-0.0341780821917808,-0.0342465753424657,3.5721628908181908e-06,-0.0343835616438357,7.767949931028838e-07,-0.0345205479452054,3.7608365479457857e-06,-0.0346575342465753,5.032756293342627e-07,-0.0347945205479452,5.156934084493581e-07,-0.0341095890410958,1.641116182611726e-08,-0.0339726027397261,6.783280221461801e-07,-0.0338356164383562,1.586412309858002e-07,-0.0336986301369862,8.752619640595873e-08,-0.0335616438356164,3.2275284924697285e-07,2,2,2,2,2
776,34,13:48:51,9,-0.0342465753424657,225636.0,-0.034109589041096,-0.0342465753424657,3.621396376296543e-06,-0.0343835616438357,7.603838312767665e-07,-0.0345205479452054,3.777247709771903e-06,-0.0346575342465753,5.032756293342627e-07,-0.0347945205479452,5.430453448262202e-07,-0.0339726027397261,7.111503457984147e-07,-0.0338356164383562,1.586412309858002e-07,-0.0336986301369862,8.752619640595873e-08,-0.0335616438356164,3.2275284924697285e-07,-0.0334246575342465,4.595125311312834e-07,2,2,2,2,2
777,34,13:48:54,9,-0.0341095890410958,49353.0,-0.0340410958904109,-0.0341095890410958,1.641116182611726e-08,-0.0342465753424657,3.922267676442026e-06,-0.0343835616438357,7.65854218552139e-07,-0.0345205479452054,3.788188484322648e-06,-0.0346575342465753,5.032756293342627e-07,-0.0339726027397261,8.588508022334701e-07,-0.0338356164383562,1.586412309858002e-07,-0.0336986301369862,8.752619640595873e-08,-0.0335616438356164,3.2275284924697285e-07,-0.0334246575342465,4.595125311312834e-07,2,2,2,2,2
778,34,13:48:57,9,-0.0339726027397261,860324.0,-0.0340410958904109,-0.0341095890410958,3.282232365223452e-08,-0.0342465753424657,4.195787040210647e-06,-0.0343835616438357,7.65854218552139e-07,-0.0345205479452054,3.7608365479457857e-06,-0.0346575342465753,5.032756293342627e-07,-0.0339726027397261,3.008713001454831e-07,-0.0338356164383562,1.6411161826117265e-07,-0.0336986301369862,8.752619640595873e-08,-0.0335616438356164,3.2275284924697285e-07,-0.0334246575342465,4.595125311312834e-07,2,2,2,2,2
779,34,13:49:00,9,-0.0342465753424657,1854736.0,-0.0338356164383562,-0.0341095890410958,2.7351936376862106e-08,-0.0342465753424657,4.513069502182247e-06,-0.0343835616438357,7.65854218552139e-07,-0.0345205479452054,3.7608365479457857e-06,-0.0346575342465753,5.032756293342627e-07,-0.0335616438356164,2.899305255947383e-07,-0.0334246575342465,4.595125311312834e-07,-0.0332876712328767,4.961641258762786e-06,-0.0331506849315068,1.0940774550744841e-07,-0.0330136986301369,2.7351936376862106e-08,2,2,2,2,2
780,34,13:49:03,9,-0.0334246575342465,514970.0,-0.0335616438356163,-0.0336986301369862,2.7898975104399344e-07,-0.0339726027397261,3.282232365223452e-08,-0.0341095890410958,7.65854218552139e-08,-0.0342465753424657,4.179375878384529e-06,-0.0343835616438357,7.713246058275113e-07,-0.0334246575342465,4.15749432928304e-07,-0.0332876712328767,4.961641258762786e-06,-0.0331506849315068,1.0940774550744841e-07,-0.0330136986301369,2.7351936376862106e-08,-0.0328767123287672,1.0886070677991118e-06,2,2,2,2,2
781,34,13:49:06,9,-0.0332876712328767,3493077.0,-0.0333561643835617,-0.0334246575342465,9.463769986394288e-07,-0.0335616438356164,2.7898975104399344e-07,-0.0336986301369862,4.649829184066558e-07,-0.0339726027397261,3.172824619716004e-07,-0.0341095890410958,5.306275657111248e-07,-0.0332876712328767,3.0579464869331832e-06,-0.0331506849315068,1.0940774550744841e-07,-0.0330136986301369,2.7351936376862106e-08,-0.0328767123287672,1.0886070677991118e-06,-0.0326027397260273,1.6411161826117262e-06,2,2,2,2,2
782,34,13:49:09,9,-0.0328767123287672,5187301.0,-0.033082191780822,-0.0332876712328767,2.4233815629899822e-06,-0.0334246575342465,1.132370166002091e-06,-0.0335616438356164,2.954009128701107e-07,-0.0336986301369862,2.7898975104399344e-07,-0.0339726027397261,4.9233485478351786e-08,-0.0328767123287672,3.829271092760695e-07,-0.0326027397260273,1.6411161826117262e-06,-0.0324657534246576,3.282232365223452e-08,-0.0323287671232876,3.938678838268143e-07,-0.0321917808219177,2.811779059541424e-06,2,2,2,2,2
783,34,13:49:12,9,-0.0328767123287672,2541984.0,-0.0327397260273972,-0.0328767123287672,2.1881549101489683e-08,-0.0331506849315068,6.345649239432008e-07,-0.0332876712328767,3.555751728992073e-06,-0.0334246575342465,5.142164038850075e-07,-0.0335616438356164,3.11812074696228e-07,-0.0326027397260273,4.540421438559109e-07,-0.0324657534246576,3.282232365223452e-08,-0.0323287671232876,3.938678838268143e-07,-0.0321917808219177,2.811779059541424e-06,-0.032054794520548,3.665159474499522e-07,2,2,2,2,2
784,34,13:49:15,9,-0.0321917808219177,1617326.0,-0.0323287671232876,-0.0324657534246576,2.7898975104399344e-07,-0.0326027397260273,7.877357676536286e-07,-0.0328767123287672,1.7778758644960367e-06,-0.0331506849315068,5.470387275372421e-07,-0.0332876712328767,1.635645795336354e-06,-0.0321917808219177,2.7133120885847205e-06,-0.032054794520548,3.665159474499522e-07,-0.0319178082191781,6.017426002909662e-08,-0.0317808219178081,5.470387275372421e-07,-0.0316438356164383,1.3675968188431052e-07,2,2,2,2,2
785,34,13:49:18,9,-0.0321917808219177,3709067.0,-0.0321232876712328,-0.0321917808219177,9.846697095670357e-08,-0.0324657534246576,3.665159474499522e-07,-0.0326027397260273,1.482474951625926e-06,-0.0328767123287672,1.0174920332192704e-06,-0.0331506849315068,5.470387275372421e-07,-0.032054794520548,3.938678838268143e-07,-0.0319178082191781,6.017426002909662e-08,-0.0317808219178081,5.470387275372421e-07,-0.0316438356164383,1.3675968188431052e-07,-0.0315068493150684,3.402580885281646e-06,2,2,2,2,2
786,34,13:49:21,9,-0.032054794520548,2522837.0,-0.0317808219178081,-0.032054794520548,2.7351936376862104e-07,-0.0321917808219177,9.190250622625668e-07,-0.0323287671232876,5.470387275372421e-08,-0.0324657534246576,3.11812074696228e-07,-0.0326027397260273,1.0448439695961323e-06,-0.0315068493150684,3.2986435270495697e-06,-0.0313698630136987,4.102790456529316e-07,-0.0310958904109588,4.3763098202979367e-08,-0.0309589041095891,3.8292710927606954e-08,-0.0308219178082191,2.5492004703235483e-06,1,2,2,2,2
787,34,13:49:24,9,-0.0315068493150684,699866.0,-0.0316438356164383,-0.0317808219178081,9.299658368133117e-08,-0.0319178082191781,2.7898975104399344e-07,-0.032054794520548,8.260284785812356e-07,-0.0321917808219177,8.314988658566079e-07,-0.0323287671232876,5.470387275372421e-08,-0.0315068493150684,2.9321275795996176e-06,-0.0313698630136987,4.102790456529316e-07,-0.0310958904109588,4.3763098202979367e-08,-0.0309589041095891,3.8292710927606954e-08,-0.0308219178082191,2.494496597569824e-06,1,2,2,2,2
788,34,13:49:27,9,-0.0317808219178081,1767364.0,-0.0317123287671232,-0.0319178082191781,1.9693394191340717e-07,-0.032054794520548,1.0721959059729943e-06,-0.0321917808219177,5.798610511894766e-07,-0.0323287671232876,5.470387275372421e-08,-0.0324657534246576,1.2581890733356568e-07,-0.0315068493150684,1.8544612863512507e-06,-0.0313698630136987,4.431013693051661e-07,-0.0310958904109588,4.3763098202979367e-08,-0.0309589041095891,3.8292710927606954e-08,-0.0308219178082191,2.494496597569824e-06,1,2,2,2,2
789,34,13:49:30,9,-0.0315068493150684,798901.0,-0.0315753424657535,-0.0316438356164383,5.470387275372421e-09,-0.0317808219178081,2.1881549101489683e-08,-0.0319178082191781,4.2669020747904883e-07,-0.032054794520548,3.11812074696228e-07,-0.0321917808219177,4.704533056820282e-07,-0.0315068493150684,1.2581890733356569e-06,-0.0313698630136987,4.431013693051661e-07,-0.0310958904109588,4.3763098202979367e-08,-0.0309589041095891,3.8292710927606954e-08,-0.0308219178082191,2.494496597569824e-06,1,2,2,2,2
790,34,13:49:33,9,-0.0316438356164383,2064500.0,-0.0315068493150686,-0.0316438356164383,5.470387275372421e-09,-0.0317808219178081,2.7351936376862106e-08,-0.0319178082191781,4.3216059475442123e-07,-0.032054794520548,3.2275284924697285e-07,-0.0321917808219177,3.665159474499522e-07,-0.0313698630136987,1.0940774550744841e-07,-0.0310958904109588,4.3763098202979367e-08,-0.0309589041095891,3.8292710927606954e-08,-0.0308219178082191,2.494496597569824e-06,-0.0306849315068492,3.282232365223452e-08,1,2,2,2,2
791,34,13:49:36,9,-0.0315068493150684,98992.0,-0.0314383561643836,-0.0315068493150684,7.877357676536286e-07,-0.0316438356164383,5.470387275372421e-09,-0.0317808219178081,5.470387275372421e-08,-0.0319178082191781,4.3216059475442123e-07,-0.032054794520548,3.008713001454831e-07,-0.0313698630136987,4.3763098202979367e-08,-0.0310958904109588,4.3763098202979367e-08,-0.0309589041095891,3.8292710927606954e-08,-0.0308219178082191,2.494496597569824e-06,-0.0306849315068492,3.282232365223452e-08,2,2,2,2,2
792,34,13:49:39,9,-0.0313698630136987,212124.0,-0.0313013698630136,-0.0313698630136987,3.391640110730901e-07,-0.0315068493150684,7.877357676536286e-07,-0.0317808219178081,5.470387275372421e-08,-0.0319178082191781,2.6257858921787617e-07,-0.032054794520548,1.9966913555109336e-06,-0.0312328767123287,9.299658368133117e-08,-0.0310958904109588,4.3763098202979367e-08,-0.0309589041095891,3.8292710927606954e-08,-0.0308219178082191,2.494496597569824e-06,-0.0306849315068492,3.282232365223452e-08,1,2,2,2,2
793,34,13:49:42,9,-0.0313698630136987,176794.0,-0.0313013698630136,-0.0313698630136987,2.3686776902362583e-06,-0.0315068493150684,1.1104886169006014e-06,-0.0317808219178081,2.7351936376862106e-08,-0.0319178082191781,2.1881549101489683e-08,-0.032054794520548,1.9966913555109336e-06,-0.0312328767123287,4.3763098202979367e-08,-0.0310958904109588,9.299658368133117e-08,-0.0309589041095891,3.8292710927606954e-08,-0.0308219178082191,2.494496597569824e-06,-0.0306849315068492,3.282232365223452e-08,1,2,2,2,2
794,34,13:49:45,9,-0.0308219178082191,1648366.0,-0.0311643835616438,-0.0312328767123287,5.470387275372421e-09,-0.0313698630136987,2.199095684699713e-06,-0.0315068493150684,1.5973530844087468e-06,-0.0317808219178081,2.7351936376862106e-08,-0.0319178082191781,4.9233485478351786e-08,-0.0310958904109588,1.03937358232076e-07,-0.0308219178082191,1.4387118534229466e-06,-0.0306849315068492,3.282232365223452e-08,-0.0305479452054795,2.7898975104399344e-07,-0.0304109589041096,2.926657192324245e-06,1,2,2,2,1
795,34,13:49:48,9,-0.0309589041095891,304166.0,-0.031095890410959,-0.0312328767123287,1.821638962699016e-06,-0.0313698630136987,9.026139004364496e-07,-0.0315068493150684,1.6192346335102366e-06,-0.0317808219178081,2.7351936376862106e-08,-0.0319178082191781,4.9233485478351786e-08,-0.0309589041095891,1.531708437104278e-07,-0.0308219178082191,2.653137828555624e-06,-0.0306849315068492,3.282232365223452e-08,-0.0305479452054795,2.7898975104399344e-07,-0.0304109589041096,2.926657192324245e-06,1,2,2,2,1
796,34,13:49:51,9,-0.0309589041095891,1407594.0,-0.0308904109589041,-0.0309589041095891,1.0940774550744841e-07,-0.0310958904109588,3.938678838268143e-07,-0.0312328767123287,1.887283610003485e-06,-0.0313698630136987,9.35436224088684e-07,-0.0315068493150684,1.1487813278282083e-06,-0.0308219178082191,2.5492004703235483e-06,-0.0306849315068492,3.282232365223452e-08,-0.0305479452054795,2.7898975104399344e-07,-0.0304109589041096,2.926657192324245e-06,-0.0302739726027396,5.798610511894766e-07,1,2,2,2,1
797,34,13:49:54,9,-0.0308219178082191,1931475.0,-0.0308904109589041,-0.0309589041095891,3.993382711021867e-07,-0.0310958904109588,3.008713001454831e-07,-0.0312328767123287,1.8271093499743888e-06,-0.0313698630136987,8.096173167551183e-07,-0.0315068493150684,1.143310940552836e-06,-0.0308219178082191,1.0557847441468773e-06,-0.0306849315068492,1.3128929460893809e-07,-0.0305479452054795,2.7898975104399344e-07,-0.0304109589041096,2.926657192324245e-06,-0.0302739726027396,5.798610511894766e-07,1,2,2,2,1
798,34,13:49:57,9,-0.0308219178082191,1195663.0,-0.0308904109589041,-0.0309589041095891,6.017426002909662e-07,-0.0310958904109588,2.680489764932487e-07,-0.0312328767123287,1.7997574135975264e-06,-0.0313698630136987,7.54913444001394e-07,-0.0315068493150684,1.1487813278282083e-06,-0.0308219178082191,1.9693394191340717e-07,-0.0306849315068492,1.2581890733356568e-07,-0.0305479452054795,2.7898975104399344e-07,-0.0304109589041096,2.926657192324245e-06,-0.0302739726027396,5.798610511894766e-07,2,2,2,2,1
799,34,13:50:00,9,-0.0308219178082191,551895.0,-0.0306849315068494,-0.0308219178082191,6.444116210388712e-06,-0.0309589041095891,4.3763098202979364e-07,-0.0310958904109588,2.7351936376862106e-08,-0.0312328767123287,1.794287026322154e-06,-0.0313698630136987,7.822653803782562e-07,-0.0305479452054795,2.2428587829026925e-07,-0.0304109589041096,2.926657192324245e-06,-0.0302739726027396,5.798610511894766e-07,-0.0301369863013698,5.557913471778379e-06,-0.0298630136986302,8.205580913058631e-08,1,2,2,2,1
800,34,13:50:03,9,-0.0305479452054795,226460.0,-0.0306164383561643,-0.0306849315068492,1.2308371369587949e-06,-0.0308219178082191,6.2088895575476975e-06,-0.0309589041095891,6.23624149392456e-07,-0.0310958904109588,2.7351936376862106e-08,-0.0312328767123287,1.794287026322154e-06,-0.0305479452054795,1.3128929460893809e-07,-0.0304109589041096,3.041535325107066e-06,-0.0302739726027396,5.798610511894766e-07,-0.0301369863013698,5.557913471778379e-06,-0.0298630136986302,8.205580913058631e-08,1,2,2,2,1
801,34,13:50:06,9,-0.0305479452054795,559040.0,-0.0304794520547944,-0.0305479452054795,9.409066113640564e-07,-0.0306849315068492,1.3128929460893809e-07,-0.0308219178082191,6.356590013982753e-06,-0.0309589041095891,4.649829184066558e-07,-0.0310958904109588,3.282232365223452e-08,-0.0304109589041096,3.041535325107066e-06,-0.0302739726027396,5.798610511894766e-07,-0.0301369863013698,5.557913471778379e-06,-0.0298630136986302,8.205580913058631e-08,-0.0294520547945206,6.564464730446904e-08,1,2,2,2,1
802,34,13:50:09,9,-0.0305479452054795,3786644.0,-0.0304794520547944,-0.0305479452054795,7.713246058275113e-07,-0.0306849315068492,1.6958200553654506e-07,-0.0308219178082191,5.191397524328428e-06,-0.0309589041095891,4.2669020747904883e-07,-0.0310958904109588,3.282232365223452e-08,-0.0304109589041096,5.853314384648491e-07,-0.0302739726027396,5.798610511894766e-07,-0.0301369863013698,5.557913471778379e-06,-0.0298630136986302,8.205580913058631e-08,-0.0294520547945206,6.564464730446904e-08,2,2,2,2,1
803,34,13:50:12,9,-0.0301369863013698,3942532.0,-0.0303424657534246,-0.0305479452054795,3.829271092760695e-07,-0.0306849315068492,2.7351936376862104e-07,-0.0308219178082191,5.1804567497776825e-06,-0.0309589041095891,8.205580913058631e-08,-0.0310958904109588,3.282232365223452e-08,-0.0301369863013698,5.158575200676193e-06,-0.0298630136986302,8.205580913058631e-08,-0.0294520547945206,6.564464730446904e-08,-0.0293150684931506,4.3763098202979367e-08,-0.029041095890411,9.846697095670357e-08,2,2,2,1,1
804,34,13:50:15,9,-0.0305479452054795,3313346.0,-0.0304794520547944,-0.0305479452054795,3.5010478562383493e-07,-0.0306849315068492,1.6411161826117265e-07,-0.0308219178082191,4.863174287806082e-06,-0.0309589041095891,3.8292710927606954e-08,-0.0310958904109588,3.282232365223452e-08,-0.0304109589041096,2.1881549101489683e-08,-0.0301369863013698,2.926657192324245e-06,-0.0298630136986302,8.205580913058631e-08,-0.0294520547945206,6.564464730446904e-08,-0.0293150684931506,4.3763098202979367e-08,2,2,2,1,1
805,34,13:50:18,9,-0.0302739726027396,297326.0,-0.0302054794520547,-0.0302739726027396,5.470387275372421e-08,-0.0304109589041096,4.649829184066558e-07,-0.0305479452054795,8.697915767842149e-07,-0.0306849315068492,1.0940774550744841e-07,-0.0308219178082191,4.693592282269537e-06,-0.0301369863013698,2.8883644813966384e-06,-0.0298630136986302,8.205580913058631e-08,-0.0294520547945206,6.564464730446904e-08,-0.0293150684931506,4.3763098202979367e-08,-0.029041095890411,1.03937358232076e-07,2,2,2,1,1
806,34,13:50:21,9,-0.0302739726027396,2421331.0,-0.0302054794520547,-0.0302739726027396,2.954009128701107e-07,-0.0304109589041096,4.649829184066558e-07,-0.0305479452054795,6.345649239432008e-07,-0.0306849315068492,1.0940774550744841e-07,-0.0308219178082191,4.63341802224044e-06,-0.0301369863013698,1.1925444260311878e-06,-0.0299999999999999,1.3128929460893809e-07,-0.0298630136986302,8.205580913058631e-08,-0.0294520547945206,6.564464730446904e-08,-0.0293150684931506,4.3763098202979367e-08,2,2,2,1,1
807,34,13:50:24,9,-0.0299999999999999,1911652.0,-0.0299315068493151,-0.0299999999999999,3.4463439834846253e-07,-0.0301369863013698,3.566692503542818e-06,-0.0302739726027396,3.172824619716004e-07,-0.0304109589041096,4.540421438559109e-07,-0.0305479452054795,4.3763098202979364e-07,-0.0298630136986302,8.205580913058631e-08,-0.0294520547945206,6.564464730446904e-08,-0.0293150684931506,4.3763098202979367e-08,-0.029041095890411,1.03937358232076e-07,-0.0289041095890411,1.03937358232076e-07,2,2,2,1,1
808,34,13:50:27,9,-0.0287671232876711,2147681.0,-0.0293835616438356,-0.0299999999999999,3.829271092760695e-07,-0.0301369863013698,4.534951051283737e-06,-0.0302739726027396,3.5557517289920734e-07,-0.0304109589041096,3.77456722000697e-07,-0.0305479452054795,2.954009128701107e-07,-0.0287671232876711,3.112650359686908e-06,-0.0286301369863014,1.586412309858002e-07,-0.0284931506849315,2.7351936376862104e-07,-0.0283561643835615,1.750523928119175e-07,-0.0282191780821917,1.641116182611726e-08,1,2,2,1,0
809,34,13:50:30,9,-0.0299999999999999,1055656.0,-0.0293835616438356,-0.0299999999999999,3.008713001454831e-07,-0.0301369863013698,4.425543305776289e-06,-0.0302739726027396,3.77456722000697e-07,-0.0304109589041096,4.102790456529316e-07,-0.0305479452054795,2.954009128701107e-07,-0.0287671232876711,2.926657192324245e-06,-0.0286301369863014,1.586412309858002e-07,-0.0284931506849315,2.7351936376862104e-07,-0.0283561643835615,1.750523928119175e-07,-0.0282191780821917,1.641116182611726e-08,2,2,1,1,0
810,34,13:50:33,9,-0.0299999999999999,191242.0,-0.0291095890410958,-0.0294520547945206,5.470387275372421e-09,-0.0299999999999999,4.978052420588903e-07,-0.0301369863013698,3.99885309829724e-06,-0.0302739726027396,6.564464730446904e-08,-0.0304109589041096,4.212198202036764e-07,-0.0287671232876711,2.910246030498128e-06,-0.0286301369863014,1.586412309858002e-07,-0.0284931506849315,3.008713001454831e-07,-0.0283561643835615,1.750523928119175e-07,-0.0282191780821917,1.641116182611726e-08,1,2,2,1,0
811,34,13:50:36,9,-0.0287671232876711,361508.0,-0.0291095890410958,-0.0294520547945206,1.0940774550744842e-08,-0.0295890410958903,3.282232365223452e-08,-0.0298630136986302,6.017426002909662e-08,-0.0299999999999999,7.54913444001394e-07,-0.0301369863013698,3.730804121803991e-06,-0.0287671232876711,2.7570751867877e-06,-0.0286301369863014,2.6257858921787617e-07,-0.0284931506849315,3.008713001454831e-07,-0.0283561643835615,1.750523928119175e-07,-0.0282191780821917,1.641116182611726e-08,1,2,2,1,0
812,34,13:50:39,9,-0.0295890410958903,134667.0,-0.0291780821917807,-0.0295890410958903,1.641116182611726e-08,-0.0297260273972602,6.017426002909662e-08,-0.0298630136986302,8.205580913058631e-08,-0.0299999999999999,8.916731258857046e-07,-0.0301369863013698,3.703452185427129e-06,-0.0287671232876711,2.784427123164562e-06,-0.0286301369863014,2.6257858921787617e-07,-0.0284931506849315,3.008713001454831e-07,-0.0283561643835615,1.750523928119175e-07,-0.0282191780821917,1.641116182611726e-08,1,2,1,1,0
813,34,13:50:42,9,-0.0287671232876711,2459891.0,-0.0289041095890411,-0.029041095890411,2.1881549101489683e-08,-0.0295890410958903,2.1881549101489682e-07,-0.0298630136986302,5.470387275372421e-09,-0.0299999999999999,6.072129875663387e-07,-0.0301369863013698,3.692511410876384e-06,-0.0287671232876711,1.1870740387558152e-06,-0.0286301369863014,2.6257858921787617e-07,-0.0284931506849315,3.008713001454831e-07,-0.0283561643835615,1.750523928119175e-07,-0.0282191780821917,1.641116182611726e-08,2,2,1,0,0
814,34,13:50:45,9,-0.0287671232876711,1616492.0,-0.0288356164383559,-0.0289041095890411,5.470387275372421e-09,-0.029041095890411,7.65854218552139e-08,-0.0295890410958903,2.7351936376862104e-07,-0.0298630136986302,1.0940774550744842e-08,-0.0299999999999999,5.579795020879869e-07,-0.0287671232876711,7.111503457984149e-08,-0.0286301369863014,3.172824619716004e-07,-0.0284931506849315,3.008713001454831e-07,-0.0283561643835615,1.750523928119175e-07,-0.0282191780821917,1.641116182611726e-08,2,2,1,0,0
815,34,13:50:48,9,-0.0287671232876711,822491.0,-0.0289041095890411,-0.029041095890411,1.4770045643505538e-07,-0.0295890410958903,2.7351936376862104e-07,-0.0297260273972602,5.470387275372421e-09,-0.0298630136986302,5.579795020879869e-07,-0.0299999999999999,6.181537621170835e-07,-0.0287671232876711,4.2669020747904883e-07,-0.0286301369863014,1.4223006915968298e-07,-0.0284931506849315,3.008713001454831e-07,-0.0283561643835615,1.750523928119175e-07,-0.0282191780821917,1.641116182611726e-08,2,2,1,0,0
816,34,13:50:51,9,-0.029041095890411,1985008.0,-0.0289726027397261,-0.029041095890411,2.899305255947383e-07,-0.0295890410958903,5.470387275372421e-08,-0.0297260273972602,5.470387275372421e-09,-0.0298630136986302,5.579795020879869e-07,-0.0299999999999999,3.5557517289920734e-07,-0.0289041095890411,2.7351936376862104e-07,-0.0284931506849315,2.5710820194250377e-07,-0.0283561643835615,1.750523928119175e-07,-0.0282191780821917,1.641116182611726e-08,-0.0280821917808218,1.3128929460893809e-07,2,2,1,0,0
817,34,13:50:54,9,-0.0287671232876711,574230.0,-0.0288356164383559,-0.0289041095890411,7.93206154929001e-07,-0.029041095890411,7.93206154929001e-07,-0.0291780821917807,5.032756293342627e-07,-0.0293150684931506,1.641116182611726e-08,-0.0294520547945206,5.470387275372421e-09,-0.0287671232876711,1.0940774550744842e-08,-0.0284931506849315,2.5710820194250377e-07,-0.0283561643835615,1.750523928119175e-07,-0.0282191780821917,1.641116182611726e-08,-0.0280821917808218,1.3128929460893809e-07,2,2,1,0,0
818,34,13:50:57,9,-0.0287671232876711,2823999.0,-0.0277397260273973,-0.0280821917808218,4.9233485478351786e-08,-0.0287671232876711,8.205580913058631e-07,-0.0289041095890411,1.0557847441468773e-06,-0.029041095890411,8.314988658566079e-07,-0.0291780821917807,2.1881549101489682e-07,-0.0273972602739726,9.611470442829344e-06,-0.0272602739726026,2.871953319570521e-06,-0.0271232876712329,1.3128929460893809e-07,-0.026986301369863,1.2417779115095396e-06,-0.0267123287671233,1.3074225588140089e-06,1,1,0,0,0
819,34,13:51:00,9,-0.0273972602739726,1830348.0,-0.0277397260273973,-0.0280821917808218,1.641116182611726e-08,-0.0287671232876711,3.610455601745798e-07,-0.0289041095890411,1.0557847441468773e-06,-0.029041095890411,3.172824619716004e-07,-0.0291780821917807,2.5710820194250377e-07,-0.0273972602739726,9.020668617089122e-06,-0.0272602739726026,2.9704202905272243e-06,-0.0271232876712329,1.3128929460893809e-07,-0.026986301369863,1.2417779115095396e-06,-0.0267123287671233,1.3074225588140089e-06,1,0,0,0,0
820,34,13:51:03,9,-0.0284931506849315,3043488.0,-0.0282876712328766,-0.0284931506849315,6.017426002909662e-08,-0.0286301369863014,5.306275657111248e-07,-0.0287671232876711,4.9233485478351786e-08,-0.0289041095890411,8.479100276827252e-07,-0.029041095890411,9.846697095670357e-08,-0.0280821917808218,1.0940774550744842e-08,-0.0275342465753425,8.205580913058631e-08,-0.0273972602739726,8.167288202131024e-06,-0.0272602739726026,2.9704202905272243e-06,-0.0271232876712329,1.3128929460893809e-07,1,2,1,0,0
821,34,13:51:06,9,-0.0276712328767122,248367.0,-0.0280821917808218,-0.0284931506849315,1.2581890733356568e-07,-0.0286301369863014,5.306275657111248e-07,-0.0287671232876711,7.111503457984149e-08,-0.0289041095890411,8.588508022334701e-07,-0.029041095890411,9.846697095670357e-08,-0.0276712328767122,1.641116182611726e-08,-0.0275342465753425,1.9146355463803476e-07,-0.0273972602739726,8.139936265754163e-06,-0.0272602739726026,2.871953319570521e-06,-0.0271232876712329,1.3128929460893809e-07,1,1,0,0,0
822,34,13:51:09,9,-0.0275342465753425,560717.0,-0.028013698630137,-0.0284931506849315,1.4770045643505538e-07,-0.0286301369863014,5.306275657111248e-07,-0.0287671232876711,7.111503457984149e-08,-0.0289041095890411,5.798610511894766e-07,-0.029041095890411,9.846697095670357e-08,-0.0275342465753425,1.0940774550744842e-08,-0.0273972602739726,7.220911203491596e-06,-0.0272602739726026,2.904775643222756e-06,-0.0271232876712329,1.3128929460893809e-07,-0.026986301369863,1.2417779115095396e-06,1,0,0,0,0
823,34,13:51:12,9,-0.0275342465753425,1234660.0,-0.0276027397260274,-0.0276712328767122,3.8292710927606954e-08,-0.0279452054794521,1.0940774550744842e-08,-0.0283561643835615,1.0940774550744842e-08,-0.0286301369863014,3.610455601745798e-07,-0.0287671232876711,9.846697095670357e-08,-0.0275342465753425,3.282232365223452e-08,-0.0273972602739726,7.029447648853561e-06,-0.0272602739726026,2.9375979668749898e-06,-0.0271232876712329,1.3128929460893809e-07,-0.026986301369863,1.2417779115095396e-06,1,0,0,0,0
824,34,13:51:15,9,-0.0276712328767122,631594.0,-0.027876712328767,-0.0280821917808218,5.470387275372421e-09,-0.0284931506849315,1.0940774550744842e-08,-0.0286301369863014,3.610455601745798e-07,-0.0287671232876711,1.6958200553654506e-07,-0.0289041095890411,5.798610511894766e-07,-0.0276712328767122,3.8292710927606954e-08,-0.0275342465753425,2.1881549101489682e-07,-0.0273972602739726,7.631190249144526e-06,-0.0272602739726026,2.9375979668749898e-06,-0.0271232876712329,1.3128929460893809e-07,0,1,0,0,0
825,34,13:51:18,9,-0.0276712328767122,326315.0,-0.0279452054794518,-0.0283561643835615,3.8292710927606954e-08,-0.0284931506849315,5.470387275372421e-09,-0.0286301369863014,2.297562655656417e-07,-0.0287671232876711,1.6958200553654506e-07,-0.0289041095890411,5.743906639141042e-07,-0.0275342465753425,3.829271092760695e-07,-0.0273972602739726,7.636660636419899e-06,-0.0272602739726026,2.9375979668749898e-06,-0.0271232876712329,1.3128929460893809e-07,-0.026986301369863,1.2417779115095396e-06,1,1,0,0,0
826,34,13:51:21,9,-0.0283561643835615,1284993.0,-0.0280136986301368,-0.0283561643835615,4.9233485478351786e-08,-0.0284931506849315,6.564464730446904e-08,-0.0286301369863014,2.297562655656417e-07,-0.0287671232876711,1.9146355463803476e-07,-0.0289041095890411,6.017426002909662e-07,-0.0276712328767122,3.282232365223452e-08,-0.0273972602739726,7.204500041665478e-06,-0.0272602739726026,2.9375979668749898e-06,-0.0271232876712329,1.3128929460893809e-07,-0.026986301369863,1.2417779115095396e-06,1,1,0,0,0
827,34,13:51:24,9,-0.0286301369863014,2555657.0,-0.0281506849315069,-0.0286301369863014,2.1881549101489683e-08,-0.0287671232876711,3.008713001454831e-07,-0.0289041095890411,6.017426002909662e-07,-0.029041095890411,9.846697095670357e-08,-0.0291780821917807,2.0240432918877963e-07,-0.0276712328767122,5.470387275372421e-09,-0.0273972602739726,5.623558119082848e-06,-0.0272602739726026,2.9375979668749898e-06,-0.0271232876712329,1.3128929460893809e-07,-0.026986301369863,1.2417779115095396e-06,1,0,0,0,0
828,34,13:51:27,9,-0.0283561643835615,1057758.0,-0.0280136986301368,-0.0283561643835615,1.03937358232076e-07,-0.0286301369863014,4.9233485478351786e-08,-0.0287671232876711,3.11812074696228e-07,-0.0289041095890411,6.017426002909662e-07,-0.029041095890411,9.846697095670357e-08,-0.0276712328767122,4.3763098202979367e-08,-0.0275342465753425,3.282232365223452e-08,-0.0273972602739726,5.568854246329124e-06,-0.0272602739726026,2.9375979668749898e-06,-0.0271232876712329,1.3128929460893809e-07,1,0,0,0,0
829,34,13:51:30,9,-0.0284931506849315,482343.0,-0.0285616438356165,-0.0286301369863014,7.111503457984149e-08,-0.0287671232876711,3.665159474499522e-07,-0.0289041095890411,6.017426002909662e-07,-0.029041095890411,9.846697095670357e-08,-0.0291780821917807,2.406970401163865e-07,-0.0284931506849315,8.752619640595873e-08,-0.0283561643835615,5.470387275372421e-09,-0.0276712328767122,1.6411161826117265e-07,-0.0275342465753425,4.485717565805385e-07,-0.0273972602739726,5.623558119082848e-06,2,1,0,0,0
830,34,13:51:33,9,-0.0276712328767122,1404919.0,-0.0276027397260274,-0.0276712328767122,2.05686561554003e-06,-0.0287671232876711,4.15749432928304e-07,-0.0289041095890411,6.017426002909662e-07,-0.029041095890411,9.846697095670357e-08,-0.0291780821917807,2.406970401163865e-07,-0.0275342465753425,6.509760857693181e-07,-0.0273972602739726,5.426624177169441e-06,-0.0272602739726026,2.904775643222756e-06,-0.0271232876712329,1.3128929460893809e-07,-0.026986301369863,1.2527186860602843e-06,0,0,0,0,0
831,34,13:51:36,9,-0.0275342465753425,787892.0,-0.0276027397260274,-0.0276712328767122,1.5918826971333744e-06,-0.0278082191780821,2.7351936376862106e-08,-0.0280821917808218,5.470387275372421e-09,-0.0286301369863014,5.470387275372421e-09,-0.0287671232876711,4.212198202036764e-07,-0.0275342465753425,6.400353112185732e-07,-0.0273972602739726,5.929899806503704e-06,-0.0272602739726026,2.904775643222756e-06,-0.0271232876712329,1.3128929460893809e-07,-0.026986301369863,1.2527186860602843e-06,0,0,0,0,0
832,34,13:51:39,9,-0.0283561643835615,3185814.0,-0.0286301369863014,-0.0289041095890411,2.844601383193659e-07,-0.029041095890411,9.846697095670357e-08,-0.0291780821917807,2.352266528410141e-07,-0.0293150684931506,1.641116182611726e-08,-0.0294520547945206,2.1881549101489683e-08,-0.0283561643835615,5.470387275372421e-09,-0.0276712328767122,2.029513679163168e-06,-0.0275342465753425,6.072129875663387e-07,-0.0273972602739726,5.87519593374998e-06,-0.0272602739726026,2.904775643222756e-06,1,0,0,0,0
833,34,13:51:42,9,-0.0283561643835615,3626993.0,-0.0284246575342463,-0.0284931506849315,2.1881549101489683e-08,-0.0287671232876711,5.470387275372421e-09,-0.0289041095890411,3.5557517289920734e-07,-0.029041095890411,9.846697095670357e-08,-0.0291780821917807,2.352266528410141e-07,-0.0283561643835615,3.282232365223452e-08,-0.0278082191780821,5.470387275372421e-09,-0.0275342465753425,5.470387275372421e-07,-0.0273972602739726,5.89707748285147e-06,-0.0272602739726026,2.904775643222756e-06,1,0,0,0,0
834,34,13:51:45,9,-0.0287671232876711,219877.0,-0.027876712328767,-0.0279452054794521,5.470387275372421e-09,-0.0283561643835615,5.470387275372421e-09,-0.0286301369863014,5.470387275372421e-09,-0.0287671232876711,5.470387275372421e-08,-0.0289041095890411,3.5010478562383493e-07,-0.0278082191780821,7.220911203491596e-07,-0.0276712328767122,2.1881549101489683e-08,-0.0275342465753425,5.360979529864973e-07,-0.0273972602739726,5.913488644677587e-06,-0.0272602739726026,2.904775643222756e-06,0,0,0,0,0
835,34,13:51:48,9,-0.0284931506849315,1163047.0,-0.0281506849315069,-0.0284931506849315,1.6411161826117265e-07,-0.0289041095890411,2.844601383193659e-07,-0.029041095890411,1.2581890733356568e-07,-0.0291780821917807,2.352266528410141e-07,-0.0293150684931506,1.641116182611726e-08,-0.0278082191780821,6.181537621170835e-07,-0.0276712328767122,3.085298423310045e-06,-0.0275342465753425,1.630175408060981e-06,-0.0273972602739726,5.913488644677587e-06,-0.0272602739726026,2.904775643222756e-06,0,0,0,0,0
836,34,13:51:51,9,-0.0280821917808218,99330.0,-0.0282191780821917,-0.0283561643835615,3.282232365223452e-08,-0.0284931506849315,3.282232365223453e-07,-0.0289041095890411,2.844601383193659e-07,-0.029041095890411,1.2581890733356568e-07,-0.0291780821917807,2.954009128701107e-07,-0.0280821917808218,6.017426002909662e-08,-0.0279452054794521,1.859931673626623e-07,-0.0278082191780821,6.181537621170835e-07,-0.0276712328767122,3.249410041571218e-06,-0.0275342465753425,1.6575273444378435e-06,0,0,0,0,0
837,34,13:51:54,9,-0.0287671232876711,567341.0,-0.0288356164383559,-0.0289041095890411,2.844601383193659e-07,-0.029041095890411,1.6411161826117265e-07,-0.0291780821917807,2.954009128701107e-07,-0.0293150684931506,1.0940774550744842e-08,-0.0294520547945206,2.1881549101489683e-08,-0.0287671232876711,1.624705020785609e-06,-0.0283561643835615,6.564464730446904e-08,-0.0280821917808218,6.017426002909662e-08,-0.0279452054794521,3.829271092760695e-07,-0.0278082191780821,8.369692531319804e-07,0,0,0,0,0
838,34,13:51:57,9,-0.0287671232876711,205598.0,-0.0288356164383559,-0.0289041095890411,2.1881549101489682e-07,-0.029041095890411,1.6411161826117265e-07,-0.0291780821917807,2.954009128701107e-07,-0.0293150684931506,1.0940774550744842e-08,-0.0294520547945206,2.1881549101489683e-08,-0.0287671232876711,1.6684681189885884e-06,-0.0286301369863014,1.9693394191340717e-07,-0.0284931506849315,3.282232365223452e-08,-0.0283561643835615,6.564464730446904e-08,-0.0280821917808218,6.017426002909662e-08,0,0,0,0,0
839,34,13:52:00,9,-0.0287671232876711,595531.0,-0.0288356164383559,-0.0289041095890411,6.564464730446904e-08,-0.029041095890411,1.6411161826117265e-07,-0.0291780821917807,2.954009128701107e-07,-0.0293150684931506,1.0940774550744842e-08,-0.0294520547945206,2.1881549101489683e-08,-0.0287671232876711,1.37853759339385e-06,-0.0286301369863014,1.9693394191340717e-07,-0.0284931506849315,3.282232365223452e-08,-0.0283561643835615,6.564464730446904e-08,-0.0280821917808218,6.564464730446904e-08,0,0,0,0,0
840,34,13:52:03,9,-0.0287671232876711,744358.0,-0.0288356164383559,-0.0289041095890411,1.0940774550744841e-07,-0.029041095890411,2.1881549101489682e-07,-0.0291780821917807,2.954009128701107e-07,-0.0293150684931506,1.2034852005819325e-07,-0.0294520547945206,2.1881549101489683e-08,-0.0287671232876711,1.3238337206401255e-06,-0.0286301369863014,7.056799585230423e-07,-0.0284931506849315,3.282232365223452e-08,-0.0283561643835615,6.564464730446904e-08,-0.0280821917808218,6.564464730446904e-08,0,0,0,0,0
841,34,13:52:06,9,-0.0291780821917807,822176.0,-0.0292465753424656,-0.0293150684931506,1.2034852005819325e-07,-0.0294520547945206,2.1881549101489683e-08,-0.0297260273972602,5.470387275372421e-09,-0.0298630136986302,6.017426002909662e-07,-0.0299999999999999,2.6257858921787617e-07,-0.0291780821917807,8.041469294797458e-07,-0.0287671232876711,1.3621264315677328e-06,-0.0286301369863014,7.056799585230423e-07,-0.0284931506849315,3.282232365223452e-08,-0.0280821917808218,6.564464730446904e-08,0,0,0,0,0
842,34,13:52:09,9,-0.0293150684931506,609459.0,-0.0293835616438357,-0.0294520547945206,2.1881549101489683e-08,-0.0297260273972602,5.470387275372421e-09,-0.0298630136986302,6.017426002909662e-07,-0.0299999999999999,2.6257858921787617e-07,-0.0301369863013698,3.834741480036067e-06,-0.0293150684931506,1.586412309858002e-07,-0.0291780821917807,5.142164038850075e-07,-0.029041095890411,5.689202766387318e-07,-0.0289041095890411,7.65854218552139e-08,-0.0287671232876711,1.312892946089381e-06,0,0,0,0,0
843,34,13:52:12,9,-0.0293150684931506,106281.0,-0.0293835616438357,-0.0294520547945206,5.470387275372421e-09,-0.0297260273972602,5.470387275372421e-09,-0.0298630136986302,6.017426002909662e-07,-0.0299999999999999,2.6257858921787617e-07,-0.0301369863013698,3.845682254586812e-06,-0.0293150684931506,2.4616742739175896e-07,-0.0291780821917807,5.032756293342627e-07,-0.029041095890411,1.3238337206401255e-06,-0.0289041095890411,4.923348547835179e-07,-0.0287671232876711,1.312892946089381e-06,0,0,0,0,0
844,34,13:52:15,9,-0.0293150684931506,63773.0,-0.0295205479452055,-0.0297260273972602,5.470387275372421e-09,-0.0298630136986302,6.017426002909662e-07,-0.0299999999999999,2.6257858921787617e-07,-0.0301369863013698,3.845682254586812e-06,-0.0302739726027396,6.564464730446904e-08,-0.0293150684931506,4.868644675081455e-07,-0.0291780821917807,4.649829184066558e-07,-0.029041095890411,1.3238337206401255e-06,-0.0289041095890411,4.294254011167351e-06,-0.0287671232876711,1.312892946089381e-06,0,0,0,0,0
845,34,13:52:18,9,-0.0291780821917807,2394686.0,-0.0296575342465752,-0.0299999999999999,2.7898975104399344e-07,-0.0301369863013698,3.845682254586812e-06,-0.0302739726027396,6.564464730446904e-08,-0.0304109589041096,4.3763098202979367e-08,-0.0305479452054795,2.5710820194250377e-07,-0.0293150684931506,1.9693394191340717e-07,-0.0291780821917807,1.4770045643505538e-07,-0.029041095890411,1.351185657016988e-06,-0.0289041095890411,4.332546722094957e-06,-0.0287671232876711,1.2855410097125188e-06,1,0,0,0,0
846,34,13:52:21,9,-0.0298630136986302,552583.0,-0.0299315068493151,-0.0299999999999999,2.844601383193659e-07,-0.0301369863013698,3.845682254586812e-06,-0.0302739726027396,6.564464730446904e-08,-0.0304109589041096,4.3763098202979367e-08,-0.0305479452054795,2.5710820194250377e-07,-0.0298630136986302,2.1881549101489682e-07,-0.0293150684931506,9.846697095670357e-08,-0.0291780821917807,1.4770045643505538e-07,-0.029041095890411,1.351185657016988e-06,-0.0289041095890411,4.354428271196447e-06,1,1,1,0,0
847,34,13:52:24,9,-0.0298630136986302,148710.0,-0.0299315068493151,-0.0299999999999999,2.1881549101489682e-07,-0.0301369863013698,3.845682254586812e-06,-0.0302739726027396,6.564464730446904e-08,-0.0304109589041096,4.3763098202979367e-08,-0.0305479452054795,2.5710820194250377e-07,-0.0298630136986302,2.406970401163865e-07,-0.0297260273972602,7.111503457984147e-07,-0.0293150684931506,1.0940774550744841e-07,-0.0291780821917807,4.9233485478351786e-08,-0.029041095890411,7.822653803782562e-07,1,1,1,0,0
848,34,13:52:27,9,-0.0299999999999999,1395169.0,-0.0300684931506848,-0.0301369863013698,3.687041023601012e-06,-0.0302739726027396,6.564464730446904e-08,-0.0304109589041096,4.3763098202979367e-08,-0.0305479452054795,2.5710820194250377e-07,-0.0306849315068492,7.65854218552139e-08,-0.0299999999999999,1.641116182611726e-08,-0.0297260273972602,2.2428587829026925e-07,-0.0295890410958903,3.8292710927606954e-08,-0.0293150684931506,1.1487813278282086e-07,-0.0291780821917807,4.9233485478351786e-08,1,1,1,0,0
849,34,13:52:30,9,-0.0299999999999999,856781.0,-0.0300684931506848,-0.0301369863013698,3.4627551453107424e-06,-0.0302739726027396,6.564464730446904e-08,-0.0304109589041096,4.3763098202979367e-08,-0.0305479452054795,2.5710820194250377e-07,-0.0306849315068492,7.65854218552139e-08,-0.0299999999999999,1.2581890733356568e-07,-0.0298630136986302,9.299658368133117e-08,-0.0297260273972602,2.5710820194250377e-07,-0.0295890410958903,3.8292710927606954e-08,-0.0294520547945206,5.470387275372421e-09,1,0,1,0,0
850,34,13:52:33,9,-0.0299999999999999,318625.0,-0.0300684931506848,-0.0301369863013698,3.353347399803294e-06,-0.0302739726027396,6.564464730446904e-08,-0.0304109589041096,4.3763098202979367e-08,-0.0305479452054795,2.5710820194250377e-07,-0.0306849315068492,7.65854218552139e-08,-0.0299999999999999,1.6958200553654506e-07,-0.0298630136986302,9.299658368133117e-08,-0.0297260273972602,2.5710820194250377e-07,-0.0295890410958903,3.8292710927606954e-08,-0.0294520547945206,5.470387275372421e-09,1,0,1,0,0
851,34,13:52:36,9,-0.0299999999999999,4580822.0,-0.0300684931506848,-0.0301369863013698,1.3128929460893809e-07,-0.0302739726027396,6.564464730446904e-08,-0.0304109589041096,4.3763098202979367e-08,-0.0305479452054795,2.5710820194250377e-07,-0.0306849315068492,7.65854218552139e-08,-0.0299999999999999,7.65854218552139e-08,-0.0298630136986302,3.610455601745798e-07,-0.0297260273972602,2.5710820194250377e-07,-0.0295890410958903,3.8292710927606954e-08,-0.0294520547945206,5.470387275372421e-09,1,0,1,0,0
852,34,13:52:39,9,-0.0299999999999999,219494.0,-0.0299315068493151,-0.0299999999999999,1.0940774550744842e-08,-0.0301369863013698,1.2581890733356568e-07,-0.0302739726027396,6.564464730446904e-08,-0.0304109589041096,4.3763098202979367e-08,-0.0305479452054795,2.680489764932487e-07,-0.0298630136986302,4.595125311312834e-07,-0.0297260273972602,2.7351936376862104e-07,-0.0295890410958903,3.8292710927606954e-08,-0.0294520547945206,1.0940774550744842e-08,-0.0293150684931506,1.6411161826117265e-07,1,0,0,0,0
853,34,13:52:42,9,-0.0301369863013698,722215.0,-0.0302054794520547,-0.0302739726027396,6.564464730446904e-08,-0.0304109589041096,4.3763098202979367e-08,-0.0305479452054795,2.680489764932487e-07,-0.0306849315068492,7.65854218552139e-08,-0.0308219178082191,4.556832600385226e-06,-0.0301369863013698,4.9233485478351786e-08,-0.0299999999999999,8.862027386103322e-07,-0.0298630136986302,5.853314384648491e-07,-0.0297260273972602,2.899305255947383e-07,-0.0295890410958903,3.8292710927606954e-08,1,0,1,0,0
854,34,13:52:45,9,-0.0302739726027396,375249.0,-0.0302054794520547,-0.0302739726027396,6.017426002909662e-08,-0.0304109589041096,4.3763098202979367e-08,-0.0305479452054795,2.680489764932487e-07,-0.0306849315068492,7.65854218552139e-08,-0.0308219178082191,4.611536473138951e-06,-0.0301369863013698,4.446823112277488e-06,-0.0299999999999999,8.369692531319804e-07,-0.0298630136986302,5.853314384648491e-07,-0.0297260273972602,3.883974965514419e-07,-0.0295890410958903,6.017426002909662e-08,1,0,1,0,0
855,34,13:52:48,9,-0.0302739726027396,269022.0,-0.0303424657534246,-0.0304109589041096,4.3763098202979367e-08,-0.0305479452054795,2.680489764932487e-07,-0.0306849315068492,7.65854218552139e-08,-0.0308219178082191,4.611536473138951e-06,-0.0309589041095891,5.798610511894766e-07,-0.0302739726027396,6.181537621170835e-07,-0.0301369863013698,4.76957596152446e-06,-0.0299999999999999,9.463769986394288e-07,-0.0298630136986302,6.017426002909662e-07,-0.0297260273972602,3.883974965514419e-07,1,1,1,0,0
856,34,13:52:51,9,-0.0304109589041096,70787.0,-0.0303424657534246,-0.0304109589041096,3.282232365223452e-08,-0.0305479452054795,2.680489764932487e-07,-0.0306849315068492,7.65854218552139e-08,-0.0308219178082191,4.611536473138951e-06,-0.0309589041095891,5.798610511894766e-07,-0.0302739726027396,6.23624149392456e-07,-0.0301369863013698,5.234558879931116e-06,-0.0299999999999999,9.518473859148012e-07,-0.0298630136986302,8.862027386103322e-07,-0.0297260273972602,8.752619640595873e-08,1,1,1,0,0
857,34,13:52:54,9,-0.0304109589041096,184035.0,-0.0304109589041096,-0.0305479452054795,2.680489764932487e-07,-0.0306849315068492,7.65854218552139e-08,-0.0308219178082191,4.611536473138951e-06,-0.0309589041095891,5.798610511894766e-07,-0.0310958904109588,2.7351936376862106e-08,-0.0302739726027396,7.713246058275113e-07,-0.0301369863013698,5.2236181053803705e-06,-0.0299999999999999,9.518473859148012e-07,-0.0298630136986302,7.603838312767665e-07,-0.0297260273972602,8.752619640595873e-08,1,1,1,0,0
858,34,13:52:57,9,-0.0304109589041096,141548.0,-0.0304794520547944,-0.0305479452054795,1.859931673626623e-07,-0.0306849315068492,1.3128929460893809e-07,-0.0308219178082191,4.5787141494867164e-06,-0.0309589041095891,5.798610511894766e-07,-0.0310958904109588,2.7351936376862106e-08,-0.0304109589041096,2.7351936376862106e-08,-0.0302739726027396,9.190250622625668e-07,-0.0301369863013698,5.245499654481861e-06,-0.0299999999999999,9.518473859148012e-07,-0.0298630136986302,7.056799585230423e-07,1,1,1,0,0
859,34,13:53:00,9,-0.0304109589041096,785597.0,-0.0306849315068494,-0.0308219178082191,4.556832600385226e-06,-0.0309589041095891,5.798610511894766e-07,-0.0310958904109588,2.7351936376862106e-08,-0.0312328767123287,2.2428587829026925e-07,-0.0313698630136987,2.954009128701107e-07,-0.0305479452054795,2.1881549101489683e-08,-0.0304109589041096,1.586412309858002e-07,-0.0302739726027396,1.0612551314222496e-06,-0.0301369863013698,5.081388036220688e-06,-0.0299999999999999,9.518473859148012e-07,1,1,1,0,0
860,34,13:53:03,9,-0.0306849315068492,191078.0,-0.0306164383561643,-0.0306849315068492,1.0940774550744842e-08,-0.0308219178082191,4.556832600385226e-06,-0.0309589041095891,5.798610511894766e-07,-0.0310958904109588,2.7351936376862106e-08,-0.0312328767123287,2.2428587829026925e-07,-0.0305479452054795,6.564464730446904e-08,-0.0304109589041096,4.102790456529316e-07,-0.0302739726027396,9.62788160465546e-07,-0.0301369863013698,5.086858423496061e-06,-0.0299999999999999,8.424396404073528e-07,1,1,0,0,0
861,34,13:53:06,9,-0.0306849315068492,693561.0,-0.0307534246575342,-0.0308219178082191,4.556832600385226e-06,-0.0309589041095891,5.798610511894766e-07,-0.0310958904109588,2.7351936376862106e-08,-0.0312328767123287,2.2428587829026925e-07,-0.0313698630136987,2.954009128701107e-07,-0.0306849315068492,1.0940774550744842e-08,-0.0305479452054795,4.3763098202979367e-08,-0.0304109589041096,3.724786695801082e-07,-0.0302739726027396,8.916731258857046e-07,-0.0301369863013698,4.999332227090101e-06,1,1,0,0,0
862,34,13:53:09,9,-0.0306849315068492,813640.0,-0.0307534246575342,-0.0308219178082191,3.987912323746495e-06,-0.0309589041095891,5.798610511894766e-07,-0.0310958904109588,2.7351936376862106e-08,-0.0312328767123287,2.2428587829026925e-07,-0.0313698630136987,2.680489764932487e-07,-0.0306849315068492,6.017426002909662e-08,-0.0305479452054795,2.4616742739175896e-07,-0.0304109589041096,3.724786695801082e-07,-0.0302739726027396,8.533804149580977e-07,-0.0301369863013698,4.796927897901322e-06,1,1,0,0,0
863,34,13:53:12,9,-0.0306849315068492,629704.0,-0.0307534246575342,-0.0308219178082191,3.626866763571915e-06,-0.0309589041095891,5.798610511894766e-07,-0.0310958904109588,2.7351936376862106e-08,-0.0312328767123287,2.2428587829026925e-07,-0.0313698630136987,2.680489764932487e-07,-0.0306849315068492,1.3128929460893809e-07,-0.0305479452054795,3.11812074696228e-07,-0.0304109589041096,4.818864150875566e-07,-0.0302739726027396,8.260284785812356e-07,-0.0301369863013698,4.796927897901322e-06,1,1,0,0,0
864,34,13:53:15,9,-0.0308219178082191,205189.0,-0.0307534246575342,-0.0308219178082191,3.697981798151757e-06,-0.0309589041095891,5.798610511894766e-07,-0.0310958904109588,2.7351936376862106e-08,-0.0312328767123287,2.2428587829026925e-07,-0.0313698630136987,2.7351936376862104e-07,-0.0306849315068492,7.65854218552139e-08,-0.0305479452054795,1.0448439695961323e-06,-0.0304109589041096,4.818864150875566e-07,-0.0302739726027396,8.260284785812356e-07,-0.0301369863013698,4.796927897901322e-06,1,1,0,0,0
865,34,13:53:18,9,-0.0306849315068492,275939.0,-0.0307534246575342,-0.0308219178082191,3.566692503542818e-06,-0.0309589041095891,5.798610511894766e-07,-0.0310958904109588,2.7351936376862106e-08,-0.0312328767123287,2.352266528410141e-07,-0.0313698630136987,2.7351936376862104e-07,-0.0306849315068492,6.017426002909662e-08,-0.0305479452054795,1.0557847441468773e-06,-0.0304109589041096,4.818864150875566e-07,-0.0302739726027396,8.260284785812356e-07,-0.0301369863013698,4.807868672452067e-06,1,1,0,0,0
866,34,13:53:21,9,-0.0306849315068492,580263.0,-0.0307534246575342,-0.0308219178082191,3.676100249050267e-06,-0.0309589041095891,5.798610511894766e-07,-0.0310958904109588,2.7351936376862106e-08,-0.0312328767123287,2.352266528410141e-07,-0.0313698630136987,2.7351936376862104e-07,-0.0306849315068492,1.2034852005819325e-07,-0.0305479452054795,1.4004191424953395e-06,-0.0304109589041096,4.818864150875566e-07,-0.0302739726027396,8.260284785812356e-07,-0.0301369863013698,4.775046348799832e-06,1,0,0,0,0
867,34,13:53:24,9,-0.0305479452054795,290101.0,-0.0306849315068494,-0.0308219178082191,3.588574052644308e-06,-0.0309589041095891,5.798610511894766e-07,-0.0310958904109588,2.7351936376862106e-08,-0.0312328767123287,2.352266528410141e-07,-0.0313698630136987,2.7351936376862104e-07,-0.0305479452054795,1.3894783679445948e-06,-0.0304109589041096,4.764160278121841e-07,-0.0302739726027396,8.260284785812356e-07,-0.0301369863013698,4.775046348799832e-06,-0.0299999999999999,8.369692531319804e-07,1,1,0,0,0
868,34,13:53:27,9,-0.0306849315068492,198118.0,-0.0307534246575342,-0.0308219178082191,3.550281341716701e-06,-0.0309589041095891,5.798610511894766e-07,-0.0310958904109588,2.7351936376862106e-08,-0.0312328767123287,2.352266528410141e-07,-0.0313698630136987,2.7351936376862104e-07,-0.0306849315068492,1.0940774550744842e-08,-0.0305479452054795,1.405889529770712e-06,-0.0304109589041096,7.827577152330397e-07,-0.0302739726027396,8.260284785812356e-07,-0.0301369863013698,4.785987123350577e-06,1,0,0,0,0
869,34,13:53:30,9,-0.0308219178082191,3014020.0,-0.0306849315068494,-0.0308219178082191,1.4715341770751812e-06,-0.0309589041095891,5.798610511894766e-07,-0.0310958904109588,2.7351936376862106e-08,-0.0312328767123287,2.352266528410141e-07,-0.0313698630136987,2.7351936376862104e-07,-0.0305479452054795,1.2581890733356569e-06,-0.0304109589041096,7.827577152330397e-07,-0.0302739726027396,8.260284785812356e-07,-0.0301369863013698,4.785987123350577e-06,-0.0299999999999999,8.369692531319804e-07,1,0,0,0,0
870,34,13:53:33,9,-0.0308219178082191,2080070.0,-0.0308904109589041,-0.0309589041095891,5.798610511894766e-07,-0.0310958904109588,2.7351936376862106e-08,-0.0312328767123287,2.352266528410141e-07,-0.0313698630136987,3.0087130014548314e-06,-0.0315068493150684,7.385022821752768e-07,-0.0308219178082191,6.509760857693181e-07,-0.0306849315068492,1.2198963624080498e-06,-0.0305479452054795,1.2855410097125188e-06,-0.0304109589041096,8.812246861897432e-07,-0.0302739726027396,8.260284785812356e-07,1,0,0,0,0
871,34,13:53:36,9,-0.0308219178082191,1584688.0,-0.0309589041095889,-0.0310958904109588,1.0940774550744842e-08,-0.0312328767123287,2.352266528410141e-07,-0.0313698630136987,3.0087130014548314e-06,-0.0315068493150684,7.385022821752768e-07,-0.0317808219178081,3.8292710927606954e-08,-0.0308219178082191,3.172824619716004e-07,-0.0306849315068492,2.3467961411347684e-06,-0.0305479452054795,1.3566560442923605e-06,-0.0304109589041096,7.718169406822949e-07,-0.0302739726027396,4.978052420588903e-07,1,0,0,0,0
872,34,13:53:39,9,-0.0308219178082191,353740.0,-0.0309589041095889,-0.0310958904109588,8.205580913058631e-08,-0.0312328767123287,2.352266528410141e-07,-0.0313698630136987,3.0087130014548314e-06,-0.0315068493150684,7.385022821752768e-07,-0.0317808219178081,3.8292710927606954e-08,-0.0308219178082191,1.9693394191340717e-07,-0.0306849315068492,2.6640786031063687e-06,-0.0305479452054795,1.3894783679445948e-06,-0.0304109589041096,6.022349351457498e-07,-0.0302739726027396,4.978052420588903e-07,1,0,0,0,0
873,34,13:53:42,9,-0.0308219178082191,148571.0,-0.0310273972602739,-0.0310958904109588,8.205580913058631e-08,-0.0312328767123287,2.352266528410141e-07,-0.0313698630136987,3.0087130014548314e-06,-0.0315068493150684,7.385022821752768e-07,-0.0317808219178081,3.8292710927606954e-08,-0.0309589041095891,5.470387275372421e-09,-0.0308219178082191,2.1881549101489682e-07,-0.0306849315068492,2.718782475860093e-06,-0.0305479452054795,1.3894783679445948e-06,-0.0304109589041096,6.022349351457498e-07,1,0,0,0,0
874,34,13:53:45,9,-0.0309589041095891,389010.0,-0.0310273972602739,-0.0310958904109588,6.017426002909662e-08,-0.0312328767123287,1.2581890733356568e-07,-0.0313698630136987,3.0087130014548314e-06,-0.0315068493150684,7.385022821752768e-07,-0.0317808219178081,3.8292710927606954e-08,-0.0309589041095891,9.299658368133117e-08,-0.0308219178082191,7.056799585230423e-07,-0.0306849315068492,2.740664024961583e-06,-0.0305479452054795,8.424396404073528e-07,-0.0304109589041096,2.685413113480321e-07,1,0,0,0,0
875,34,13:53:48,9,-0.0310958904109588,672037.0,-0.0310273972602739,-0.0310958904109588,4.3763098202979367e-08,-0.0312328767123287,8.752619640595873e-08,-0.0313698630136987,3.0087130014548314e-06,-0.0315068493150684,7.385022821752768e-07,-0.0317808219178081,3.8292710927606954e-08,-0.0309589041095891,7.494430567260217e-07,-0.0308219178082191,4.81394080232773e-07,-0.0306849315068492,2.587493181251155e-06,-0.0305479452054795,8.369692531319804e-07,-0.0304109589041096,2.685413113480321e-07,0,0,0,0,0
876,34,13:53:51,9,-0.0312328767123287,268749.0,-0.0313013698630136,-0.0313698630136987,3.068887261483928e-06,-0.0315068493150684,7.385022821752768e-07,-0.0317808219178081,3.8292710927606954e-08,-0.0319178082191781,3.282232365223452e-08,-0.032054794520548,1.586412309858002e-07,-0.0312328767123287,1.3128929460893809e-07,-0.0310958904109588,3.719863347253246e-07,-0.0309589041095891,7.385022821752768e-07,-0.0308219178082191,4.81394080232773e-07,-0.0306849315068492,2.587493181251155e-06,0,0,0,0,0
877,34,13:53:54,9,-0.0310958904109588,282892.0,-0.0311643835616438,-0.0312328767123287,1.0940774550744842e-08,-0.0313698630136987,3.068887261483928e-06,-0.0315068493150684,7.385022821752768e-07,-0.0317808219178081,3.8292710927606954e-08,-0.0319178082191781,3.282232365223452e-08,-0.0310958904109588,6.23624149392456e-07,-0.0309589041095891,7.385022821752768e-07,-0.0308219178082191,5.798610511894766e-07,-0.0306849315068492,2.2811514938303e-06,-0.0305479452054795,8.369692531319804e-07,0,0,0,0,0
878,34,13:53:57,9,-0.0312328767123287,2750625.0,-0.0313013698630136,-0.0313698630136987,9.73728935016291e-07,-0.0315068493150684,7.385022821752768e-07,-0.0317808219178081,9.299658368133117e-08,-0.0319178082191781,3.282232365223452e-08,-0.032054794520548,1.586412309858002e-07,-0.0312328767123287,9.956104841177803e-07,-0.0310958904109588,8.150877040304907e-07,-0.0309589041095891,1.0940774550744842e-06,-0.0308219178082191,4.704533056820282e-07,-0.0306849315068492,1.4113599170460849e-06,0,0,0,0,0
879,34,13:54:00,9,-0.0313698630136987,1576855.0,-0.0314383561643836,-0.0315068493150684,7.330318948999044e-07,-0.0317808219178081,9.299658368133117e-08,-0.0319178082191781,3.282232365223452e-08,-0.032054794520548,1.586412309858002e-07,-0.0321917808219177,3.8292710927606954e-08,-0.0313698630136987,1.0940774550744842e-08,-0.0312328767123287,1.105018229625229e-06,-0.0310958904109588,7.713246058275113e-07,-0.0309589041095891,9.846697095670358e-07,-0.0308219178082191,5.743906639141042e-07,0,0,0,0,0
880,34,13:54:03,9,-0.0315068493150684,1916087.0,-0.0316438356164383,-0.0317808219178081,1.03937358232076e-07,-0.0319178082191781,3.282232365223452e-08,-0.032054794520548,1.586412309858002e-07,-0.0321917808219177,7.65854218552139e-08,-0.0324657534246576,2.1881549101489683e-08,-0.0315068493150684,4.81394080232773e-07,-0.0313698630136987,8.752619640595873e-07,-0.0312328767123287,1.3949487552199674e-06,-0.0310958904109588,7.27561507624532e-07,-0.0309589041095891,9.846697095670358e-07,0,0,0,0,0
881,34,13:54:06,9,-0.0317808219178081,219121.0,-0.0318493150684929,-0.0319178082191781,3.282232365223452e-08,-0.032054794520548,1.586412309858002e-07,-0.0321917808219177,7.65854218552139e-08,-0.0324657534246576,2.1881549101489683e-08,-0.0327397260273972,1.0940774550744842e-08,-0.0317808219178081,3.282232365223453e-07,-0.0316438356164383,7.111503457984149e-08,-0.0315068493150684,9.080842877118218e-07,-0.0313698630136987,1.3894783679445948e-06,-0.0312328767123287,1.274600235161774e-06,0,0,0,0,0
882,34,13:54:09,9,-0.032054794520548,148401.0,-0.0319863013698631,-0.032054794520548,1.2581890733356568e-07,-0.0321917808219177,7.65854218552139e-08,-0.0324657534246576,2.1881549101489683e-08,-0.0327397260273972,1.0940774550744842e-08,-0.0328767123287672,5.743906639141042e-07,-0.0319178082191781,4.3216059475442123e-07,-0.0317808219178081,1.9146355463803476e-07,-0.0316438356164383,7.385022821752768e-07,-0.0315068493150684,7.603838312767665e-07,-0.0313698630136987,1.3074225588140089e-06,0,0,0,0,0
883,34,13:54:12,9,-0.032054794520548,176652.0,-0.0321232876712328,-0.0321917808219177,7.65854218552139e-08,-0.0324657534246576,2.1881549101489683e-08,-0.0327397260273972,1.0940774550744842e-08,-0.0328767123287672,5.743906639141042e-07,-0.0330136986301369,2.7351936376862106e-08,-0.032054794520548,3.336936237977177e-07,-0.0319178082191781,6.345649239432008e-07,-0.0317808219178081,3.2275284924697285e-07,-0.0316438356164383,5.032756293342627e-07,-0.0315068493150684,8.205580913058631e-07,0,0,0,0,0
884,34,13:54:15,9,-0.0321917808219177,113041.0,-0.0323287671232876,-0.0324657534246576,2.1881549101489683e-08,-0.0327397260273972,1.0940774550744842e-08,-0.0328767123287672,5.743906639141042e-07,-0.0330136986301369,2.7351936376862106e-08,-0.0331506849315068,6.017426002909662e-08,-0.0321917808219177,3.610455601745798e-07,-0.032054794520548,7.54913444001394e-07,-0.0319178082191781,5.743906639141042e-07,-0.0317808219178081,2.680489764932487e-07,-0.0316438356164383,4.978052420588903e-07,0,0,0,0,0
885,34,13:54:18,9,-0.0324657534246576,183638.0,-0.0325342465753424,-0.0326027397260273,5.470387275372421e-08,-0.0327397260273972,1.0940774550744842e-08,-0.0328767123287672,2.954009128701107e-07,-0.0330136986301369,2.7351936376862106e-08,-0.0331506849315068,6.017426002909662e-08,-0.0324657534246576,4.9233485478351786e-08,-0.0323287671232876,1.0940774550744842e-08,-0.0321917808219177,6.345649239432008e-07,-0.032054794520548,1.963869031858699e-06,-0.0319178082191781,3.336936237977177e-07,0,0,0,0,0
886,34,13:54:21,9,-0.0326027397260273,240112.0,-0.0327397260273972,-0.0328767123287672,3.11812074696228e-07,-0.0330136986301369,2.7351936376862106e-08,-0.0331506849315068,6.017426002909662e-08,-0.0332876712328767,2.7351936376862106e-08,-0.0335616438356164,1.9529282573079544e-06,-0.0326027397260273,9.190250622625668e-07,-0.0324657534246576,1.274600235161774e-06,-0.0323287671232876,1.9146355463803476e-07,-0.0321917808219177,2.1881549101489682e-07,-0.032054794520548,1.5809419225826295e-06,1,1,1,0,1
887,34,13:54:24,9,-0.0327397260273972,635445.0,-0.0328082191780823,-0.0328767123287672,2.1881549101489682e-07,-0.0330136986301369,2.7351936376862106e-08,-0.0331506849315068,7.65854218552139e-08,-0.0332876712328767,2.7351936376862106e-08,-0.0335616438356164,1.9529282573079544e-06,-0.0327397260273972,4.9233485478351786e-08,-0.0326027397260273,1.3621264315677328e-06,-0.0324657534246576,1.37853759339385e-06,-0.0323287671232876,7.65854218552139e-08,-0.0321917808219177,9.846697095670357e-08,1,1,1,0,1
888,34,13:54:27,9,-0.0328767123287672,338880.0,-0.0329452054794521,-0.0330136986301369,1.3675968188431052e-07,-0.0331506849315068,7.65854218552139e-08,-0.0332876712328767,1.9146355463803476e-07,-0.0335616438356164,1.925576320931092e-06,-0.0338356164383562,4.15749432928304e-07,-0.0328767123287672,8.533804149580977e-07,-0.0327397260273972,2.5710820194250377e-07,-0.0326027397260273,1.2198963624080498e-06,-0.0324657534246576,1.37853759339385e-06,-0.0323287671232876,7.65854218552139e-08,1,1,1,1,1
889,34,13:54:30,9,-0.0331506849315068,2146300.0,-0.0330821917808218,-0.0331506849315068,2.1881549101489683e-08,-0.0332876712328767,1.9146355463803476e-07,-0.0334246575342465,2.7351936376862106e-08,-0.0335616438356164,1.925576320931092e-06,-0.0338356164383562,4.15749432928304e-07,-0.0330136986301369,7.767949931028838e-07,-0.0328767123287672,4.540421438559109e-07,-0.0327397260273972,6.017426002909662e-08,-0.0326027397260273,8.97143513161077e-07,-0.0324657534246576,1.2855410097125188e-06,1,1,1,1,1
890,34,13:54:33,9,-0.0330136986301369,635240.0,-0.0330821917808218,-0.0331506849315068,1.641116182611726e-08,-0.0332876712328767,8.205580913058631e-08,-0.0334246575342465,2.7351936376862106e-08,-0.0335616438356164,1.9583986445833265e-06,-0.0338356164383562,4.15749432928304e-07,-0.0330136986301369,5.908018257402214e-07,-0.0328767123287672,7.54913444001394e-07,-0.0327397260273972,2.954009128701107e-07,-0.0326027397260273,8.97143513161077e-07,-0.0324657534246576,1.0557847441468773e-06,1,1,1,1,1
891,34,13:54:36,9,-0.0330136986301369,240005.0,-0.0330821917808218,-0.0331506849315068,1.0940774550744842e-08,-0.0332876712328767,8.205580913058631e-08,-0.0334246575342465,2.7351936376862106e-08,-0.0335616438356164,1.9583986445833265e-06,-0.0338356164383562,4.15749432928304e-07,-0.0330136986301369,4.3763098202979364e-07,-0.0328767123287672,9.791993222916633e-07,-0.0327397260273972,3.11812074696228e-07,-0.0326027397260273,8.752619640595873e-07,-0.0324657534246576,1.0557847441468773e-06,1,0,1,1,1
892,34,13:54:39,9,-0.0331506849315068,232934.0,-0.0330821917808218,-0.0331506849315068,4.9233485478351786e-08,-0.0332876712328767,1.03937358232076e-07,-0.0334246575342465,2.7351936376862106e-08,-0.0335616438356164,1.963869031858699e-06,-0.0338356164383562,4.15749432928304e-07,-0.0330136986301369,3.172824619716004e-07,-0.0328767123287672,9.791993222916633e-07,-0.0327397260273972,3.11812074696228e-07,-0.0326027397260273,8.752619640595873e-07,-0.0324657534246576,1.0557847441468773e-06,1,1,1,1,0
893,34,13:54:42,9,-0.0330136986301369,239997.0,-0.0331506849315068,-0.0332876712328767,1.531708437104278e-07,-0.0334246575342465,9.299658368133117e-08,-0.0335616438356164,1.963869031858699e-06,-0.0338356164383562,4.15749432928304e-07,-0.0339726027397261,6.017426002909662e-08,-0.0330136986301369,1.805227800872899e-07,-0.0328767123287672,6.455056984939457e-07,-0.0327397260273972,3.610455601745798e-07,-0.0326027397260273,8.752619640595873e-07,-0.0324657534246576,1.0557847441468773e-06,1,1,1,1,0
894,34,13:54:45,9,-0.0330136986301369,77646.0,-0.0331506849315068,-0.0332876712328767,1.9146355463803476e-07,-0.0334246575342465,1.03937358232076e-07,-0.0335616438356164,2.7898975104399344e-07,-0.0338356164383562,4.15749432928304e-07,-0.0339726027397261,6.017426002909662e-08,-0.0330136986301369,4.15749432928304e-07,-0.0328767123287672,7.54913444001394e-07,-0.0327397260273972,3.008713001454831e-07,-0.0326027397260273,8.588508022334701e-07,-0.0324657534246576,1.0557847441468773e-06,1,0,1,1,0
895,34,13:54:48,9,-0.0331506849315068,437644.0,-0.0330821917808218,-0.0331506849315068,7.166207330737871e-07,-0.0332876712328767,1.9146355463803476e-07,-0.0334246575342465,1.859931673626623e-07,-0.0335616438356164,2.680489764932487e-07,-0.0338356164383562,4.2669020747904883e-07,-0.0330136986301369,1.2034852005819325e-06,-0.0328767123287672,6.400353112185732e-07,-0.0327397260273972,3.008713001454831e-07,-0.0326027397260273,8.588508022334701e-07,-0.0324657534246576,1.0557847441468773e-06,1,0,1,1,0
896,34,13:54:51,9,-0.0330136986301369,479965.0,-0.0330821917808218,-0.0331506849315068,4.868644675081455e-07,-0.0332876712328767,1.9146355463803476e-07,-0.0334246575342465,1.9146355463803476e-07,-0.0335616438356164,2.7898975104399344e-07,-0.0338356164383562,4.3763098202979364e-07,-0.0330136986301369,1.236307524234167e-06,-0.0328767123287672,5.251571784357523e-07,-0.0327397260273972,3.008713001454831e-07,-0.0326027397260273,7.54913444001394e-07,-0.0324657534246576,1.0557847441468773e-06,0,1,1,1,0
897,34,13:54:54,9,-0.0330136986301369,1086991.0,-0.0330821917808218,-0.0331506849315068,3.8292710927606954e-08,-0.0332876712328767,1.9146355463803476e-07,-0.0334246575342465,1.9146355463803476e-07,-0.0335616438356164,2.7898975104399344e-07,-0.0338356164383562,4.3763098202979364e-07,-0.0330136986301369,9.901400968424082e-07,-0.0328767123287672,7.056799585230423e-07,-0.0327397260273972,1.586412309858002e-06,-0.0326027397260273,7.54913444001394e-07,-0.0324657534246576,1.0557847441468773e-06,1,1,1,1,0
898,34,13:54:57,9,-0.0331506849315068,218802.0,-0.0332191780821919,-0.0332876712328767,1.9146355463803476e-07,-0.0334246575342465,1.9146355463803476e-07,-0.0335616438356164,2.7898975104399344e-07,-0.0338356164383562,4.3763098202979364e-07,-0.0339726027397261,1.03937358232076e-07,-0.0331506849315068,1.641116182611726e-08,-0.0330136986301369,1.0448439695961323e-06,-0.0328767123287672,7.056799585230423e-07,-0.0327397260273972,1.586412309858002e-06,-0.0326027397260273,7.54913444001394e-07,1,1,1,1,1
899,34,13:55:00,9,-0.0332876712328767,479860.0,-0.0333561643835617,-0.0334246575342465,7.65854218552139e-08,-0.0335616438356164,2.844601383193659e-07,-0.0338356164383562,4.3763098202979364e-07,-0.0339726027397261,1.03937358232076e-07,-0.0341095890410958,8.643211895088425e-07,-0.0332876712328767,4.595125311312834e-07,-0.0331506849315068,2.1334510373952441e-07,-0.0330136986301369,1.132370166002091e-06,-0.0328767123287672,5.415683402618696e-07,-0.0327397260273972,1.586412309858002e-06,1,1,1,1,1
900,34,13:55:03,9,-0.0334246575342465,1425574.0,-0.0334931506849314,-0.0335616438356164,2.844601383193659e-07,-0.0338356164383562,4.3763098202979364e-07,-0.0339726027397261,1.03937358232076e-07,-0.0341095890410958,8.643211895088425e-07,-0.0342465753424657,6.580875892273023e-06,-0.0334246575342465,1.641116182611726e-08,-0.0330136986301369,1.001080871393153e-06,-0.0328767123287672,4.0480865837755926e-07,-0.0327397260273972,1.5754715353072571e-06,-0.0326027397260273,5.415683402618696e-07,1,1,1,1,1
901,34,13:55:06,9,-0.0332876712328767,705563.0,-0.0336986301369863,-0.0338356164383562,4.3763098202979364e-07,-0.0339726027397261,1.03937358232076e-07,-0.0341095890410958,8.643211895088425e-07,-0.0342465753424657,6.580875892273023e-06,-0.0343835616438357,8.041469294797458e-07,-0.0335616438356164,5.470387275372421e-09,-0.0332876712328767,1.531708437104278e-07,-0.0331506849315068,1.641116182611726e-08,-0.0330136986301369,1.2691298478864016e-06,-0.0328767123287672,1.805227800872899e-07,1,1,1,1,1
902,34,13:55:09,9,-0.0334246575342465,310425.0,-0.0334931506849314,-0.0335616438356164,8.205580913058631e-08,-0.0336986301369862,1.0940774550744842e-08,-0.0338356164383562,4.431013693051661e-07,-0.0339726027397261,1.03937358232076e-07,-0.0341095890410958,8.643211895088425e-07,-0.0334246575342465,1.1487813278282086e-07,-0.0332876712328767,1.6958200553654506e-07,-0.0331506849315068,1.641116182611726e-08,-0.0330136986301369,1.2253667496834223e-06,-0.0328767123287672,1.805227800872899e-07,1,1,1,1,1
903,34,13:55:12,9,-0.0335616438356164,726836.0,-0.0336301369863013,-0.0336986301369862,1.0940774550744842e-08,-0.0338356164383562,4.3763098202979364e-07,-0.0339726027397261,1.03937358232076e-07,-0.0341095890410958,8.862027386103322e-07,-0.0342465753424657,6.252652655750677e-06,-0.0335616438356164,9.299658368133117e-08,-0.0331506849315068,9.299658368133117e-08,-0.0330136986301369,1.1870740387558152e-06,-0.0328767123287672,6.017426002909662e-08,-0.0327397260273972,2.5710820194250377e-07,1,1,1,1,1
904,34,13:55:15,9,-0.0338356164383562,472677.0,-0.0336986301369863,-0.0338356164383562,4.212198202036764e-07,-0.0339726027397261,1.03937358232076e-07,-0.0341095890410958,8.862027386103322e-07,-0.0342465753424657,6.2635934303014215e-06,-0.0343835616438357,7.93206154929001e-07,-0.0335616438356164,1.1487813278282086e-07,-0.0334246575342465,1.641116182611726e-08,-0.0332876712328767,2.7351936376862106e-08,-0.0331506849315068,1.03937358232076e-07,-0.0330136986301369,9.080842877118218e-07,1,1,1,1,1
905,34,13:55:18,9,-0.0335616438356164,112876.0,-0.0336301369863013,-0.0336986301369862,5.470387275372421e-08,-0.0338356164383562,4.212198202036764e-07,-0.0339726027397261,1.03937358232076e-07,-0.0341095890410958,9.244954495379392e-07,-0.0342465753424657,6.2088895575476975e-06,-0.0335616438356164,7.111503457984149e-08,-0.0334246575342465,1.531708437104278e-07,-0.0332876712328767,2.7351936376862106e-08,-0.0331506849315068,1.03937358232076e-07,-0.0330136986301369,9.080842877118218e-07,1,1,1,1,1
906,34,13:55:21,9,-0.0336986301369862,1467632.0,-0.0334931506849314,-0.0335616438356164,2.7351936376862106e-08,-0.0336986301369862,2.7351936376862106e-08,-0.0338356164383562,1.3128929460893809e-07,-0.0339726027397261,1.03937358232076e-07,-0.0341095890410958,9.244954495379392e-07,-0.0334246575342465,2.7351936376862104e-07,-0.0331506849315068,1.2034852005819325e-06,-0.0330136986301369,6.181537621170835e-07,-0.0328767123287672,5.470387275372421e-08,-0.0327397260273972,2.4616742739175896e-07,1,0,1,1,1
907,34,13:55:24,9,-0.0334246575342465,529200.0,-0.0332876712328767,-0.0334246575342465,1.6411161826117265e-07,-0.0335616438356164,1.6958200553654506e-07,-0.0336986301369862,2.7351936376862106e-08,-0.0338356164383562,4.0480865837755926e-07,-0.0339726027397261,1.586412309858002e-07,-0.0331506849315068,1.2034852005819325e-06,-0.0330136986301369,5.853314384648491e-07,-0.0328767123287672,3.8292710927606954e-08,-0.0327397260273972,2.4616742739175896e-07,-0.0326027397260273,5.415683402618696e-07,1,0,1,1,1
908,34,13:55:27,9,-0.0334246575342465,141120.0,-0.0332876712328767,-0.0334246575342465,8.752619640595873e-08,-0.0335616438356164,2.1334510373952441e-07,-0.0336986301369862,8.205580913058631e-08,-0.0338356164383562,4.102790456529316e-07,-0.0339726027397261,4.3216059475442123e-07,-0.0331506849315068,1.4441822406983192e-06,-0.0330136986301369,6.181537621170835e-07,-0.0328767123287672,3.8292710927606954e-08,-0.0327397260273972,2.4616742739175896e-07,-0.0326027397260273,5.415683402618696e-07,1,0,1,1,1
909,34,13:55:30,9,-0.0336986301369862,726718.0,-0.0336301369863013,-0.0336986301369862,1.1487813278282086e-07,-0.0338356164383562,4.212198202036764e-07,-0.0339726027397261,1.0557847441468773e-06,-0.0341095890410958,9.682585477409186e-07,-0.0342465753424657,6.641050152302119e-06,-0.0335616438356164,3.829271092760695e-07,-0.0334246575342465,8.752619640595873e-08,-0.0332876712328767,1.2581890733356568e-07,-0.0331506849315068,1.3949487552199674e-06,-0.0330136986301369,6.181537621170835e-07,1,1,1,1,1
910,34,13:55:33,9,-0.0332876712328767,1142970.0,-0.0336986301369863,-0.0338356164383562,1.37853759339385e-06,-0.0339726027397261,1.0557847441468773e-06,-0.0341095890410958,1.247248298784912e-06,-0.0342465753424657,6.859865643317016e-06,-0.0343835616438357,7.93206154929001e-07,-0.0335616438356164,2.1881549101489683e-08,-0.0332876712328767,3.8292710927606954e-08,-0.0331506849315068,1.3949487552199674e-06,-0.0330136986301369,5.853314384648491e-07,-0.0328767123287672,3.8292710927606954e-08,1,1,1,1,1
911,34,13:55:36,9,-0.0335616438356164,98769.0,-0.0336986301369863,-0.0338356164383562,1.3894783679445948e-06,-0.0339726027397261,1.0776662932483669e-06,-0.0341095890410958,1.520767662553533e-06,-0.0342465753424657,6.996625325201327e-06,-0.0343835616438357,7.986765422043734e-07,-0.0335616438356164,1.0940774550744842e-08,-0.0334246575342465,1.416830304321457e-06,-0.0332876712328767,3.282232365223452e-08,-0.0331506849315068,1.531708437104278e-06,-0.0330136986301369,5.853314384648491e-07,1,1,1,1,1
912,34,13:55:39,9,-0.0336986301369862,303374.0,-0.0334931506849314,-0.0335616438356164,5.470387275372421e-09,-0.0338356164383562,1.3949487552199674e-06,-0.0339726027397261,1.0776662932483669e-06,-0.0341095890410958,1.520767662553533e-06,-0.0342465753424657,7.002095712476698e-06,-0.0334246575342465,1.4004191424953395e-06,-0.0332876712328767,3.282232365223452e-08,-0.0331506849315068,1.531708437104278e-06,-0.0330136986301369,5.853314384648491e-07,-0.0328767123287672,3.8292710927606954e-08,0,0,1,1,1
913,34,13:55:42,9,-0.0335616438356164,1298039.0,-0.0336986301369863,-0.0338356164383562,1.1761332642050703e-06,-0.0339726027397261,1.1651924896543256e-06,-0.0341095890410958,1.520767662553533e-06,-0.0342465753424657,7.040388423404305e-06,-0.0343835616438357,7.986765422043734e-07,-0.0335616438356164,5.962722130155939e-07,-0.0334246575342465,1.6411161826117262e-06,-0.0332876712328767,1.3128929460893809e-07,-0.0331506849315068,1.531708437104278e-06,-0.0330136986301369,5.853314384648491e-07,1,1,1,1,1
914,34,13:55:45,9,-0.0335616438356164,839345.0,-0.0336986301369863,-0.0338356164383562,6.345649239432008e-07,-0.0339726027397261,1.1761332642050703e-06,-0.0341095890410958,1.5426492116550226e-06,-0.0342465753424657,7.0239772615781885e-06,-0.0343835616438357,7.986765422043734e-07,-0.0335616438356164,1.9146355463803476e-07,-0.0334246575342465,1.5535899862057675e-06,-0.0332876712328767,1.3128929460893809e-07,-0.0331506849315068,1.531708437104278e-06,-0.0330136986301369,5.525091148126145e-07,1,1,1,1,1
915,34,13:55:48,9,-0.0338356164383562,2165349.0,-0.0336986301369863,-0.0338356164383562,5.470387275372421e-09,-0.0339726027397261,1.1761332642050703e-06,-0.0341095890410958,1.5645307607565124e-06,-0.0342465753424657,7.034918036128933e-06,-0.0343835616438357,7.986765422043734e-07,-0.0335616438356164,1.3183633333647534e-06,-0.0334246575342465,1.630175408060981e-06,-0.0332876712328767,1.3128929460893809e-07,-0.0331506849315068,1.55906037348114e-06,-0.0330136986301369,2.1334510373952441e-07,1,1,1,1,1
916,34,13:55:51,9,-0.0339726027397261,789829.0,-0.0340410958904109,-0.0341095890410958,1.5645307607565124e-06,-0.0342465753424657,7.11697384525952e-06,-0.0343835616438357,7.986765422043734e-07,-0.0345205479452054,4.592335413802393e-06,-0.0346575342465753,6.947391839722974e-07,-0.0339726027397261,4.3763098202979367e-08,-0.0338356164383562,4.3763098202979367e-08,-0.0335616438356164,1.531708437104278e-06,-0.0334246575342465,1.630175408060981e-06,-0.0332876712328767,2.352266528410141e-07,1,1,1,1,1
917,34,13:55:54,9,-0.0341095890410958,1516325.0,-0.0340410958904109,-0.0341095890410958,9.35436224088684e-07,-0.0342465753424657,7.160736943462499e-06,-0.0343835616438357,7.986765422043734e-07,-0.0345205479452054,4.592335413802393e-06,-0.0346575342465753,6.947391839722974e-07,-0.0339726027397261,6.017426002909662e-08,-0.0338356164383562,1.3675968188431052e-07,-0.0336986301369862,2.7351936376862106e-08,-0.0335616438356164,1.0940774550744842e-06,-0.0334246575342465,1.5481195989303952e-06,1,1,1,1,1
918,34,13:55:57,9,-0.0341095890410958,190397.0,-0.0339726027397259,-0.0341095890410958,9.135546749871944e-07,-0.0342465753424657,7.160736943462499e-06,-0.0343835616438357,7.986765422043734e-07,-0.0345205479452054,4.619687350179256e-06,-0.0346575342465753,6.947391839722974e-07,-0.0338356164383562,2.6257858921787617e-07,-0.0336986301369862,2.7351936376862106e-08,-0.0335616438356164,1.0940774550744842e-06,-0.0334246575342465,1.5481195989303952e-06,-0.0332876712328767,1.3675968188431052e-07,1,1,1,1,1
919,34,13:56:00,9,-0.0339726027397261,585347.0,-0.033904109589041,-0.0339726027397261,3.282232365223452e-08,-0.0341095890410958,7.603838312767665e-07,-0.0342465753424657,7.27561507624532e-06,-0.0343835616438357,7.986765422043734e-07,-0.0345205479452054,4.619687350179256e-06,-0.0338356164383562,2.7351936376862106e-08,-0.0335616438356164,9.190250622625668e-07,-0.0334246575342465,1.5481195989303952e-06,-0.0332876712328767,1.3675968188431052e-07,-0.0331506849315068,1.3675968188431052e-06,1,1,1,1,1
920,34,13:56:03,9,-0.0338356164383562,183357.0,-0.0339726027397259,-0.0341095890410958,1.5152972752781606e-06,-0.0342465753424657,7.330318948999044e-06,-0.0343835616438357,7.986765422043734e-07,-0.0345205479452054,4.619687350179256e-06,-0.0346575342465753,6.947391839722974e-07,-0.0338356164383562,2.7351936376862106e-08,-0.0335616438356164,9.026139004364496e-07,-0.0334246575342465,1.5043565007274155e-06,-0.0332876712328767,1.3675968188431052e-07,-0.0331506849315068,1.3675968188431052e-06,1,1,1,1,1
921,34,13:56:06,9,-0.0341095890410958,1417265.0,-0.0340410958904109,-0.0341095890410958,6.673872475954353e-07,-0.0342465753424657,7.417845145405003e-06,-0.0343835616438357,7.986765422043734e-07,-0.0345205479452054,4.619687350179256e-06,-0.0346575342465753,6.947391839722974e-07,-0.0339726027397261,2.7351936376862106e-08,-0.0338356164383562,1.0940774550744841e-07,-0.0336986301369862,5.470387275372421e-08,-0.0335616438356164,9.026139004364496e-07,-0.0334246575342465,1.805227800872899e-07,1,1,1,1,1
922,34,13:56:09,9,-0.0341095890410958,373763.0,-0.0340410958904109,-0.0341095890410958,7.93206154929001e-07,-0.0342465753424657,7.516312116361706e-06,-0.0343835616438357,7.986765422043734e-07,-0.0345205479452054,4.625157737454628e-06,-0.0346575342465753,6.947391839722974e-07,-0.0339726027397261,8.752619640595873e-08,-0.0338356164383562,8.752619640595873e-08,-0.0336986301369862,5.470387275372421e-08,-0.0335616438356164,9.026139004364496e-07,-0.0334246575342465,1.805227800872899e-07,1,1,1,1,1
923,34,13:56:12,9,-0.0341095890410958,606423.0,-0.0340410958904109,-0.0341095890410958,5.634498893633593e-07,-0.0342465753424657,7.521782503637078e-06,-0.0343835616438357,7.986765422043734e-07,-0.0345205479452054,4.625157737454628e-06,-0.0346575342465753,6.947391839722974e-07,-0.0339726027397261,6.509760857693181e-07,-0.0338356164383562,1.3457152697416156e-06,-0.0336986301369862,5.470387275372421e-08,-0.0335616438356164,9.026139004364496e-07,-0.0334246575342465,1.805227800872899e-07,1,1,1,1,1
924,34,13:56:15,9,-0.0339726027397261,458353.0,-0.0340410958904109,-0.0341095890410958,7.54913444001394e-07,-0.0342465753424657,7.560075214564685e-06,-0.0343835616438357,7.986765422043734e-07,-0.0345205479452054,4.63062812473e-06,-0.0346575342465753,6.947391839722974e-07,-0.0339726027397261,1.2636594606110292e-06,-0.0338356164383562,1.3457152697416156e-06,-0.0336986301369862,5.470387275372421e-08,-0.0335616438356164,9.299658368133116e-07,-0.0334246575342465,1.6958200553654506e-07,1,1,1,1,1
925,34,13:56:18,9,-0.0339726027397261,1269314.0,-0.0340410958904109,-0.0341095890410958,1.3566560442923605e-06,-0.0342465753424657,7.674953347347507e-06,-0.0343835616438357,7.986765422043734e-07,-0.0345205479452054,4.636098512005373e-06,-0.0346575342465753,6.673872475954353e-07,-0.0339726027397261,6.290945366678284e-07,-0.0338356164383562,1.5152972752781606e-06,-0.0336986301369862,2.4616742739175896e-07,-0.0335616438356164,9.244954495379392e-07,-0.0334246575342465,1.6958200553654506e-07,1,1,1,1,1
926,34,13:56:21,9,-0.0339726027397261,465404.0,-0.0340410958904109,-0.0341095890410958,1.8435205118005056e-06,-0.0342465753424657,7.691364509173624e-06,-0.0343835616438357,7.986765422043734e-07,-0.0345205479452054,4.636098512005373e-06,-0.0346575342465753,1.7614647026699197e-06,-0.0339726027397261,4.649829184066558e-07,-0.0338356164383562,1.5152972752781606e-06,-0.0336986301369862,2.4616742739175896e-07,-0.0335616438356164,9.244954495379392e-07,-0.0334246575342465,1.6958200553654506e-07,1,1,1,1,1
927,34,13:56:24,9,-0.0339726027397261,810961.0,-0.0340410958904109,-0.0341095890410958,1.001080871393153e-06,-0.0342465753424657,7.691364509173624e-06,-0.0343835616438357,7.986765422043734e-07,-0.0345205479452054,4.636098512005373e-06,-0.0346575342465753,1.7614647026699197e-06,-0.0339726027397261,7.385022821752768e-07,-0.0338356164383562,1.613764246234864e-06,-0.0336986301369862,2.4616742739175896e-07,-0.0335616438356164,9.244954495379392e-07,-0.0334246575342465,1.6958200553654506e-07,1,1,1,1,1
928,34,13:56:27,9,-0.0341095890410958,1361003.0,-0.033904109589041,-0.0339726027397261,8.752619640595873e-08,-0.0341095890410958,1.050314356871505e-06,-0.0342465753424657,7.899239225637775e-06,-0.0343835616438357,7.986765422043734e-07,-0.0345205479452054,4.636098512005373e-06,-0.0338356164383562,1.5973530844087468e-06,-0.0336986301369862,2.4616742739175896e-07,-0.0335616438356164,9.244954495379392e-07,-0.0334246575342465,1.6958200553654506e-07,-0.0332876712328767,1.03937358232076e-07,1,1,1,1,1
929,34,13:56:30,9,-0.0338356164383562,3850185.0,-0.033904109589041,-0.0339726027397261,1.805227800872899e-07,-0.0341095890410958,4.3763098202979367e-08,-0.0342465753424657,7.921120774739265e-06,-0.0343835616438357,7.986765422043734e-07,-0.0345205479452054,4.641568899280745e-06,-0.0338356164383562,7.54913444001394e-07,-0.0336986301369862,2.4616742739175896e-07,-0.0335616438356164,9.026139004364496e-07,-0.0334246575342465,1.6958200553654506e-07,-0.0332876712328767,1.03937358232076e-07,1,1,1,1,1
930,34,13:56:33,9,-0.0338356164383562,683277.0,-0.033904109589041,-0.0339726027397261,1.755994315394547e-07,-0.0341095890410958,1.9693394191340717e-07,-0.0342465753424657,7.828124191057933e-06,-0.0343835616438357,7.986765422043734e-07,-0.0345205479452054,4.7072135465852144e-06,-0.0338356164383562,7.713246058275113e-07,-0.0336986301369862,4.540421438559109e-07,-0.0335616438356164,9.026139004364496e-07,-0.0334246575342465,1.6958200553654506e-07,-0.0332876712328767,1.03937358232076e-07,1,1,1,1,1
931,34,13:56:36,9,-0.0339726027397261,853363.0,-0.033904109589041,-0.0339726027397261,7.713246058275113e-08,-0.0341095890410958,2.297562655656417e-07,-0.0342465753424657,7.828124191057933e-06,-0.0343835616438357,8.588508022334701e-07,-0.0345205479452054,4.7072135465852144e-06,-0.0338356164383562,3.829271092760695e-07,-0.0336986301369862,4.540421438559109e-07,-0.0335616438356164,9.026139004364496e-07,-0.0334246575342465,1.6958200553654506e-07,-0.0332876712328767,1.03937358232076e-07,1,1,1,1,1
932,34,13:56:39,9,-0.0341095890410958,473151.0,-0.0340410958904109,-0.0341095890410958,3.8292710927606954e-08,-0.0342465753424657,7.893768838362403e-06,-0.0343835616438357,8.588508022334701e-07,-0.0345205479452054,4.7072135465852144e-06,-0.0346575342465753,1.7614647026699197e-06,-0.0339726027397261,4.8686446750814544e-08,-0.0338356164383562,3.829271092760695e-07,-0.0336986301369862,5.087460166096352e-07,-0.0335616438356164,9.026139004364496e-07,-0.0334246575342465,1.6958200553654506e-07,1,1,1,1,1
933,34,13:56:42,9,-0.0342465753424657,70509.0,-0.0340410958904109,-0.0341095890410958,1.4223006915968298e-07,-0.0342465753424657,7.948472711116128e-06,-0.0343835616438357,8.588508022334701e-07,-0.0345205479452054,4.7072135465852144e-06,-0.0346575342465753,1.7669350899452918e-06,-0.0339726027397261,1.635645795336354e-07,-0.0338356164383562,4.485717565805385e-07,-0.0336986301369862,5.087460166096352e-07,-0.0335616438356164,9.026139004364496e-07,-0.0334246575342465,2.2428587829026925e-07,1,1,1,1,1
934,34,13:56:45,9,-0.0338356164383562,464747.0,-0.033904109589041,-0.0339726027397261,5.5250911481261454e-08,-0.0341095890410958,1.750523928119175e-07,-0.0342465753424657,7.953943098391499e-06,-0.0343835616438357,8.588508022334701e-07,-0.0345205479452054,4.712683933860587e-06,-0.0338356164383562,3.5010478562383493e-07,-0.0336986301369862,5.087460166096352e-07,-0.0335616438356164,9.026139004364496e-07,-0.0334246575342465,2.2428587829026925e-07,-0.0332876712328767,1.03937358232076e-07,1,1,1,1,1
935,34,13:56:48,9,-0.0339726027397261,282080.0,-0.033904109589041,-0.0339726027397261,3.8839749655144196e-08,-0.0341095890410958,2.07874716464152e-07,-0.0342465753424657,7.926591162014638e-06,-0.0343835616438357,8.588508022334701e-07,-0.0345205479452054,4.712683933860587e-06,-0.0338356164383562,1.351185657016988e-06,-0.0336986301369862,5.087460166096352e-07,-0.0335616438356164,8.205580913058631e-08,-0.0334246575342465,2.2428587829026925e-07,-0.0332876712328767,1.03937358232076e-07,1,1,1,1,1
936,34,13:56:51,9,-0.0339726027397261,317314.0,-0.033904109589041,-0.0339726027397261,7.65854218552139e-08,-0.0341095890410958,5.147634426125448e-07,-0.0342465753424657,7.921120774739265e-06,-0.0343835616438357,8.588508022334701e-07,-0.0345205479452054,4.712683933860587e-06,-0.0338356164383562,1.3675968188431052e-06,-0.0336986301369862,5.087460166096352e-07,-0.0335616438356164,8.205580913058631e-08,-0.0334246575342465,2.2428587829026925e-07,-0.0332876712328767,1.03937358232076e-07,1,1,1,1,1
937,34,13:56:54,9,-0.0338356164383562,1530485.0,-0.033904109589041,-0.0339726027397261,1.641116182611726e-08,-0.0341095890410958,5.913488644677587e-07,-0.0342465753424657,7.937531936565383e-06,-0.0343835616438357,8.588508022334701e-07,-0.0345205479452054,4.712683933860587e-06,-0.0338356164383562,2.6257858921787617e-07,-0.0336986301369862,6.126833748417112e-07,-0.0335616438356164,8.205580913058631e-08,-0.0334246575342465,2.2428587829026925e-07,-0.0332876712328767,1.03937358232076e-07,1,1,1,1,1
938,34,13:56:57,9,-0.0339726027397261,197469.0,-0.0340410958904109,-0.0341095890410958,1.1165060429035111e-06,-0.0342465753424657,8.030528520246713e-06,-0.0343835616438357,8.643211895088425e-07,-0.0345205479452054,4.712683933860587e-06,-0.0346575342465753,1.7669350899452918e-06,-0.0339726027397261,1.531708437104278e-07,-0.0338356164383562,1.9146355463803476e-07,-0.0336986301369862,6.126833748417112e-07,-0.0335616438356164,8.205580913058631e-08,-0.0334246575342465,2.2428587829026925e-07,1,1,1,1,1
939,34,13:57:00,9,-0.0339726027397261,260924.0,-0.0340410958904109,-0.0341095890410958,1.154798753831118e-06,-0.0342465753424657,8.09070278027581e-06,-0.0343835616438357,8.643211895088425e-07,-0.0345205479452054,4.71815432113596e-06,-0.0346575342465753,1.7669350899452918e-06,-0.0339726027397261,5.470387275372421e-09,-0.0338356164383562,1.9146355463803476e-07,-0.0336986301369862,7.166207330737871e-07,-0.0335616438356164,8.205580913058631e-08,-0.0334246575342465,2.2428587829026925e-07,1,1,1,1,1
940,34,13:57:03,9,-0.0339726027397261,190394.0,-0.033904109589041,-0.0339726027397261,2.7351936376862106e-08,-0.0341095890410958,1.1602691411064904e-06,-0.0342465753424657,8.13446587847879e-06,-0.0343835616438357,8.697915767842149e-07,-0.0345205479452054,4.7345654829620764e-06,-0.0338356164383562,1.6411161826117265e-07,-0.0336986301369862,7.166207330737871e-07,-0.0335616438356164,8.205580913058631e-08,-0.0334246575342465,2.2428587829026925e-07,-0.0332876712328767,1.03937358232076e-07,1,1,1,1,1
941,34,13:57:06,9,-0.0339726027397261,204512.0,-0.033904109589041,-0.0339726027397261,1.3675968188431052e-06,-0.0341095890410958,2.1449388506735264e-06,-0.0342465753424657,8.194640138507887e-06,-0.0343835616438357,8.697915767842149e-07,-0.0345205479452054,4.7345654829620764e-06,-0.0338356164383562,1.4223006915968298e-07,-0.0336986301369862,7.166207330737871e-07,-0.0335616438356164,8.205580913058631e-08,-0.0334246575342465,2.2428587829026925e-07,-0.0332876712328767,1.03937358232076e-07,1,1,1,1,1
942,34,13:57:09,9,-0.0338356164383562,401998.0,-0.0338356164383562,-0.0339726027397261,1.662997731713216e-06,-0.0341095890410958,2.199095684699713e-06,-0.0342465753424657,8.260284785812356e-06,-0.0343835616438357,8.697915767842149e-07,-0.0345205479452054,4.7345654829620764e-06,-0.0336986301369862,9.190250622625668e-07,-0.0335616438356164,8.205580913058631e-08,-0.0334246575342465,2.2428587829026925e-07,-0.0332876712328767,1.03937358232076e-07,-0.0331506849315068,1.3183633333647534e-06,1,1,1,1,1
943,34,13:57:12,9,-0.0336986301369862,134009.0,-0.0337671232876712,-0.0338356164383562,8.424396404073528e-07,-0.0339726027397261,1.7122312171915677e-06,-0.0341095890410958,2.2811514938303e-06,-0.0342465753424657,8.336870207667568e-06,-0.0343835616438357,8.697915767842149e-07,-0.0336986301369862,9.080842877118218e-07,-0.0335616438356164,1.6958200553654506e-07,-0.0334246575342465,2.2428587829026925e-07,-0.0332876712328767,1.03937358232076e-07,-0.0331506849315068,1.3183633333647534e-06,1,1,1,1,1
944,34,13:57:15,9,-0.0336986301369862,331518.0,-0.0337671232876712,-0.0338356164383562,8.369692531319804e-07,-0.0339726027397261,1.7122312171915677e-06,-0.0341095890410958,2.833660608642914e-06,-0.0342465753424657,8.336870207667568e-06,-0.0343835616438357,8.807323513349597e-07,-0.0336986301369862,7.767949931028838e-07,-0.0335616438356164,1.6958200553654506e-07,-0.0334246575342465,2.2428587829026925e-07,-0.0332876712328767,1.03937358232076e-07,-0.0331506849315068,1.3183633333647534e-06,1,1,1,1,1
945,34,13:57:18,9,-0.0338356164383562,162219.0,-0.0337671232876712,-0.0338356164383562,8.041469294797458e-07,-0.0339726027397261,2.002161742786306e-06,-0.0341095890410958,2.8391309959182866e-06,-0.0342465753424657,8.336870207667568e-06,-0.0343835616438357,8.807323513349597e-07,-0.0336986301369862,7.767949931028838e-07,-0.0335616438356164,2.680489764932487e-07,-0.0334246575342465,2.297562655656417e-07,-0.0332876712328767,1.03937358232076e-07,-0.0331506849315068,1.3183633333647534e-06,1,1,1,1,1
946,34,13:57:21,9,-0.0336986301369862,1248537.0,-0.0336301369863013,-0.0336986301369862,6.23624149392456e-07,-0.0338356164383562,9.026139004364496e-07,-0.0339726027397261,1.985750580960189e-06,-0.0341095890410958,3.183765394266749e-06,-0.0342465753424657,8.298577496739962e-06,-0.0335616438356164,2.406970401163865e-07,-0.0334246575342465,2.297562655656417e-07,-0.0332876712328767,1.03937358232076e-07,-0.0331506849315068,1.3183633333647534e-06,-0.0330136986301369,1.3128929460893809e-07,1,0,1,1,1
947,34,13:57:24,9,-0.0338356164383562,1227350.0,-0.0336301369863013,-0.0336986301369862,1.641116182611726e-08,-0.0338356164383562,5.853314384648491e-07,-0.0339726027397261,1.9802801936848164e-06,-0.0341095890410958,3.353347399803294e-06,-0.0342465753424657,8.353281369493686e-06,-0.0335616438356164,2.7898975104399344e-07,-0.0334246575342465,2.297562655656417e-07,-0.0332876712328767,1.03937358232076e-07,-0.0331506849315068,1.3183633333647534e-06,-0.0330136986301369,1.3128929460893809e-07,0,0,1,1,1
948,34,13:57:27,9,-0.0336986301369862,77595.0,-0.0337671232876712,-0.0338356164383562,6.072129875663387e-07,-0.0339726027397261,2.002161742786306e-06,-0.0341095890410958,3.347877012527921e-06,-0.0342465753424657,8.380633305870549e-06,-0.0343835616438357,8.807323513349597e-07,-0.0336986301369862,2.7351936376862106e-08,-0.0335616438356164,3.063416874208556e-07,-0.0334246575342465,1.482474951625926e-06,-0.0332876712328767,1.03937358232076e-07,-0.0331506849315068,1.3183633333647534e-06,1,1,1,1,1
949,34,13:57:30,9,-0.0339726027397261,1368352.0,-0.033904109589041,-0.0339726027397261,2.002161742786306e-06,-0.0341095890410958,3.347877012527921e-06,-0.0342465753424657,8.506452213204115e-06,-0.0343835616438357,9.35436224088684e-07,-0.0345205479452054,4.7345654829620764e-06,-0.0338356164383562,1.8380501245251333e-06,-0.0336986301369862,1.859931673626623e-07,-0.0335616438356164,2.07874716464152e-07,-0.0334246575342465,1.5809419225826295e-06,-0.0332876712328767,1.03937358232076e-07,1,1,1,1,1
950,34,13:57:33,9,-0.0339726027397261,3166399.0,-0.0340410958904109,-0.0341095890410958,3.353347399803294e-06,-0.0342465753424657,8.506452213204115e-06,-0.0343835616438357,9.35436224088684e-07,-0.0345205479452054,4.7345654829620764e-06,-0.0346575342465753,1.7669350899452918e-06,-0.0339726027397261,2.7133120885847205e-06,-0.0338356164383562,1.7559943153945471e-06,-0.0336986301369862,1.03937358232076e-07,-0.0335616438356164,2.07874716464152e-07,-0.0334246575342465,1.5809419225826295e-06,1,1,1,1,1
951,34,13:57:36,9,-0.0339726027397261,2961488.0,-0.0340410958904109,-0.0341095890410958,1.416830304321457e-06,-0.0342465753424657,8.51739298775486e-06,-0.0343835616438357,9.35436224088684e-07,-0.0345205479452054,4.7345654829620764e-06,-0.0346575342465753,1.7669350899452918e-06,-0.0339726027397261,1.662997731713216e-06,-0.0338356164383562,1.028432807770015e-06,-0.0336986301369862,1.2034852005819325e-07,-0.0335616438356164,2.07874716464152e-07,-0.0334246575342465,1.482474951625926e-06,1,1,1,1,1
952,34,13:57:39,9,-0.0341095890410958,2305669.0,-0.0341780821917808,-0.0342465753424657,8.446277953175018e-06,-0.0343835616438357,9.35436224088684e-07,-0.0345205479452054,4.7345654829620764e-06,-0.0346575342465753,1.7669350899452918e-06,-0.0347945205479452,4.172264374926545e-07,-0.0341095890410958,3.200176556092866e-06,-0.0339726027397261,1.6848792808147057e-06,-0.0338356164383562,2.210036459250458e-06,-0.0336986301369862,1.3128929460893809e-07,-0.0335616438356164,2.1334510373952441e-07,1,1,1,1,1
953,34,13:57:42,9,-0.0341095890410958,6183178.0,-0.0341780821917808,-0.0342465753424657,5.623558119082848e-06,-0.0343835616438357,9.35436224088684e-07,-0.0345205479452054,4.7345654829620764e-06,-0.0346575342465753,1.7669350899452918e-06,-0.0347945205479452,4.117560502172821e-07,-0.0341095890410958,1.6794088935393331e-06,-0.0339726027397261,2.0623360028154027e-06,-0.0338356164383562,2.231918008351948e-06,-0.0336986301369862,1.3128929460893809e-07,-0.0335616438356164,2.7351936376862106e-08,1,1,1,1,1
954,34,13:57:45,9,-0.0341095890410958,2192787.0,-0.0341780821917808,-0.0342465753424657,5.300805269835876e-06,-0.0343835616438357,9.35436224088684e-07,-0.0345205479452054,4.7345654829620764e-06,-0.0346575342465753,1.7669350899452918e-06,-0.0347945205479452,4.664599229710063e-07,-0.0341095890410958,1.4988861134520434e-06,-0.0339726027397261,2.2045660719750856e-06,-0.0338356164383562,2.231918008351948e-06,-0.0336986301369862,1.3128929460893809e-07,-0.0335616438356164,2.7351936376862106e-08,1,1,1,1,1
955,34,13:57:48,9,-0.0341095890410958,2143364.0,-0.0341780821917808,-0.0342465753424657,4.556832600385226e-06,-0.0343835616438357,9.35436224088684e-07,-0.0345205479452054,4.7345654829620764e-06,-0.0346575342465753,1.7669350899452918e-06,-0.0347945205479452,4.664599229710063e-07,-0.0341095890410958,2.133451037395244e-06,-0.0339726027397261,2.2045660719750856e-06,-0.0338356164383562,2.231918008351948e-06,-0.0336986301369862,1.3128929460893809e-07,-0.0335616438356164,3.8292710927606954e-08,1,1,1,1,1
956,34,13:57:51,9,-0.0341095890410958,1254938.0,-0.0341780821917808,-0.0342465753424657,3.84021186731144e-06,-0.0343835616438357,9.35436224088684e-07,-0.0345205479452054,4.7345654829620764e-06,-0.0346575342465753,1.7669350899452918e-06,-0.0347945205479452,4.664599229710063e-07,-0.0341095890410958,1.9310467082064645e-06,-0.0339726027397261,1.974809806409444e-06,-0.0338356164383562,2.231918008351948e-06,-0.0336986301369862,1.3128929460893809e-07,-0.0335616438356164,3.8292710927606954e-08,1,1,1,1,1
957,34,13:57:54,9,-0.0342465753424657,2502761.0,-0.0341780821917808,-0.0342465753424657,2.2264476210765754e-06,-0.0343835616438357,9.244954495379392e-07,-0.0345205479452054,4.7345654829620764e-06,-0.0346575342465753,1.7669350899452918e-06,-0.0347945205479452,4.664599229710063e-07,-0.0341095890410958,1.936517095481837e-06,-0.0339726027397261,2.0349840664385407e-06,-0.0338356164383562,2.231918008351948e-06,-0.0336986301369862,1.3128929460893809e-07,-0.0335616438356164,8.752619640595873e-08,1,1,1,1,1
958,34,13:57:57,9,-0.0342465753424657,465313.0,-0.0341780821917808,-0.0342465753424657,1.941987482757209e-06,-0.0343835616438357,9.35436224088684e-07,-0.0345205479452054,4.7892693557158e-06,-0.0346575342465753,1.7669350899452918e-06,-0.0347945205479452,4.664599229710063e-07,-0.0341095890410958,1.870872448177368e-06,-0.0339726027397261,2.127980650119872e-06,-0.0338356164383562,2.231918008351948e-06,-0.0336986301369862,1.1487813278282086e-07,-0.0335616438356164,9.846697095670357e-08,1,1,1,1,1
959,34,13:58:00,9,-0.0341095890410958,2587697.0,-0.0340410958904109,-0.0341095890410958,1.9146355463803476e-07,-0.0342465753424657,2.177214135598224e-06,-0.0343835616438357,9.35436224088684e-07,-0.0345205479452054,4.816621292092663e-06,-0.0346575342465753,1.7669350899452918e-06,-0.0339726027397261,2.127980650119872e-06,-0.0338356164383562,1.5535899862057675e-06,-0.0336986301369862,1.1487813278282086e-07,-0.0335616438356164,1.586412309858002e-07,-0.0334246575342465,1.482474951625926e-06,1,1,1,1,1
960,34,13:58:03,9,-0.0341095890410958,408949.0,-0.0340410958904109,-0.0341095890410958,1.1487813278282083e-06,-0.0342465753424657,2.127980650119872e-06,-0.0343835616438357,1.1487813278282083e-06,-0.0345205479452054,4.816621292092663e-06,-0.0346575342465753,1.7724054772206644e-06,-0.0339726027397261,2.133451037395244e-06,-0.0338356164383562,2.680489764932487e-07,-0.0336986301369862,1.1487813278282086e-07,-0.0335616438356164,1.586412309858002e-07,-0.0334246575342465,1.482474951625926e-06,1,1,1,1,1
961,34,13:58:06,9,-0.0341095890410958,324351.0,-0.0340410958904109,-0.0341095890410958,9.73728935016291e-07,-0.0342465753424657,2.1662733610474785e-06,-0.0343835616438357,1.1214293914513463e-06,-0.0345205479452054,4.816621292092663e-06,-0.0346575342465753,1.7724054772206644e-06,-0.0339726027397261,1.1378405532774636e-06,-0.0338356164383562,2.680489764932487e-07,-0.0336986301369862,1.1487813278282086e-07,-0.0335616438356164,1.586412309858002e-07,-0.0334246575342465,1.4770045643505535e-06,1,1,1,1,1
962,34,13:58:09,9,-0.0341095890410958,1085862.0,-0.0340410958904109,-0.0341095890410958,1.9146355463803476e-07,-0.0342465753424657,2.2045660719750856e-06,-0.0343835616438357,1.1378405532774636e-06,-0.0345205479452054,4.816621292092663e-06,-0.0346575342465753,1.7724054772206644e-06,-0.0339726027397261,1.1214293914513463e-06,-0.0338356164383562,4.704533056820282e-07,-0.0336986301369862,1.1487813278282086e-07,-0.0335616438356164,1.586412309858002e-07,-0.0334246575342465,1.4770045643505535e-06,1,1,1,1,1
963,34,13:58:12,9,-0.0341095890410958,7051.0,-0.0340410958904109,-0.0341095890410958,4.649829184066558e-07,-0.0342465753424657,2.25926994472881e-06,-0.0343835616438357,1.1378405532774636e-06,-0.0345205479452054,4.816621292092663e-06,-0.0346575342465753,1.7724054772206644e-06,-0.0339726027397261,1.1214293914513463e-06,-0.0338356164383562,4.704533056820282e-07,-0.0336986301369862,1.1487813278282086e-07,-0.0335616438356164,1.586412309858002e-07,-0.0334246575342465,1.4770045643505535e-06,1,1,1,1,1
964,34,13:58:15,9,-0.0341095890410958,564080.0,-0.0340410958904109,-0.0341095890410958,8.752619640595873e-08,-0.0342465753424657,2.330384979308651e-06,-0.0343835616438357,1.1378405532774636e-06,-0.0345205479452054,4.843973228469525e-06,-0.0346575342465753,1.783346251771409e-06,-0.0339726027397261,1.1870740387558152e-06,-0.0338356164383562,4.704533056820282e-07,-0.0336986301369862,1.1487813278282086e-07,-0.0335616438356164,2.0240432918877963e-07,-0.0334246575342465,1.4770045643505535e-06,1,1,1,1,1
965,34,13:58:18,9,-0.0339726027397261,2143528.0,-0.0340410958904109,-0.0341095890410958,6.0885410374895045e-06,-0.0342465753424657,1.7231719917423126e-06,-0.0343835616438357,1.1378405532774636e-06,-0.0345205479452054,4.843973228469525e-06,-0.0346575342465753,1.783346251771409e-06,-0.0339726027397261,5.470387275372421e-08,-0.0338356164383562,7.27561507624532e-07,-0.0336986301369862,1.1487813278282086e-07,-0.0335616438356164,2.0240432918877963e-07,-0.0334246575342465,1.4770045643505535e-06,1,1,1,1,1
966,34,13:58:21,9,-0.0341095890410958,331404.0,-0.0340410958904109,-0.0341095890410958,6.176067233895463e-06,-0.0342465753424657,1.728642379017685e-06,-0.0343835616438357,1.1378405532774636e-06,-0.0345205479452054,4.87679555212176e-06,-0.0346575342465753,1.783346251771409e-06,-0.0339726027397261,4.9233485478351786e-08,-0.0338356164383562,7.27561507624532e-07,-0.0336986301369862,1.1487813278282086e-07,-0.0335616438356164,2.0240432918877963e-07,-0.0334246575342465,1.4770045643505535e-06,1,1,1,1,1
967,34,13:58:24,9,-0.0339726027397261,535891.0,-0.033904109589041,-0.0339726027397261,8.205580913058631e-08,-0.0341095890410958,5.869725546474608e-06,-0.0342465753424657,2.1608029737721063e-06,-0.0343835616438357,1.5152972752781606e-06,-0.0345205479452054,4.87679555212176e-06,-0.0338356164383562,7.27561507624532e-07,-0.0336986301369862,1.1487813278282086e-07,-0.0335616438356164,2.07874716464152e-07,-0.0334246575342465,1.4770045643505535e-06,-0.0332876712328767,2.954009128701107e-07,1,1,1,1,1
968,34,13:58:27,9,-0.0338356164383562,49365.0,-0.033904109589041,-0.0339726027397261,4.923348547835179e-07,-0.0341095890410958,5.962722130155939e-06,-0.0342465753424657,2.248329170178065e-06,-0.0343835616438357,1.5152972752781606e-06,-0.0345205479452054,4.997144072179953e-06,-0.0338356164383562,7.220911203491596e-07,-0.0336986301369862,1.6958200553654506e-07,-0.0335616438356164,2.07874716464152e-07,-0.0334246575342465,1.4770045643505535e-06,-0.0332876712328767,2.954009128701107e-07,1,1,1,1,1
969,34,13:58:30,9,-0.0339726027397261,1325773.0,-0.0340410958904109,-0.0341095890410958,5.787669737344021e-06,-0.0342465753424657,2.335855366584024e-06,-0.0343835616438357,1.5152972752781606e-06,-0.0345205479452054,4.99167368490458e-06,-0.0346575342465753,1.783346251771409e-06,-0.0339726027397261,2.149862199221361e-06,-0.0338356164383562,6.181537621170835e-07,-0.0336986301369862,1.6958200553654506e-07,-0.0335616438356164,2.07874716464152e-07,-0.0334246575342465,1.4770045643505535e-06,1,1,1,1,1
970,34,13:58:33,9,-0.0339726027397261,1156434.0,-0.0340410958904109,-0.0341095890410958,5.278923720734386e-06,-0.0342465753424657,2.335855366584024e-06,-0.0343835616438357,1.5152972752781606e-06,-0.0345205479452054,4.99167368490458e-06,-0.0346575342465753,1.794287026322154e-06,-0.0339726027397261,1.9146355463803477e-06,-0.0338356164383562,7.330318948999044e-07,-0.0336986301369862,7.111503457984149e-08,-0.0335616438356164,2.07874716464152e-07,-0.0334246575342465,1.4770045643505535e-06,1,1,1,1,1
971,34,13:58:36,9,-0.0339726027397261,514785.0,-0.0340410958904109,-0.0341095890410958,5.2734533334590135e-06,-0.0342465753424657,2.352266528410141e-06,-0.0343835616438357,1.5152972752781606e-06,-0.0345205479452054,4.99167368490458e-06,-0.0346575342465753,1.794287026322154e-06,-0.0339726027397261,1.635645795336354e-06,-0.0338356164383562,6.783280221461801e-07,-0.0336986301369862,7.111503457984149e-08,-0.0335616438356164,2.07874716464152e-07,-0.0334246575342465,1.4770045643505535e-06,1,1,1,1,1
972,34,13:58:39,9,-0.0339726027397261,225662.0,-0.0340410958904109,-0.0341095890410958,5.360979529864972e-06,-0.0342465753424657,2.0896879391922647e-06,-0.0343835616438357,1.5152972752781606e-06,-0.0345205479452054,4.99167368490458e-06,-0.0346575342465753,1.794287026322154e-06,-0.0339726027397261,2.1389214246706165e-06,-0.0338356164383562,6.783280221461801e-07,-0.0336986301369862,7.111503457984149e-08,-0.0335616438356164,2.07874716464152e-07,-0.0334246575342465,1.4770045643505535e-06,1,1,1,1,1
973,34,13:58:42,9,-0.0341095890410958,796783.0,-0.0340410958904109,-0.0341095890410958,4.852233513255337e-06,-0.0342465753424657,2.177214135598224e-06,-0.0343835616438357,1.5152972752781606e-06,-0.0345205479452054,4.99167368490458e-06,-0.0346575342465753,1.794287026322154e-06,-0.0339726027397261,2.1115694882937545e-06,-0.0338356164383562,6.783280221461801e-07,-0.0336986301369862,7.111503457984149e-08,-0.0335616438356164,2.1881549101489682e-07,-0.0334246575342465,1.4770045643505535e-06,1,1,1,1,1
974,34,13:58:45,9,-0.0339726027397261,550050.0,-0.0340410958904109,-0.0341095890410958,4.988993195139648e-06,-0.0342465753424657,2.3413257538593963e-06,-0.0343835616438357,1.5152972752781606e-06,-0.0345205479452054,4.99167368490458e-06,-0.0346575342465753,1.794287026322154e-06,-0.0339726027397261,1.7724054772206644e-06,-0.0338356164383562,7.767949931028838e-07,-0.0336986301369862,7.111503457984149e-08,-0.0335616438356164,2.1881549101489682e-07,-0.0334246575342465,2.2428587829026925e-07,1,1,1,1,1
975,34,13:58:48,9,-0.0341095890410958,366658.0,-0.0340410958904109,-0.0341095890410958,4.573243762211344e-06,-0.0342465753424657,2.3467961411347684e-06,-0.0343835616438357,1.520767662553533e-06,-0.0345205479452054,4.99167368490458e-06,-0.0346575342465753,1.794287026322154e-06,-0.0339726027397261,2.390559239337748e-06,-0.0338356164383562,9.73728935016291e-07,-0.0336986301369862,7.111503457984149e-08,-0.0335616438356164,2.1881549101489682e-07,-0.0334246575342465,2.2428587829026925e-07,1,1,1,1,1
976,34,13:58:51,9,-0.0339726027397261,1057785.0,-0.0340410958904109,-0.0341095890410958,4.513069502182247e-06,-0.0342465753424657,2.385088852062376e-06,-0.0343835616438357,1.520767662553533e-06,-0.0345205479452054,5.1886076268179874e-06,-0.0346575342465753,1.794287026322154e-06,-0.0339726027397261,1.6465865698870986e-06,-0.0338356164383562,9.73728935016291e-07,-0.0336986301369862,7.111503457984149e-08,-0.0335616438356164,2.1881549101489682e-07,-0.0334246575342465,2.7898975104399344e-07,1,2,1,1,1
977,34,13:58:54,9,-0.0341095890410958,860290.0,-0.0340410958904109,-0.0341095890410958,4.81394080232773e-06,-0.0342465753424657,2.4507334993668446e-06,-0.0343835616438357,1.520767662553533e-06,-0.0345205479452054,5.19407801409336e-06,-0.0346575342465753,1.794287026322154e-06,-0.0339726027397261,1.2198963624080498e-06,-0.0338356164383562,1.0339031950453876e-06,-0.0336986301369862,7.111503457984149e-08,-0.0335616438356164,2.1881549101489682e-07,-0.0334246575342465,2.7898975104399344e-07,1,2,1,1,1
978,34,13:58:57,9,-0.0339726027397261,2108483.0,-0.033904109589041,-0.0339726027397261,2.1881549101489682e-07,-0.0341095890410958,6.017426002909663e-06,-0.0342465753424657,2.4616742739175893e-06,-0.0343835616438357,1.520767662553533e-06,-0.0345205479452054,5.473067765137353e-06,-0.0338356164383562,1.0339031950453876e-06,-0.0336986301369862,7.111503457984149e-08,-0.0335616438356164,2.1881549101489682e-07,-0.0334246575342465,2.7898975104399344e-07,-0.0332876712328767,2.954009128701107e-07,1,1,1,1,1
979,34,13:59:00,9,-0.0338356164383562,987415.0,-0.033904109589041,-0.0339726027397261,6.017426002909662e-07,-0.0341095890410958,5.918959031952959e-06,-0.0342465753424657,2.5273189212220584e-06,-0.0343835616438357,1.520767662553533e-06,-0.0345205479452054,5.473067765137353e-06,-0.0338356164383562,4.759236929574006e-07,-0.0336986301369862,7.111503457984149e-08,-0.0335616438356164,2.1881549101489682e-07,-0.0334246575342465,2.7898975104399344e-07,-0.0332876712328767,2.954009128701107e-07,1,1,1,1,1
980,34,13:59:03,9,-0.0336986301369862,860481.0,-0.0336301369863013,-0.0336986301369862,4.868644675081455e-07,-0.0338356164383562,5.470387275372421e-08,-0.0339726027397261,1.5152972752781606e-06,-0.0341095890410958,5.918959031952959e-06,-0.0342465753424657,2.532789308497431e-06,-0.0335616438356164,2.1881549101489682e-07,-0.0334246575342465,2.7898975104399344e-07,-0.0332876712328767,2.954009128701107e-07,-0.0331506849315068,1.5481195989303952e-06,-0.0330136986301369,1.3128929460893809e-07,1,1,1,1,1
981,34,13:59:06,9,-0.0336986301369862,648970.0,-0.0336301369863013,-0.0336986301369862,1.641116182611726e-08,-0.0338356164383562,2.6257858921787617e-07,-0.0339726027397261,1.531708437104278e-06,-0.0341095890410958,5.946310968329821e-06,-0.0342465753424657,2.5546708575989204e-06,-0.0335616438356164,2.297562655656417e-07,-0.0334246575342465,3.719863347253246e-07,-0.0332876712328767,2.954009128701107e-07,-0.0331506849315068,1.5481195989303952e-06,-0.0330136986301369,1.3128929460893809e-07,1,1,1,1,1
982,34,13:59:09,9,-0.0335616438356164,253979.0,-0.0336301369863013,-0.0336986301369862,9.846697095670357e-08,-0.0338356164383562,8.588508022334701e-07,-0.0339726027397261,1.4879453389012984e-06,-0.0341095890410958,6.006485228358918e-06,-0.0342465753424657,2.560141244874293e-06,-0.0335616438356164,1.586412309858002e-07,-0.0334246575342465,3.719863347253246e-07,-0.0332876712328767,2.954009128701107e-07,-0.0331506849315068,1.5481195989303952e-06,-0.0330136986301369,1.3128929460893809e-07,1,1,1,1,1
983,34,13:59:12,9,-0.0336986301369862,105815.0,-0.0336301369863013,-0.0336986301369862,1.805227800872899e-07,-0.0338356164383562,8.041469294797458e-07,-0.0339726027397261,1.37853759339385e-06,-0.0341095890410958,6.039307552011152e-06,-0.0342465753424657,2.510907759395941e-06,-0.0335616438356164,1.3675968188431052e-07,-0.0334246575342465,3.719863347253246e-07,-0.0332876712328767,2.954009128701107e-07,-0.0331506849315068,1.5481195989303952e-06,-0.0330136986301369,1.3128929460893809e-07,1,1,1,1,1
984,34,13:59:15,9,-0.0335616438356164,197516.0,-0.0336301369863013,-0.0336986301369862,4.102790456529316e-07,-0.0338356164383562,8.479100276827252e-07,-0.0339726027397261,1.37853759339385e-06,-0.0341095890410958,6.039307552011152e-06,-0.0342465753424657,2.5163781466713137e-06,-0.0335616438356164,3.5010478562383493e-07,-0.0334246575342465,3.719863347253246e-07,-0.0332876712328767,2.954009128701107e-07,-0.0331506849315068,1.5481195989303952e-06,-0.0330136986301369,1.3128929460893809e-07,1,1,1,1,1
985,34,13:59:18,9,-0.0336986301369862,155190.0,-0.0336301369863013,-0.0336986301369862,3.2275284924697285e-07,-0.0338356164383562,7.93206154929001e-07,-0.0339726027397261,1.37853759339385e-06,-0.0341095890410958,6.039307552011152e-06,-0.0342465753424657,2.4890262102944517e-06,-0.0335616438356164,3.5557517289920734e-07,-0.0334246575342465,3.719863347253246e-07,-0.0332876712328767,2.954009128701107e-07,-0.0331506849315068,1.5481195989303952e-06,-0.0330136986301369,1.3128929460893809e-07,1,1,1,1,1
986,34,13:59:21,9,-0.0335616438356164,571445.0,-0.0334931506849314,-0.0335616438356164,1.586412309858002e-07,-0.0336986301369862,3.2275284924697285e-07,-0.0338356164383562,1.2253667496834223e-06,-0.0339726027397261,1.4715341770751812e-06,-0.0341095890410958,6.039307552011152e-06,-0.0334246575342465,4.759236929574006e-07,-0.0332876712328767,2.954009128701107e-07,-0.0331506849315068,1.5481195989303952e-06,-0.0330136986301369,1.3128929460893809e-07,-0.0328767123287672,2.7898975104399344e-07,1,1,1,1,1
987,34,13:59:24,9,-0.0335616438356164,183434.0,-0.0334931506849314,-0.0335616438356164,1.1487813278282086e-07,-0.0336986301369862,3.008713001454831e-07,-0.0338356164383562,1.236307524234167e-06,-0.0339726027397261,1.4715341770751812e-06,-0.0341095890410958,6.05571871383727e-06,-0.0334246575342465,3.993382711021867e-07,-0.0332876712328767,4.978052420588903e-07,-0.0331506849315068,1.5481195989303952e-06,-0.0330136986301369,1.3128929460893809e-07,-0.0328767123287672,2.7898975104399344e-07,1,1,1,1,1
988,34,13:59:27,9,-0.0335616438356164,35275.0,-0.0334931506849314,-0.0335616438356164,3.938678838268143e-07,-0.0336986301369862,2.7898975104399344e-07,-0.0338356164383562,1.2855410097125188e-06,-0.0339726027397261,1.482474951625926e-06,-0.0341095890410958,6.05571871383727e-06,-0.0334246575342465,3.993382711021867e-07,-0.0332876712328767,4.978052420588903e-07,-0.0331506849315068,1.5481195989303952e-06,-0.0330136986301369,1.3128929460893809e-07,-0.0328767123287672,2.7898975104399344e-07,1,1,1,1,1
989,34,13:59:30,9,-0.0335616438356164,289259.0,-0.0334931506849314,-0.0335616438356164,4.649829184066558e-07,-0.0336986301369862,6.017426002909662e-08,-0.0338356164383562,1.2855410097125188e-06,-0.0339726027397261,1.4934157261766708e-06,-0.0341095890410958,6.05571871383727e-06,-0.0334246575342465,5.908018257402214e-07,-0.0332876712328767,5.251571784357523e-07,-0.0331506849315068,1.5481195989303952e-06,-0.0330136986301369,1.3128929460893809e-07,-0.0328767123287672,2.7898975104399344e-07,1,1,1,1,1
990,34,13:59:33,9,-0.0335616438356164,105836.0,-0.0334931506849314,-0.0335616438356164,4.540421438559109e-07,-0.0336986301369862,6.017426002909662e-08,-0.0338356164383562,1.2910113969878914e-06,-0.0339726027397261,1.520767662553533e-06,-0.0341095890410958,6.050248326561897e-06,-0.0334246575342465,5.306275657111248e-07,-0.0332876712328767,6.947391839722974e-07,-0.0331506849315068,1.5481195989303952e-06,-0.0330136986301369,1.3128929460893809e-07,-0.0328767123287672,2.7898975104399344e-07,1,1,1,1,1
991,34,13:59:36,9,-0.0335616438356164,797224.0,-0.0336301369863013,-0.0336986301369862,4.3763098202979367e-08,-0.0338356164383562,1.208955587857305e-06,-0.0339726027397261,1.4770045643505535e-06,-0.0341095890410958,6.05571871383727e-06,-0.0342465753424657,2.680489764932486e-06,-0.0335616438356164,2.1881549101489683e-08,-0.0334246575342465,4.704533056820282e-07,-0.0332876712328767,6.947391839722974e-07,-0.0331506849315068,1.5481195989303952e-06,-0.0330136986301369,1.3128929460893809e-07,1,1,1,1,1
992,34,13:59:39,9,-0.0335616438356164,98763.0,-0.0336301369863013,-0.0336986301369862,8.205580913058631e-08,-0.0338356164383562,9.682585477409186e-07,-0.0339726027397261,1.4660637897998088e-06,-0.0341095890410958,6.05571871383727e-06,-0.0342465753424657,2.795367897715307e-06,-0.0335616438356164,1.1487813278282086e-07,-0.0334246575342465,4.2669020747904883e-07,-0.0332876712328767,6.947391839722974e-07,-0.0331506849315068,1.5481195989303952e-06,-0.0330136986301369,1.3128929460893809e-07,1,1,1,1,1
993,34,13:59:42,9,-0.0334246575342465,888883.0,-0.0334931506849314,-0.0335616438356164,5.470387275372421e-09,-0.0338356164383562,7.54913444001394e-07,-0.0339726027397261,1.4660637897998088e-06,-0.0341095890410958,6.05571871383727e-06,-0.0342465753424657,2.795367897715307e-06,-0.0334246575342465,2.6257858921787617e-07,-0.0332876712328767,6.947391839722974e-07,-0.0331506849315068,1.5481195989303952e-06,-0.0330136986301369,1.3128929460893809e-07,-0.0328767123287672,2.844601383193659e-07,1,1,1,1,1
994,34,13:59:45,9,-0.0334246575342465,338675.0,-0.0334931506849314,-0.0335616438356164,1.641116182611726e-08,-0.0336986301369862,5.470387275372421e-09,-0.0338356164383562,7.877357676536286e-07,-0.0339726027397261,1.4770045643505535e-06,-0.0341095890410958,6.05571871383727e-06,-0.0334246575342465,2.5710820194250377e-07,-0.0332876712328767,6.947391839722974e-07,-0.0331506849315068,1.5481195989303952e-06,-0.0330136986301369,1.3128929460893809e-07,-0.0328767123287672,2.844601383193659e-07,1,1,1,1,1
995,34,13:59:48,9,-0.0335616438356164,430404.0,-0.0334931506849314,-0.0335616438356164,2.406970401163865e-07,-0.0336986301369862,1.641116182611726e-08,-0.0338356164383562,7.93206154929001e-07,-0.0339726027397261,1.4715341770751812e-06,-0.0341095890410958,6.05571871383727e-06,-0.0334246575342465,6.400353112185732e-07,-0.0332876712328767,7.27561507624532e-07,-0.0331506849315068,1.5481195989303952e-06,-0.0330136986301369,8.752619640595873e-08,-0.0328767123287672,2.844601383193659e-07,1,1,1,1,1
996,34,13:59:51,9,-0.0335616438356164,388059.0,-0.0334931506849314,-0.0335616438356164,1.4223006915968298e-07,-0.0336986301369862,8.205580913058631e-08,-0.0338356164383562,7.93206154929001e-07,-0.0339726027397261,1.4715341770751812e-06,-0.0341095890410958,6.09948181204025e-06,-0.0334246575342465,4.540421438559109e-07,-0.0332876712328767,7.27561507624532e-07,-0.0331506849315068,1.5481195989303952e-06,-0.0330136986301369,8.752619640595873e-08,-0.0328767123287672,2.844601383193659e-07,1,1,1,1,1
997,34,13:59:54,9,-0.0335616438356164,204621.0,-0.0334931506849314,-0.0335616438356164,3.063416874208556e-07,-0.0336986301369862,8.752619640595873e-08,-0.0338356164383562,7.93206154929001e-07,-0.0339726027397261,1.482474951625926e-06,-0.0341095890410958,6.09948181204025e-06,-0.0334246575342465,5.525091148126145e-07,-0.0332876712328767,9.299658368133116e-07,-0.0331506849315068,1.5481195989303952e-06,-0.0330136986301369,8.752619640595873e-08,-0.0328767123287672,2.844601383193659e-07,1,1,1,1,1
998,34,13:59:57,9,-0.0334246575342465,1171147.0,-0.0337671232876712,-0.0338356164383562,6.837984094215526e-07,-0.0339726027397261,1.482474951625926e-06,-0.0341095890410958,6.066659488388015e-06,-0.0342465753424657,3.2986435270495697e-06,-0.0343835616438357,1.143310940552836e-06,-0.0336986301369862,6.564464730446904e-08,-0.0334246575342465,1.531708437104278e-07,-0.0332876712328767,9.299658368133116e-07,-0.0331506849315068,1.4113599170460849e-06,-0.0330136986301369,8.752619640595873e-08,1,1,1,1,1
999,34,14:00:00,9,-0.0332876712328767,747940.0,-0.0333561643835617,-0.0334246575342465,2.7898975104399344e-07,-0.0335616438356164,2.1881549101489683e-08,-0.0338356164383562,7.056799585230423e-07,-0.0339726027397261,1.531708437104278e-06,-0.0341095890410958,6.066659488388015e-06,-0.0332876712328767,7.54913444001394e-07,-0.0331506849315068,1.4113599170460849e-06,-0.0330136986301369,8.752619640595873e-08,-0.0328767123287672,2.844601383193659e-07,-0.0327397260273972,5.470387275372421e-09,1,1,1,1,1
1000,34,14:00:03,9,-0.0334246575342465,416297.0,-0.0333561643835617,-0.0334246575342465,4.3763098202979367e-08,-0.0335616438356164,4.3763098202979367e-08,-0.0336986301369862,3.282232365223452e-08,-0.0338356164383562,7.494430567260217e-07,-0.0339726027397261,1.531708437104278e-06,-0.0332876712328767,7.986765422043734e-07,-0.0331506849315068,1.4223006915968294e-06,-0.0330136986301369,8.752619640595873e-08,-0.0328767123287672,2.844601383193659e-07,-0.0327397260273972,5.470387275372421e-09,1,1,1,1,1
1001,34,14:00:06,9,-0.0334246575342465,35280.0,-0.0333561643835617,-0.0334246575342465,1.641116182611726e-08,-0.0335616438356164,4.9233485478351786e-08,-0.0336986301369862,8.205580913058631e-08,-0.0338356164383562,1.132370166002091e-06,-0.0339726027397261,1.531708437104278e-06,-0.0332876712328767,8.205580913058631e-07,-0.0331506849315068,1.4223006915968294e-06,-0.0330136986301369,8.752619640595873e-08,-0.0328767123287672,2.844601383193659e-07,-0.0327397260273972,5.470387275372421e-09,1,1,1,1,1
1002,34,14:00:09,9,-0.0334246575342465,7056.0,-0.0333561643835617,-0.0334246575342465,4.3763098202979367e-08,-0.0335616438356164,5.470387275372421e-08,-0.0336986301369862,5.142164038850075e-07,-0.0338356164383562,1.132370166002091e-06,-0.0339726027397261,1.5262380498289051e-06,-0.0332876712328767,8.205580913058631e-07,-0.0331506849315068,1.6082938589594917e-06,-0.0330136986301369,8.752619640595873e-08,-0.0328767123287672,2.844601383193659e-07,-0.0327397260273972,5.470387275372421e-09,1,1,1,1,1
1003,34,14:00:12,9,-0.0334246575342465,134063.0,-0.0334931506849314,-0.0335616438356164,8.205580913058631e-08,-0.0336986301369862,6.892687966969251e-07,-0.0338356164383562,1.132370166002091e-06,-0.0339726027397261,1.5262380498289051e-06,-0.0341095890410958,6.050248326561897e-06,-0.0334246575342465,5.579795020879869e-07,-0.0332876712328767,8.150877040304907e-07,-0.0331506849315068,1.6082938589594917e-06,-0.0330136986301369,8.752619640595873e-08,-0.0328767123287672,2.844601383193659e-07,1,1,1,1,1
1004,34,14:00:15,9,-0.0334246575342465,105827.0,-0.0334931506849314,-0.0335616438356164,2.1881549101489683e-08,-0.0336986301369862,7.494430567260217e-07,-0.0338356164383562,1.1214293914513463e-06,-0.0339726027397261,1.5262380498289051e-06,-0.0341095890410958,6.050248326561897e-06,-0.0334246575342465,9.956104841177803e-07,-0.0332876712328767,6.400353112185732e-07,-0.0331506849315068,1.6082938589594917e-06,-0.0330136986301369,8.752619640595873e-08,-0.0328767123287672,2.844601383193659e-07,1,1,1,1,1
1005,34,14:00:18,9,-0.0334246575342465,797314.0,-0.0335616438356163,-0.0336986301369862,7.603838312767665e-07,-0.0338356164383562,1.1214293914513463e-06,-0.0339726027397261,1.531708437104278e-06,-0.0341095890410958,6.050248326561897e-06,-0.0342465753424657,3.3752289489047835e-06,-0.0334246575342465,5.251571784357523e-07,-0.0332876712328767,6.400353112185732e-07,-0.0331506849315068,1.6082938589594917e-06,-0.0330136986301369,8.752619640595873e-08,-0.0328767123287672,2.844601383193659e-07,1,1,1,1,1
1006,34,14:00:21,9,-0.0334246575342465,141110.0,-0.0334931506849314,-0.0335616438356164,5.142164038850075e-07,-0.0336986301369862,7.767949931028838e-07,-0.0338356164383562,1.1378405532774636e-06,-0.0339726027397261,1.531708437104278e-06,-0.0341095890410958,6.050248326561897e-06,-0.0334246575342465,4.759236929574006e-07,-0.0332876712328767,6.400353112185732e-07,-0.0331506849315068,1.6082938589594917e-06,-0.0330136986301369,8.752619640595873e-08,-0.0328767123287672,2.844601383193659e-07,1,1,1,1,1
1007,34,14:00:24,9,-0.0334246575342465,77611.0,-0.0334931506849314,-0.0335616438356164,5.689202766387318e-07,-0.0336986301369862,7.494430567260217e-07,-0.0338356164383562,1.132370166002091e-06,-0.0339726027397261,1.531708437104278e-06,-0.0341095890410958,6.050248326561897e-06,-0.0334246575342465,5.689202766387318e-07,-0.0332876712328767,6.400353112185732e-07,-0.0331506849315068,1.5043565007274155e-06,-0.0330136986301369,8.752619640595873e-08,-0.0328767123287672,2.844601383193659e-07,1,1,1,1,1
1008,34,14:00:27,9,-0.0335616438356164,253993.0,-0.0334931506849314,-0.0335616438356164,5.579795020879869e-07,-0.0336986301369862,7.439726694506492e-07,-0.0338356164383562,1.132370166002091e-06,-0.0339726027397261,1.531708437104278e-06,-0.0341095890410958,6.05571871383727e-06,-0.0334246575342465,4.978052420588903e-07,-0.0332876712328767,6.400353112185732e-07,-0.0331506849315068,1.5043565007274155e-06,-0.0330136986301369,8.752619640595873e-08,-0.0328767123287672,2.844601383193659e-07,1,1,1,1,1
1009,34,14:00:30,9,-0.0335616438356164,740794.0,-0.0334931506849314,-0.0335616438356164,1.0940774550744841e-07,-0.0336986301369862,7.439726694506492e-07,-0.0338356164383562,1.132370166002091e-06,-0.0339726027397261,1.531708437104278e-06,-0.0341095890410958,6.05571871383727e-06,-0.0334246575342465,4.759236929574006e-07,-0.0332876712328767,7.385022821752768e-07,-0.0331506849315068,1.5043565007274155e-06,-0.0330136986301369,8.752619640595873e-08,-0.0328767123287672,2.844601383193659e-07,1,1,1,1,1
1010,34,14:00:33,9,-0.0335616438356164,775985.0,-0.0336301369863013,-0.0336986301369862,3.77456722000697e-07,-0.0338356164383562,1.1378405532774636e-06,-0.0339726027397261,1.7888166390467817e-06,-0.0341095890410958,6.05571871383727e-06,-0.0342465753424657,3.391640110730901e-06,-0.0335616438356164,4.431013693051661e-07,-0.0334246575342465,4.978052420588903e-07,-0.0332876712328767,8.424396404073528e-07,-0.0331506849315068,1.7778758644960367e-06,-0.0330136986301369,8.752619640595873e-08,1,1,1,1,1
1011,34,14:00:36,9,-0.0335616438356164,126990.0,-0.0336301369863013,-0.0336986301369862,3.77456722000697e-07,-0.0338356164383562,1.143310940552836e-06,-0.0339726027397261,1.8818132227281127e-06,-0.0341095890410958,6.0611891011126425e-06,-0.0342465753424657,3.391640110730901e-06,-0.0335616438356164,6.126833748417112e-07,-0.0334246575342465,5.415683402618696e-07,-0.0332876712328767,4.704533056820282e-07,-0.0331506849315068,1.7231719917423126e-06,-0.0330136986301369,8.752619640595873e-08,1,1,1,1,1
1012,34,14:00:39,9,-0.0335616438356164,507900.0,-0.0336301369863013,-0.0336986301369862,1.6958200553654506e-07,-0.0338356164383562,1.143310940552836e-06,-0.0339726027397261,1.8818132227281127e-06,-0.0341095890410958,6.0611891011126425e-06,-0.0342465753424657,3.391640110730901e-06,-0.0335616438356164,1.0065512586685254e-06,-0.0334246575342465,6.673872475954353e-07,-0.0332876712328767,4.704533056820282e-07,-0.0331506849315068,1.7231719917423126e-06,-0.0330136986301369,8.752619640595873e-08,1,1,1,1,1
1013,34,14:00:42,9,-0.0335616438356164,183430.0,-0.0336301369863013,-0.0336986301369862,1.6958200553654506e-07,-0.0338356164383562,1.143310940552836e-06,-0.0339726027397261,1.9091651591049747e-06,-0.0341095890410958,6.0338371647357805e-06,-0.0342465753424657,3.391640110730901e-06,-0.0335616438356164,8.096173167551183e-07,-0.0334246575342465,6.509760857693181e-07,-0.0332876712328767,4.704533056820282e-07,-0.0331506849315068,1.7231719917423126e-06,-0.0330136986301369,8.752619640595873e-08,1,1,1,1,1
1014,34,14:00:45,9,-0.0338356164383562,529016.0,-0.0336986301369863,-0.0338356164383562,9.35436224088684e-07,-0.0339726027397261,1.9091651591049747e-06,-0.0341095890410958,6.083070650214132e-06,-0.0342465753424657,3.3861697234555286e-06,-0.0343835616438357,1.1378405532774636e-06,-0.0335616438356164,1.03937358232076e-06,-0.0334246575342465,9.244954495379392e-07,-0.0332876712328767,1.3675968188431052e-07,-0.0331506849315068,1.6958200553654504e-06,-0.0330136986301369,8.752619640595873e-08,1,1,1,1,1
1015,34,14:00:48,9,-0.0336986301369862,1184953.0,-0.0337671232876712,-0.0338356164383562,2.5163781466713136e-07,-0.0339726027397261,1.89822438455423e-06,-0.0341095890410958,6.072129875663387e-06,-0.0342465753424657,3.566692503542818e-06,-0.0343835616438357,1.1378405532774636e-06,-0.0336986301369862,8.205580913058631e-08,-0.0335616438356164,1.0940774550744842e-06,-0.0334246575342465,1.1542517151035809e-06,-0.0332876712328767,1.3675968188431052e-07,-0.0331506849315068,1.6958200553654504e-06,1,1,1,1,1
1016,34,14:00:51,9,-0.0336986301369862,204568.0,-0.0337671232876712,-0.0338356164383562,2.5710820194250377e-07,-0.0339726027397261,1.89822438455423e-06,-0.0341095890410958,6.066659488388015e-06,-0.0342465753424657,3.566692503542818e-06,-0.0343835616438357,1.1378405532774636e-06,-0.0336986301369862,2.5710820194250377e-07,-0.0335616438356164,9.901400968424082e-07,-0.0334246575342465,1.0120216459438978e-06,-0.0332876712328767,1.3675968188431052e-07,-0.0331506849315068,1.6958200553654504e-06,1,1,1,1,1
1017,34,14:00:54,9,-0.0338356164383562,486678.0,-0.0337671232876712,-0.0338356164383562,1.641116182611726e-08,-0.0339726027397261,1.89822438455423e-06,-0.0341095890410958,6.066659488388015e-06,-0.0342465753424657,3.5776332780935638e-06,-0.0343835616438357,1.1378405532774636e-06,-0.0336986301369862,5.306275657111248e-07,-0.0335616438356164,9.190250622625668e-07,-0.0334246575342465,7.439726694506492e-07,-0.0332876712328767,1.3675968188431052e-07,-0.0331506849315068,1.6958200553654504e-06,1,1,1,1,1
1018,34,14:00:57,9,-0.0336986301369862,712406.0,-0.0337671232876712,-0.0338356164383562,1.0940774550744842e-08,-0.0339726027397261,1.7888166390467817e-06,-0.0341095890410958,6.066659488388015e-06,-0.0342465753424657,3.610455601745798e-06,-0.0343835616438357,1.1487813278282083e-06,-0.0336986301369862,3.5010478562383493e-07,-0.0335616438356164,1.0174920332192704e-06,-0.0334246575342465,6.345649239432008e-07,-0.0332876712328767,1.3675968188431052e-07,-0.0331506849315068,1.6958200553654504e-06,1,1,1,1,1
1019,34,14:01:00,9,-0.0338356164383562,98743.0,-0.033904109589041,-0.0339726027397261,1.8435205118005056e-06,-0.0341095890410958,6.57540550499765e-06,-0.0342465753424657,3.801919156383833e-06,-0.0343835616438357,1.1487813278282083e-06,-0.0345205479452054,5.347248857803788e-06,-0.0338356164383562,6.072129875663387e-07,-0.0336986301369862,4.102790456529316e-07,-0.0335616438356164,1.1214293914513463e-06,-0.0334246575342465,5.360979529864973e-07,-0.0332876712328767,1.3675968188431052e-07,1,1,1,1,1
1020,34,14:01:03,9,-0.0338356164383562,267990.0,-0.033904109589041,-0.0339726027397261,1.7122312171915677e-06,-0.0341095890410958,6.6246389904760014e-06,-0.0342465753424657,3.801919156383833e-06,-0.0343835616438357,1.132370166002091e-06,-0.0345205479452054,5.347248857803788e-06,-0.0338356164383562,8.205580913058631e-07,-0.0336986301369862,4.0480865837755926e-07,-0.0335616438356164,9.080842877118218e-07,-0.0334246575342465,5.306275657111248e-07,-0.0332876712328767,1.0940774550744842e-08,1,1,1,1,1
1021,34,14:01:06,9,-0.0338356164383562,373792.0,-0.033904109589041,-0.0339726027397261,1.6520569571624711e-06,-0.0341095890410958,6.6246389904760014e-06,-0.0342465753424657,3.7855079945577153e-06,-0.0343835616438357,1.132370166002091e-06,-0.0345205479452054,5.347248857803788e-06,-0.0338356164383562,1.001080871393153e-06,-0.0336986301369862,6.017426002909662e-07,-0.0335616438356164,8.97143513161077e-07,-0.0334246575342465,5.1968679116038e-07,-0.0332876712328767,1.0940774550744842e-08,1,1,1,1,1
1022,34,14:01:09,9,-0.0338356164383562,317355.0,-0.033904109589041,-0.0339726027397261,1.5043565007274155e-06,-0.0341095890410958,6.641050152302119e-06,-0.0342465753424657,3.780037607282343e-06,-0.0343835616438357,1.132370166002091e-06,-0.0345205479452054,5.35271924507916e-06,-0.0338356164383562,1.0120216459438978e-06,-0.0336986301369862,5.360979529864973e-07,-0.0335616438356164,8.97143513161077e-07,-0.0334246575342465,3.938678838268143e-07,-0.0332876712328767,1.0940774550744842e-08,1,1,1,1,1
1023,34,14:01:12,9,-0.0339726027397261,479546.0,-0.033904109589041,-0.0339726027397261,1.2855410097125188e-06,-0.0341095890410958,6.668402088678981e-06,-0.0342465753424657,3.780037607282343e-06,-0.0343835616438357,1.132370166002091e-06,-0.0345205479452054,5.35271924507916e-06,-0.0338356164383562,9.62788160465546e-07,-0.0336986301369862,5.360979529864973e-07,-0.0335616438356164,8.97143513161077e-07,-0.0334246575342465,3.938678838268143e-07,-0.0332876712328767,1.0940774550744842e-08,1,1,1,1,1
1024,34,14:01:15,9,-0.0338356164383562,684054.0,-0.033904109589041,-0.0339726027397261,8.424396404073528e-07,-0.0341095890410958,6.6629317014036085e-06,-0.0342465753424657,3.84021186731144e-06,-0.0343835616438357,1.132370166002091e-06,-0.0345205479452054,5.35271924507916e-06,-0.0338356164383562,9.135546749871944e-07,-0.0336986301369862,7.056799585230423e-07,-0.0335616438356164,7.767949931028838e-07,-0.0334246575342465,3.938678838268143e-07,-0.0332876712328767,1.0940774550744842e-08,1,1,1,1,1
1025,34,14:01:18,9,-0.0339726027397261,1248216.0,-0.0340410958904109,-0.0341095890410958,6.6629317014036085e-06,-0.0342465753424657,4.184846265659902e-06,-0.0343835616438357,1.132370166002091e-06,-0.0345205479452054,5.35271924507916e-06,-0.0346575342465753,1.8489908990758784e-06,-0.0339726027397261,9.791993222916633e-07,-0.0338356164383562,8.97143513161077e-07,-0.0336986301369862,6.564464730446905e-07,-0.0335616438356164,7.65854218552139e-07,-0.0334246575342465,3.938678838268143e-07,1,1,1,1,1
1026,34,14:01:21,9,-0.0339726027397261,70520.0,-0.0340410958904109,-0.0341095890410958,6.673872475954354e-06,-0.0342465753424657,4.184846265659902e-06,-0.0343835616438357,1.132370166002091e-06,-0.0345205479452054,5.35271924507916e-06,-0.0346575342465753,1.8489908990758784e-06,-0.0339726027397261,1.4770045643505535e-06,-0.0338356164383562,8.862027386103322e-07,-0.0336986301369862,5.525091148126145e-07,-0.0335616438356164,8.205580913058631e-07,-0.0334246575342465,3.938678838268143e-07,1,1,1,1,1
1027,34,14:01:24,9,-0.0339726027397261,444235.0,-0.0340410958904109,-0.0341095890410958,6.4495865976640844e-06,-0.0342465753424657,4.1903166529352745e-06,-0.0343835616438357,1.132370166002091e-06,-0.0345205479452054,5.35271924507916e-06,-0.0346575342465753,1.8489908990758784e-06,-0.0339726027397261,1.6958200553654504e-06,-0.0338356164383562,7.713246058275113e-07,-0.0336986301369862,4.540421438559109e-07,-0.0335616438356164,7.166207330737871e-07,-0.0334246575342465,3.938678838268143e-07,1,1,1,1,1
1028,34,14:01:27,9,-0.0339726027397261,190391.0,-0.0340410958904109,-0.0341095890410958,6.465997759490201e-06,-0.0342465753424657,4.228609363862882e-06,-0.0343835616438357,1.132370166002091e-06,-0.0345205479452054,5.35271924507916e-06,-0.0346575342465753,1.8489908990758784e-06,-0.0339726027397261,1.8818132227281127e-06,-0.0338356164383562,7.330318948999044e-07,-0.0336986301369862,4.431013693051661e-07,-0.0335616438356164,7.056799585230423e-07,-0.0334246575342465,3.4463439834846253e-07,1,1,1,1,1
1029,34,14:01:30,9,-0.0339726027397261,606418.0,-0.0340410958904109,-0.0341095890410958,6.203419170272325e-06,-0.0342465753424657,4.277842849341233e-06,-0.0343835616438357,1.132370166002091e-06,-0.0345205479452054,5.35271924507916e-06,-0.0346575342465753,1.8489908990758784e-06,-0.0339726027397261,1.9036947718296024e-06,-0.0338356164383562,7.877357676536286e-07,-0.0336986301369862,3.172824619716004e-07,-0.0335616438356164,7.056799585230423e-07,-0.0334246575342465,3.4463439834846253e-07,1,1,1,1,1
1030,34,14:01:33,9,-0.0341095890410958,387813.0,-0.0340410958904109,-0.0341095890410958,5.951781355605194e-06,-0.0342465753424657,4.35989865847182e-06,-0.0343835616438357,1.132370166002091e-06,-0.0345205479452054,5.35271924507916e-06,-0.0346575342465753,1.8489908990758784e-06,-0.0339726027397261,1.936517095481837e-06,-0.0338356164383562,7.056799585230423e-07,-0.0336986301369862,3.008713001454831e-07,-0.0335616438356164,7.27561507624532e-07,-0.0334246575342465,3.4463439834846253e-07,1,1,1,1,1
1031,34,14:01:36,9,-0.0339726027397261,1128191.0,-0.0340410958904109,-0.0341095890410958,5.924429419228332e-06,-0.0342465753424657,4.923348547835179e-06,-0.0343835616438357,1.132370166002091e-06,-0.0345205479452054,5.380071181456022e-06,-0.0346575342465753,1.8489908990758784e-06,-0.0339726027397261,1.6958200553654504e-06,-0.0338356164383562,7.056799585230423e-07,-0.0336986301369862,1.9146355463803476e-07,-0.0335616438356164,7.27561507624532e-07,-0.0334246575342465,3.4463439834846253e-07,1,1,1,1,1
1032,34,14:01:39,9,-0.0341095890410958,564139.0,-0.0340410958904109,-0.0341095890410958,5.908018257402214e-06,-0.0342465753424657,4.441954467602406e-06,-0.0343835616438357,1.132370166002091e-06,-0.0345205479452054,5.380071181456022e-06,-0.0346575342465753,1.8489908990758784e-06,-0.0339726027397261,1.3293041079154983e-06,-0.0338356164383562,7.056799585230423e-07,-0.0336986301369862,1.9146355463803476e-07,-0.0335616438356164,2.680489764932487e-07,-0.0334246575342465,5.525091148126145e-07,1,1,1,1,1
1033,34,14:01:42,9,-0.0338356164383562,5718828.0,-0.033904109589041,-0.0339726027397261,9.73728935016291e-07,-0.0341095890410958,3.5065182435137217e-06,-0.0342465753424657,4.480247178530013e-06,-0.0343835616438357,1.132370166002091e-06,-0.0345205479452054,5.3746007941806496e-06,-0.0338356164383562,1.4770045643505538e-07,-0.0336986301369862,1.9146355463803476e-07,-0.0335616438356164,2.680489764932487e-07,-0.0334246575342465,4.595125311312834e-07,-0.0332876712328767,1.0940774550744842e-08,1,1,1,1,0
1034,34,14:01:45,9,-0.0336986301369862,4421714.0,-0.0335616438356163,-0.0336986301369862,2.2428587829026925e-07,-0.0338356164383562,2.7351936376862106e-08,-0.0339726027397261,7.111503457984149e-08,-0.0341095890410958,2.1553325864967338e-06,-0.0342465753424657,4.529480664008364e-06,-0.0334246575342465,3.610455601745798e-07,-0.0332876712328767,1.0940774550744842e-08,-0.0331506849315068,1.4223006915968294e-06,-0.0330136986301369,8.752619640595873e-08,-0.0328767123287672,2.844601383193659e-07,1,1,1,1,0
1035,34,14:01:48,9,-0.0336986301369862,1961307.0,-0.0337671232876712,-0.0338356164383562,7.986765422043734e-07,-0.0339726027397261,5.470387275372421e-08,-0.0341095890410958,2.0623360028154027e-06,-0.0342465753424657,4.556832600385226e-06,-0.0343835616438357,1.132370166002091e-06,-0.0336986301369862,1.531708437104278e-07,-0.0335616438356164,2.1881549101489683e-08,-0.0334246575342465,6.564464730446904e-08,-0.0331506849315068,1.2198963624080498e-06,-0.0330136986301369,8.752619640595873e-08,1,1,1,1,0
1036,34,14:01:51,9,-0.0336986301369862,387951.0,-0.0337671232876712,-0.0338356164383562,7.54913444001394e-07,-0.0339726027397261,7.002095712476699e-07,-0.0341095890410958,2.0896879391922647e-06,-0.0342465753424657,4.584184536762089e-06,-0.0343835616438357,1.132370166002091e-06,-0.0336986301369862,2.7351936376862106e-08,-0.0335616438356164,2.1881549101489683e-08,-0.0331506849315068,1.2198963624080498e-06,-0.0330136986301369,8.752619640595873e-08,-0.0328767123287672,2.844601383193659e-07,1,1,1,1,0
1037,34,14:01:54,9,-0.0336986301369862,388072.0,-0.0336301369863013,-0.0336986301369862,1.641116182611726e-08,-0.0338356164383562,7.54913444001394e-07,-0.0339726027397261,7.330318948999044e-07,-0.0341095890410958,2.1006287137430094e-06,-0.0342465753424657,4.584184536762089e-06,-0.0335616438356164,8.752619640595873e-08,-0.0332876712328767,5.470387275372421e-08,-0.0331506849315068,1.0886070677991118e-06,-0.0330136986301369,8.752619640595873e-08,-0.0328767123287672,2.844601383193659e-07,1,1,1,1,0
1038,34,14:01:57,9,-0.0338356164383562,1269623.0,-0.0336986301369863,-0.0338356164383562,2.1334510373952441e-07,-0.0339726027397261,8.205580913058631e-07,-0.0341095890410958,2.494496597569824e-06,-0.0342465753424657,4.666240345892675e-06,-0.0343835616438357,1.132370166002091e-06,-0.0335616438356164,1.0940774550744842e-08,-0.0334246575342465,1.9146355463803476e-07,-0.0332876712328767,5.470387275372421e-08,-0.0331506849315068,1.0886070677991118e-06,-0.0330136986301369,8.752619640595873e-08,1,1,1,1,0
1039,34,14:02:00,9,-0.0336986301369862,740794.0,-0.0336301369863013,-0.0336986301369862,1.03937358232076e-07,-0.0338356164383562,2.4616742739175896e-07,-0.0339726027397261,2.2702107192795547e-06,-0.0341095890410958,2.5492004703235483e-06,-0.0342465753424657,4.666240345892675e-06,-0.0335616438356164,5.470387275372421e-09,-0.0332876712328767,5.470387275372421e-08,-0.0331506849315068,1.0886070677991118e-06,-0.0330136986301369,8.752619640595873e-08,-0.0328767123287672,2.844601383193659e-07,1,1,1,1,0
1040,34,14:02:03,9,-0.0334246575342465,5252991.0,-0.0338356164383562,-0.0339726027397261,5.470387275372421e-08,-0.0341095890410958,1.2477406336396954e-06,-0.0342465753424657,4.688121894994164e-06,-0.0343835616438357,1.132370166002091e-06,-0.0345205479452054,5.385541568731395e-06,-0.0336986301369862,5.470387275372421e-09,-0.0334246575342465,3.8292710927606954e-08,-0.0332876712328767,5.470387275372421e-08,-0.0331506849315068,1.0886070677991118e-06,-0.0330136986301369,8.752619640595873e-08,1,1,1,1,0
1041,34,14:02:06,9,-0.0338356164383562,204551.0,-0.0338356164383562,-0.0339726027397261,7.111503457984149e-08,-0.0341095890410958,1.2477406336396954e-06,-0.0342465753424657,4.688121894994164e-06,-0.0343835616438357,1.132370166002091e-06,-0.0345205479452054,5.385541568731395e-06,-0.0336986301369862,1.641116182611726e-08,-0.0335616438356164,2.1881549101489683e-08,-0.0334246575342465,4.3763098202979367e-08,-0.0332876712328767,5.470387275372421e-08,-0.0331506849315068,1.0886070677991118e-06,1,1,1,1,0
1042,34,14:02:09,9,-0.0336986301369862,126978.0,-0.0335616438356163,-0.0336986301369862,1.641116182611726e-08,-0.0338356164383562,4.9233485478351786e-08,-0.0339726027397261,9.299658368133117e-08,-0.0341095890410958,1.3024445063934196e-06,-0.0342465753424657,4.748296155023261e-06,-0.0334246575342465,4.3763098202979367e-08,-0.0332876712328767,5.470387275372421e-08,-0.0331506849315068,1.0886070677991118e-06,-0.0330136986301369,8.752619640595873e-08,-0.0328767123287672,2.844601383193659e-07,1,1,1,1,0
1043,34,14:02:12,9,-0.0336986301369862,56431.0,-0.0334931506849314,-0.0335616438356164,2.406970401163865e-07,-0.0338356164383562,1.2034852005819325e-07,-0.0339726027397261,2.631256279454134e-06,-0.0341095890410958,1.6033158065389028e-06,-0.0342465753424657,4.759236929574006e-06,-0.0334246575342465,1.586412309858002e-07,-0.0332876712328767,5.470387275372421e-08,-0.0331506849315068,1.0886070677991118e-06,-0.0330136986301369,8.752619640595873e-08,-0.0328767123287672,2.844601383193659e-07,1,1,1,0,0
1044,34,14:02:15,9,-0.0335616438356164,458583.0,-0.0334931506849314,-0.0335616438356164,3.5557517289920734e-07,-0.0336986301369862,1.0940774550744842e-08,-0.0338356164383562,2.6257858921787617e-07,-0.0339726027397261,2.7351936376862104e-06,-0.0341095890410958,1.8057201357276824e-06,-0.0334246575342465,1.531708437104278e-07,-0.0332876712328767,5.470387275372421e-08,-0.0331506849315068,1.0886070677991118e-06,-0.0330136986301369,8.752619640595873e-08,-0.0328767123287672,2.899305255947383e-07,1,1,1,0,0
1045,34,14:02:18,9,-0.0334246575342465,2059559.0,-0.0336986301369863,-0.0339726027397261,2.024043291887796e-06,-0.0341095890410958,1.8057201357276824e-06,-0.0342465753424657,4.7647073168493785e-06,-0.0343835616438357,1.132370166002091e-06,-0.0345205479452054,2.702371314033976e-06,-0.0334246575342465,1.641116182611726e-08,-0.0332876712328767,2.680489764932487e-07,-0.0331506849315068,1.0886070677991118e-06,-0.0330136986301369,8.752619640595873e-08,-0.0328767123287672,2.899305255947383e-07,1,1,1,0,0
1046,34,14:02:21,9,-0.0334246575342465,211656.0,-0.0333561643835617,-0.0334246575342465,5.470387275372421e-09,-0.0335616438356164,9.299658368133117e-08,-0.0336986301369862,1.0940774550744841e-07,-0.0338356164383562,2.4616742739175896e-07,-0.0339726027397261,2.084217551916892e-06,-0.0332876712328767,3.719863347253246e-07,-0.0331506849315068,1.0886070677991118e-06,-0.0330136986301369,8.752619640595873e-08,-0.0328767123287672,2.899305255947383e-07,-0.0327397260273972,5.251571784357523e-07,1,1,1,0,0
1047,34,14:02:24,9,-0.0331506849315068,1277311.0,-0.0335616438356163,-0.0336986301369862,1.9146355463803476e-07,-0.0338356164383562,4.595125311312834e-07,-0.0339726027397261,2.0349840664385407e-06,-0.0341095890410958,2.7958602325700904e-06,-0.0342465753424657,4.770177704124751e-06,-0.0334246575342465,1.2581890733356568e-07,-0.0331506849315068,7.220911203491596e-07,-0.0330136986301369,8.752619640595873e-08,-0.0328767123287672,2.899305255947383e-07,-0.0327397260273972,5.251571784357523e-07,1,1,1,0,0
1048,34,14:02:27,9,-0.0334246575342465,282230.0,-0.0333561643835617,-0.0334246575342465,2.7351936376862106e-08,-0.0336986301369862,2.1334510373952441e-07,-0.0338356164383562,4.868644675081455e-07,-0.0339726027397261,2.1170398755691267e-06,-0.0341095890410958,2.7958602325700904e-06,-0.0332876712328767,5.470387275372421e-09,-0.0331506849315068,7.220911203491596e-07,-0.0330136986301369,8.752619640595873e-08,-0.0328767123287672,2.844601383193659e-07,-0.0327397260273972,5.251571784357523e-07,1,1,1,0,0
1049,34,14:02:30,9,-0.0335616438356164,204610.0,-0.0334246575342465,-0.0335616438356164,2.1881549101489683e-08,-0.0336986301369862,2.1881549101489682e-07,-0.0338356164383562,4.923348547835179e-07,-0.0339726027397261,2.144391811945989e-06,-0.0341095890410958,2.7958602325700904e-06,-0.0332876712328767,1.2034852005819325e-07,-0.0331506849315068,7.220911203491596e-07,-0.0330136986301369,8.752619640595873e-08,-0.0328767123287672,2.844601383193659e-07,-0.0327397260273972,5.251571784357523e-07,1,1,1,0,0
1050,34,14:02:33,9,-0.0338356164383562,811267.0,-0.0335616438356164,-0.0338356164383562,4.759236929574006e-07,-0.0339726027397261,2.313973817482534e-06,-0.0341095890410958,2.7849194580193457e-06,-0.0342465753424657,4.956170871487413e-06,-0.0343835616438357,1.132370166002091e-06,-0.0332876712328767,9.846697095670357e-08,-0.0331506849315068,8.752619640595873e-07,-0.0330136986301369,8.752619640595873e-08,-0.0328767123287672,2.844601383193659e-07,-0.0327397260273972,5.251571784357523e-07,1,1,1,0,1
1051,34,14:02:36,9,-0.0334246575342465,77616.0,-0.0334931506849314,-0.0335616438356164,5.470387275372421e-08,-0.0336986301369862,1.2034852005819325e-07,-0.0338356164383562,6.23624149392456e-07,-0.0339726027397261,2.313973817482534e-06,-0.0341095890410958,2.7849194580193457e-06,-0.0334246575342465,1.2034852005819325e-07,-0.0332876712328767,9.846697095670357e-08,-0.0331506849315068,8.752619640595873e-07,-0.0330136986301369,8.752619640595873e-08,-0.0328767123287672,2.844601383193659e-07,1,1,1,0,0
1052,34,14:02:39,9,-0.0334246575342465,571491.0,-0.0333561643835617,-0.0334246575342465,2.7351936376862106e-08,-0.0335616438356164,3.8292710927606954e-08,-0.0336986301369862,1.3675968188431052e-07,-0.0338356164383562,4.923348547835179e-07,-0.0339726027397261,2.313973817482534e-06,-0.0332876712328767,9.846697095670357e-08,-0.0331506849315068,8.752619640595873e-07,-0.0330136986301369,8.752619640595873e-08,-0.0328767123287672,3.2275284924697285e-07,-0.0327397260273972,5.251571784357523e-07,1,1,1,0,0
1053,34,14:02:42,9,-0.0336986301369862,3582682.0,-0.0338356164383562,-0.0339726027397261,3.5010478562383493e-07,-0.0341095890410958,2.7849194580193457e-06,-0.0342465753424657,4.983522807864275e-06,-0.0343835616438357,1.2910113969878914e-06,-0.0345205479452054,2.751604799512328e-06,-0.0336986301369862,1.0940774550744842e-08,-0.0332876712328767,9.846697095670357e-08,-0.0331506849315068,8.752619640595873e-07,-0.0330136986301369,8.752619640595873e-08,-0.0328767123287672,3.2275284924697285e-07,1,1,1,0,1
1054,34,14:02:45,9,-0.0334246575342465,331609.0,-0.0334931506849314,-0.0335616438356164,7.65854218552139e-08,-0.0338356164383562,1.641116182611726e-08,-0.0339726027397261,4.0480865837755926e-07,-0.0341095890410958,2.828682556222325e-06,-0.0342465753424657,4.999933969690393e-06,-0.0334246575342465,2.406970401163865e-07,-0.0332876712328767,4.3763098202979367e-08,-0.0331506849315068,6.892687966969251e-07,-0.0330136986301369,8.752619640595873e-08,-0.0328767123287672,3.2275284924697285e-07,1,1,1,0,1
1055,34,14:02:48,9,-0.0342465753424657,4534080.0,-0.0335616438356163,-0.0336986301369862,2.7351936376862104e-07,-0.0338356164383562,8.205580913058631e-08,-0.0341095890410958,5.470387275372421e-08,-0.0342465753424657,4.967603980892941e-06,-0.0343835616438357,1.2910113969878914e-06,-0.0334246575342465,7.713246058275113e-07,-0.0332876712328767,9.846697095670357e-08,-0.0331506849315068,6.892687966969251e-07,-0.0330136986301369,8.752619640595873e-08,-0.0328767123287672,3.2275284924697285e-07,1,1,1,0,1
1056,34,14:02:51,9,-0.0334246575342465,486837.0,-0.0335616438356163,-0.0336986301369862,2.1881549101489682e-07,-0.0338356164383562,1.03937358232076e-07,-0.0339726027397261,5.470387275372421e-09,-0.0341095890410958,5.470387275372421e-08,-0.0342465753424657,5.038719015472783e-06,-0.0334246575342465,8.369692531319804e-07,-0.0332876712328767,1.9693394191340717e-07,-0.0331506849315068,6.892687966969251e-07,-0.0330136986301369,8.752619640595873e-08,-0.0328767123287672,3.2275284924697285e-07,1,1,1,0,1
1057,34,14:02:54,9,-0.0342465753424657,2193410.0,-0.0337671232876712,-0.0338356164383562,5.470387275372421e-09,-0.0341095890410958,5.470387275372421e-09,-0.0342465753424657,4.0431085313550025e-06,-0.0343835616438357,1.2910113969878914e-06,-0.0345205479452054,2.746134412236955e-06,-0.0336986301369862,2.7351936376862106e-08,-0.0334246575342465,3.883974965514419e-07,-0.0332876712328767,4.102790456529316e-07,-0.0331506849315068,6.892687966969251e-07,-0.0330136986301369,8.752619640595873e-08,1,1,1,0,1
1058,34,14:02:57,9,-0.0336986301369862,197472.0,-0.0337671232876712,-0.0341095890410958,5.470387275372421e-09,-0.0342465753424657,4.048578918630375e-06,-0.0343835616438357,1.2910113969878914e-06,-0.0345205479452054,2.746134412236955e-06,-0.0346575342465753,1.8818132227281127e-06,-0.0334246575342465,2.1881549101489682e-07,-0.0332876712328767,4.15749432928304e-07,-0.0331506849315068,6.892687966969251e-07,-0.0330136986301369,8.752619640595873e-08,-0.0328767123287672,3.2275284924697285e-07,1,1,1,0,1
1059,34,14:03:00,9,-0.0336986301369862,903154.0,-0.0337671232876712,-0.0338356164383562,5.470387275372421e-08,-0.0339726027397261,5.470387275372421e-09,-0.0341095890410958,7.65854218552139e-08,-0.0342465753424657,4.108753178659472e-06,-0.0343835616438357,1.2910113969878914e-06,-0.0336986301369862,1.3128929460893809e-07,-0.0334246575342465,2.0240432918877963e-07,-0.0332876712328767,4.0480865837755926e-07,-0.0331506849315068,6.892687966969251e-07,-0.0330136986301369,8.752619640595873e-08,1,1,1,0,1
1060,34,14:03:03,9,-0.0336986301369862,246886.0,-0.0337671232876712,-0.0338356164383562,4.3763098202979367e-08,-0.0339726027397261,5.470387275372421e-09,-0.0341095890410958,7.439726694506492e-07,-0.0342465753424657,4.103282791384099e-06,-0.0343835616438357,1.2964817842632638e-06,-0.0336986301369862,3.8292710927606954e-08,-0.0335616438356164,2.5163781466713136e-07,-0.0334246575342465,2.406970401163865e-07,-0.0332876712328767,4.0480865837755926e-07,-0.0331506849315068,6.892687966969251e-07,1,1,1,0,1
1061,34,14:03:06,9,-0.0336986301369862,162242.0,-0.0337671232876712,-0.0338356164383562,1.03937358232076e-07,-0.0339726027397261,2.7351936376862106e-08,-0.0341095890410958,7.767949931028838e-07,-0.0342465753424657,4.245512860543782e-06,-0.0343835616438357,1.2964817842632638e-06,-0.0336986301369862,1.0940774550744842e-08,-0.0335616438356164,2.297562655656417e-07,-0.0334246575342465,7.111503457984149e-08,-0.0332876712328767,4.15749432928304e-07,-0.0331506849315068,6.892687966969251e-07,1,1,1,0,1
1062,34,14:03:09,9,-0.0335616438356164,176351.0,-0.0336301369863013,-0.0336986301369862,8.752619640595873e-08,-0.0338356164383562,1.2034852005819325e-07,-0.0339726027397261,2.7351936376862106e-08,-0.0341095890410958,7.877357676536286e-07,-0.0342465753424657,4.283805571471389e-06,-0.0335616438356164,2.1881549101489682e-07,-0.0334246575342465,7.111503457984149e-08,-0.0332876712328767,4.15749432928304e-07,-0.0331506849315068,6.892687966969251e-07,-0.0330136986301369,8.752619640595873e-08,1,1,1,0,1
1063,34,14:03:12,9,-0.0335616438356164,49384.0,-0.0336301369863013,-0.0336986301369862,1.3675968188431052e-07,-0.0338356164383562,8.205580913058631e-08,-0.0339726027397261,6.072129875663387e-07,-0.0341095890410958,7.93206154929001e-07,-0.0342465753424657,4.256453635094527e-06,-0.0335616438356164,2.07874716464152e-07,-0.0334246575342465,3.4463439834846253e-07,-0.0332876712328767,4.15749432928304e-07,-0.0331506849315068,7.220911203491596e-07,-0.0330136986301369,8.752619640595873e-08,1,1,1,0,1
1064,34,14:03:15,9,-0.0335616438356164,366792.0,-0.0336301369863013,-0.0336986301369862,1.641116182611726e-08,-0.0339726027397261,6.947391839722974e-07,-0.0341095890410958,9.573177731901736e-07,-0.0342465753424657,4.256453635094527e-06,-0.0343835616438357,1.301952171538636e-06,-0.0335616438356164,2.6257858921787617e-07,-0.0334246575342465,3.77456722000697e-07,-0.0332876712328767,4.3763098202979364e-07,-0.0331506849315068,7.220911203491596e-07,-0.0330136986301369,8.752619640595873e-08,1,1,0,0,1
1065,34,14:03:18,9,-0.0336986301369862,91707.0,-0.033904109589041,-0.0339726027397261,6.947391839722974e-07,-0.0341095890410958,9.901400968424082e-07,-0.0342465753424657,4.278335184196017e-06,-0.0343835616438357,1.301952171538636e-06,-0.0345205479452054,2.746134412236955e-06,-0.0338356164383562,1.641116182611726e-08,-0.0335616438356164,2.352266528410141e-07,-0.0334246575342465,3.77456722000697e-07,-0.0332876712328767,4.3763098202979364e-07,-0.0331506849315068,7.220911203491596e-07,1,1,1,0,1
1066,34,14:03:21,9,-0.0336986301369862,1255343.0,-0.033904109589041,-0.0339726027397261,1.1487813278282086e-07,-0.0341095890410958,1.0448439695961323e-06,-0.0342465753424657,4.278335184196017e-06,-0.0343835616438357,1.301952171538636e-06,-0.0345205479452054,2.746134412236955e-06,-0.0338356164383562,4.3763098202979367e-08,-0.0336986301369862,4.15749432928304e-07,-0.0335616438356164,2.352266528410141e-07,-0.0334246575342465,4.595125311312834e-07,-0.0332876712328767,7.111503457984149e-08,1,1,1,0,1
1067,34,14:03:24,9,-0.0336986301369862,585466.0,-0.0338356164383562,-0.0339726027397261,1.1487813278282086e-07,-0.0341095890410958,1.3238337206401255e-06,-0.0342465753424657,4.590147258892245e-06,-0.0343835616438357,1.301952171538636e-06,-0.0345205479452054,2.746134412236955e-06,-0.0336986301369862,2.6257858921787617e-07,-0.0335616438356164,2.352266528410141e-07,-0.0334246575342465,4.595125311312834e-07,-0.0332876712328767,7.65854218552139e-08,-0.0331506849315068,7.220911203491596e-07,1,1,1,0,1
1068,34,14:03:27,9,-0.0336986301369862,352700.0,-0.0338356164383562,-0.0339726027397261,1.3128929460893809e-07,-0.0341095890410958,1.3238337206401255e-06,-0.0342465753424657,4.573736097066127e-06,-0.0343835616438357,1.312892946089381e-06,-0.0345205479452054,2.773486348613817e-06,-0.0336986301369862,1.0065512586685254e-06,-0.0335616438356164,2.954009128701107e-07,-0.0334246575342465,4.595125311312834e-07,-0.0332876712328767,7.65854218552139e-08,-0.0331506849315068,7.27561507624532e-07,1,1,1,0,1
1069,34,14:03:30,9,-0.0339726027397261,578263.0,-0.0340410958904109,-0.0341095890410958,1.2034852005819325e-06,-0.0342465753424657,4.628439969819852e-06,-0.0343835616438357,1.312892946089381e-06,-0.0345205479452054,2.773486348613817e-06,-0.0346575342465753,1.870872448177368e-06,-0.0339726027397261,3.336936237977177e-07,-0.0336986301369862,1.0886070677991118e-06,-0.0335616438356164,9.09451884530665e-07,-0.0334246575342465,4.868644675081455e-07,-0.0332876712328767,1.0940774550744841e-07,1,1,1,0,1
1070,34,14:03:33,9,-0.0339726027397261,98728.0,-0.0340410958904109,-0.0341095890410958,1.247248298784912e-06,-0.0342465753424657,4.639380744370596e-06,-0.0343835616438357,1.312892946089381e-06,-0.0345205479452054,2.811779059541424e-06,-0.0346575342465753,1.870872448177368e-06,-0.0339726027397261,4.868644675081455e-07,-0.0338356164383562,1.3128929460893809e-07,-0.0336986301369862,1.0995478423498563e-06,-0.0335616438356164,9.09451884530665e-07,-0.0334246575342465,4.81394080232773e-07,1,1,1,1,1
1071,34,14:03:36,9,-0.0339726027397261,2707680.0,-0.033904109589041,-0.0339726027397261,9.573177731901736e-07,-0.0342465753424657,4.650321518921341e-06,-0.0343835616438357,1.312892946089381e-06,-0.0345205479452054,2.811779059541424e-06,-0.0346575342465753,1.870872448177368e-06,-0.0338356164383562,1.3128929460893809e-07,-0.0336986301369862,1.1104886169006014e-06,-0.0335616438356164,8.930407227045477e-07,-0.0334246575342465,3.993382711021867e-07,-0.0332876712328767,1.0940774550744841e-07,1,1,1,0,1
1072,34,14:03:39,9,-0.0339726027397261,528905.0,-0.033904109589041,-0.0339726027397261,6.181537621170835e-07,-0.0341095890410958,2.1881549101489683e-08,-0.0342465753424657,4.661262293472086e-06,-0.0343835616438357,1.312892946089381e-06,-0.0345205479452054,2.811779059541424e-06,-0.0338356164383562,1.3128929460893809e-07,-0.0336986301369862,1.3183633333647534e-06,-0.0335616438356164,8.875703354291752e-07,-0.0334246575342465,3.993382711021867e-07,-0.0332876712328767,1.0940774550744841e-07,1,0,1,1,1
1073,34,14:03:42,9,-0.0338356164383562,232721.0,-0.033904109589041,-0.0339726027397261,6.837984094215526e-07,-0.0341095890410958,1.03937358232076e-07,-0.0342465753424657,4.71596616622581e-06,-0.0343835616438357,1.312892946089381e-06,-0.0345205479452054,2.811779059541424e-06,-0.0338356164383562,1.03937358232076e-07,-0.0336986301369862,1.3183633333647534e-06,-0.0335616438356164,8.875703354291752e-07,-0.0334246575342465,3.993382711021867e-07,-0.0332876712328767,9.299658368133117e-08,1,0,0,1,1
1074,34,14:03:45,9,-0.0339726027397261,458382.0,-0.033904109589041,-0.0339726027397261,6.455056984939457e-07,-0.0341095890410958,1.2034852005819325e-07,-0.0342465753424657,4.748788489878045e-06,-0.0343835616438357,1.312892946089381e-06,-0.0345205479452054,2.811779059541424e-06,-0.0338356164383562,1.4223006915968298e-07,-0.0336986301369862,1.37853759339385e-06,-0.0335616438356164,8.985111099799202e-07,-0.0334246575342465,3.993382711021867e-07,-0.0332876712328767,6.564464730446904e-08,1,0,0,1,1
1075,34,14:03:48,9,-0.0341095890410958,895598.0,-0.0340410958904109,-0.0341095890410958,1.3675968188431052e-07,-0.0342465753424657,4.7378477153273e-06,-0.0343835616438357,1.312892946089381e-06,-0.0345205479452054,2.811779059541424e-06,-0.0346575342465753,1.870872448177368e-06,-0.0339726027397261,4.759236929574006e-07,-0.0338356164383562,1.4223006915968298e-07,-0.0336986301369862,1.37853759339385e-06,-0.0335616438356164,8.985111099799202e-07,-0.0334246575342465,3.719863347253246e-07,1,0,1,1,1
1076,34,14:03:51,9,-0.0339726027397261,324391.0,-0.0340410958904109,-0.0341095890410958,1.4223006915968298e-07,-0.0342465753424657,4.798021975356396e-06,-0.0343835616438357,1.312892946089381e-06,-0.0345205479452054,2.811779059541424e-06,-0.0346575342465753,1.870872448177368e-06,-0.0339726027397261,8.916731258857046e-07,-0.0338356164383562,2.1334510373952441e-07,-0.0336986301369862,2.434322337540728e-06,-0.0335616438356164,9.860373063858788e-07,-0.0334246575342465,3.719863347253246e-07,1,0,0,1,1
1077,34,14:03:54,9,-0.0341095890410958,3207916.0,-0.0341780821917808,-0.0342465753424657,2.9216791399036564e-06,-0.0343835616438357,1.312892946089381e-06,-0.0345205479452054,2.8172494468167967e-06,-0.0346575342465753,1.870872448177368e-06,-0.0347945205479452,4.664599229710063e-07,-0.0341095890410958,1.9693394191340717e-07,-0.0339726027397261,7.166207330737871e-07,-0.0338356164383562,2.844601383193659e-07,-0.0336986301369862,2.434322337540728e-06,-0.0335616438356164,9.860373063858788e-07,1,0,1,1,1
1078,34,14:03:57,9,-0.0342465753424657,289076.0,-0.0341780821917808,-0.0342465753424657,2.8505641053238148e-06,-0.0343835616438357,1.312892946089381e-06,-0.0345205479452054,2.6367266667295068e-06,-0.0346575342465753,1.870872448177368e-06,-0.0347945205479452,4.664599229710063e-07,-0.0341095890410958,1.586412309858002e-07,-0.0339726027397261,9.573177731901736e-07,-0.0338356164383562,2.844601383193659e-07,-0.0336986301369862,2.335855366584024e-06,-0.0335616438356164,7.562810408202372e-07,1,0,1,1,1
1079,34,14:04:00,9,-0.0341095890410958,1262005.0,-0.0341780821917808,-0.0342465753424657,2.1831768577283792e-06,-0.0343835616438357,1.312892946089381e-06,-0.0345205479452054,2.631256279454134e-06,-0.0346575342465753,1.870872448177368e-06,-0.0347945205479452,4.664599229710063e-07,-0.0341095890410958,1.641116182611726e-08,-0.0339726027397261,1.0831366805237392e-06,-0.0338356164383562,2.844601383193659e-07,-0.0336986301369862,2.330384979308651e-06,-0.0335616438356164,7.562810408202372e-07,0,0,1,1,1
1080,34,14:04:03,9,-0.0341095890410958,2798860.0,-0.0341780821917808,-0.0342465753424657,1.3178162946372162e-07,-0.0343835616438357,1.312892946089381e-06,-0.0345205479452054,2.631256279454134e-06,-0.0346575342465753,1.870872448177368e-06,-0.0347945205479452,4.664599229710063e-07,-0.0341095890410958,2.0240432918877963e-07,-0.0339726027397261,1.1542517151035809e-06,-0.0338356164383562,2.844601383193659e-07,-0.0336986301369862,2.330384979308651e-06,-0.0335616438356164,7.562810408202372e-07,0,0,0,1,1
1081,34,14:04:06,9,-0.0342465753424657,465935.0,-0.0343150684931505,-0.0343835616438357,1.312892946089381e-06,-0.0345205479452054,2.631256279454134e-06,-0.0346575342465753,1.870872448177368e-06,-0.0347945205479452,4.664599229710063e-07,-0.034931506849315,5.49959914342291e-06,-0.0342465753424657,5.082536817548516e-07,-0.0341095890410958,2.406970401163865e-07,-0.0339726027397261,1.208955587857305e-06,-0.0338356164383562,2.844601383193659e-07,-0.0336986301369862,2.330384979308651e-06,1,0,1,1,1
1082,34,14:04:09,9,-0.0343835616438357,2699820.0,-0.0344520547945205,-0.0345205479452054,2.434322337540728e-06,-0.0346575342465753,1.870872448177368e-06,-0.0347945205479452,4.664599229710063e-07,-0.034931506849315,5.49959914342291e-06,-0.0350684931506849,2.1553325864967338e-06,-0.0343835616438357,1.8544612863512507e-06,-0.0342465753424657,1.2358151893793835e-06,-0.0341095890410958,3.610455601745798e-07,-0.0339726027397261,1.19801481330656e-06,-0.0338356164383562,2.844601383193659e-07,1,1,1,1,2
1083,34,14:04:12,9,-0.0345205479452054,4108890.0,-0.0345890410958904,-0.0346575342465753,1.2855410097125188e-06,-0.0347945205479452,4.664599229710063e-07,-0.034931506849315,5.49959914342291e-06,-0.0350684931506849,2.1553325864967338e-06,-0.0352054794520546,2.406970401163865e-07,-0.0345205479452054,1.1651924896543256e-06,-0.0343835616438357,1.3730672061184775e-06,-0.0342465753424657,8.747696292048038e-07,-0.0341095890410958,3.610455601745798e-07,-0.0339726027397261,1.19801481330656e-06,1,1,1,1,2
1084,34,14:04:15,9,-0.0346575342465753,2114087.0,-0.0347260273972602,-0.0347945205479452,3.297002410866958e-07,-0.034931506849315,5.49959914342291e-06,-0.0350684931506849,2.182684522873596e-06,-0.0352054794520546,2.406970401163865e-07,-0.0353424657534245,8.588508022334701e-07,-0.0346575342465753,9.518473859148012e-07,-0.0345205479452054,1.4387118534229466e-06,-0.0343835616438357,1.4004191424953395e-06,-0.0342465753424657,6.012502654361828e-07,-0.0341095890410958,2.954009128701107e-07,1,1,1,1,2
1085,34,14:04:18,9,-0.0346575342465753,1303497.0,-0.034794520547945,-0.034931506849315,5.123619425986563e-06,-0.0350684931506849,2.182684522873596e-06,-0.0352054794520546,2.406970401163865e-07,-0.0353424657534245,8.588508022334701e-07,-0.0354794520547945,1.4770045643505535e-06,-0.0346575342465753,7.439726694506492e-07,-0.0345205479452054,1.8763428354527404e-06,-0.0343835616438357,5.1968679116038e-07,-0.0342465753424657,6.997172363928864e-07,-0.0341095890410958,3.8292710927606954e-08,1,1,1,1,2
1086,34,14:04:21,9,-0.0346575342465753,415673.0,-0.034794520547945,-0.034931506849315,4.855570449493314e-06,-0.0350684931506849,2.182684522873596e-06,-0.0352054794520546,2.406970401163865e-07,-0.0353424657534245,8.588508022334701e-07,-0.0354794520547945,1.4770045643505535e-06,-0.0346575342465753,1.586412309858002e-06,-0.0345205479452054,1.2855410097125188e-06,-0.0343835616438357,4.15749432928304e-07,-0.0342465753424657,6.997172363928864e-07,-0.0341095890410958,3.8292710927606954e-08,1,1,1,2,2
1087,34,14:04:24,9,-0.0347945205479452,260677.0,-0.034794520547945,-0.034931506849315,4.735221929435121e-06,-0.0350684931506849,2.182684522873596e-06,-0.0352054794520546,2.406970401163865e-07,-0.0353424657534245,8.588508022334701e-07,-0.0354794520547945,1.4770045643505535e-06,-0.0346575342465753,1.5918826971333744e-06,-0.0345205479452054,6.181537621170835e-07,-0.0343835616438357,4.15749432928304e-07,-0.0342465753424657,6.887764618421415e-07,-0.0341095890410958,3.8292710927606954e-08,1,1,1,1,2
1088,34,14:04:27,9,-0.0347945205479452,225478.0,-0.0347260273972602,-0.0347945205479452,7.111503457984149e-08,-0.034931506849315,4.707869993058259e-06,-0.0350684931506849,2.182684522873596e-06,-0.0352054794520546,2.406970401163865e-07,-0.0353424657534245,8.588508022334701e-07,-0.0346575342465753,1.5918826971333744e-06,-0.0345205479452054,6.181537621170835e-07,-0.0343835616438357,4.15749432928304e-07,-0.0342465753424657,6.833060745667691e-07,-0.0341095890410958,3.8292710927606954e-08,1,1,1,1,2
1089,34,14:04:30,9,-0.0347945205479452,732757.0,-0.0348630136986302,-0.034931506849315,4.587521473000066e-06,-0.0350684931506849,2.1553325864967338e-06,-0.0352054794520546,2.406970401163865e-07,-0.0353424657534245,8.588508022334701e-07,-0.0354794520547945,1.4879453389012984e-06,-0.0347945205479452,3.883974965514419e-07,-0.0346575342465753,1.662997731713216e-06,-0.0345205479452054,6.017426002909662e-07,-0.0343835616438357,3.11812074696228e-07,-0.0342465753424657,6.778356872913967e-07,1,1,1,1,2
1090,34,14:04:33,9,-0.0347945205479452,310016.0,-0.0348630136986302,-0.034931506849315,4.549228762072459e-06,-0.0350684931506849,2.1608029737721063e-06,-0.0352054794520546,2.406970401163865e-07,-0.0353424657534245,8.588508022334701e-07,-0.0354794520547945,1.4879453389012984e-06,-0.0347945205479452,3.829271092760695e-07,-0.0346575342465753,2.193625297424341e-06,-0.0345205479452054,5.087460166096352e-07,-0.0343835616438357,2.0240432918877963e-07,-0.0342465753424657,4.09786710798148e-07,1,1,1,1,2
1091,34,14:04:36,9,-0.0347945205479452,2754642.0,-0.0348630136986302,-0.034931506849315,2.6838267011704635e-06,-0.0350684931506849,2.1608029737721063e-06,-0.0352054794520546,2.406970401163865e-07,-0.0353424657534245,8.588508022334701e-07,-0.0354794520547945,1.4879453389012984e-06,-0.0347945205479452,3.993382711021867e-07,-0.0346575342465753,2.0623360028154027e-06,-0.0345205479452054,5.087460166096352e-07,-0.0343835616438357,2.0240432918877963e-07,-0.0342465753424657,4.207274853488929e-07,1,1,1,1,2
1092,34,14:04:39,9,-0.0346575342465753,7976225.0,-0.0348630136986302,-0.034931506849315,1.0940774550744842e-08,-0.0350684931506849,1.2719744492695954e-06,-0.0352054794520546,2.406970401163865e-07,-0.0353424657534245,8.588508022334701e-07,-0.0354794520547945,1.4879453389012984e-06,-0.0347945205479452,5.470387275372421e-09,-0.0346575342465753,1.0940774550744841e-07,-0.0345205479452054,1.586412309858002e-07,-0.0343835616438357,2.0240432918877963e-07,-0.0342465753424657,4.207274853488929e-07,1,1,1,1,2
1093,34,14:04:42,9,-0.034931506849315,1549798.0,-0.0350000000000001,-0.0350684931506849,5.66294490746553e-07,-0.0352054794520546,2.680489764932487e-07,-0.0353424657534245,8.588508022334701e-07,-0.0354794520547945,1.4879453389012984e-06,-0.0356164383561643,3.889445352789791e-06,-0.034931506849315,2.751604799512328e-06,-0.0347945205479452,4.9233485478351786e-08,-0.0346575342465753,2.1881549101489682e-07,-0.0345205479452054,1.4223006915968298e-07,-0.0343835616438357,1.6411161826117265e-07,1,1,1,2,2
1094,34,14:04:45,9,-0.034931506849315,246573.0,-0.0350000000000001,-0.0350684931506849,5.553537161958081e-07,-0.0352054794520546,2.7351936376862104e-07,-0.0353424657534245,8.643211895088425e-07,-0.0354794520547945,1.4879453389012984e-06,-0.0356164383561643,3.900386127340536e-06,-0.034931506849315,5.3555091425896e-06,-0.0347945205479452,2.1334510373952441e-07,-0.0346575342465753,2.1881549101489682e-07,-0.0345205479452054,1.4223006915968298e-07,-0.0343835616438357,6.017426002909662e-08,1,1,2,2,2
1095,34,14:04:48,9,-0.034931506849315,140898.0,-0.0350000000000001,-0.0350684931506849,5.553537161958081e-07,-0.0352054794520546,2.7351936376862104e-07,-0.0353424657534245,8.643211895088425e-07,-0.0354794520547945,1.4988861134520434e-06,-0.0356164383561643,3.922267676442026e-06,-0.034931506849315,6.0611891011126425e-06,-0.0347945205479452,4.102790456529316e-07,-0.0346575342465753,2.1881549101489682e-07,-0.0345205479452054,1.4223006915968298e-07,-0.0343835616438357,5.470387275372421e-08,1,1,2,2,2
1096,34,14:04:51,9,-0.0353424657534245,1831236.0,-0.0351369863013698,-0.0353424657534245,4.076532597607528e-07,-0.0354794520547945,1.662997731713216e-06,-0.0356164383561643,4.026205034674102e-06,-0.0357534246575342,9.080842877118218e-07,-0.0358904109589042,8.643211895088425e-07,-0.034931506849315,6.077600262938759e-06,-0.0347945205479452,6.290945366678284e-07,-0.0346575342465753,2.1881549101489682e-07,-0.0345205479452054,1.4223006915968298e-07,-0.0343835616438357,5.470387275372421e-08,1,1,2,2,2
1097,34,14:04:54,9,-0.034931506849315,1077549.0,-0.0350000000000001,-0.0350684931506849,1.641116182611726e-08,-0.0352054794520546,1.859931673626623e-07,-0.0354794520547945,1.5454938130382164e-06,-0.0356164383561643,4.026205034674102e-06,-0.0357534246575342,9.190250622625668e-07,-0.034931506849315,5.765788188242532e-06,-0.0347945205479452,7.330318948999044e-07,-0.0346575342465753,2.1881549101489682e-07,-0.0345205479452054,1.6958200553654506e-07,-0.0343835616438357,5.470387275372421e-08,1,1,1,2,2
1098,34,14:04:57,9,-0.0350684931506849,183148.0,-0.0351369863013698,-0.0352054794520546,1.4770045643505538e-07,-0.0353424657534245,5.525091148126145e-07,-0.0354794520547945,1.5454938130382164e-06,-0.0356164383561643,4.080908907427826e-06,-0.0357534246575342,9.190250622625668e-07,-0.0350684931506849,1.531708437104278e-07,-0.034931506849315,5.804080899170139e-06,-0.0347945205479452,7.330318948999044e-07,-0.0346575342465753,2.1881549101489682e-07,-0.0345205479452054,1.6958200553654506e-07,1,1,1,2,2
1099,34,14:05:00,9,-0.034931506849315,1119842.0,-0.0350684931506849,-0.0352054794520546,1.0940774550744842e-08,-0.0353424657534245,1.859931673626623e-07,-0.0354794520547945,1.5454938130382164e-06,-0.0356164383561643,4.135612780181551e-06,-0.0357534246575342,9.190250622625668e-07,-0.034931506849315,5.793140124619394e-06,-0.0347945205479452,7.330318948999044e-07,-0.0346575342465753,2.1881549101489682e-07,-0.0345205479452054,1.3675968188431052e-07,-0.0343835616438357,5.470387275372421e-08,1,1,1,2,2
1100,34,14:05:03,9,-0.0353424657534245,197228.0,-0.0352739726027395,-0.0353424657534245,1.805227800872899e-07,-0.0354794520547945,1.5454938130382164e-06,-0.0356164383561643,4.146553554732295e-06,-0.0357534246575342,9.190250622625668e-07,-0.0358904109589042,9.080842877118218e-07,-0.0352054794520546,3.8292710927606954e-08,-0.0350684931506849,7.65854218552139e-08,-0.034931506849315,5.793140124619394e-06,-0.0347945205479452,7.27561507624532e-07,-0.0346575342465753,2.1881549101489682e-07,1,2,2,2,2
1101,34,14:05:06,9,-0.0352054794520546,112683.0,-0.0352739726027395,-0.0353424657534245,1.531708437104278e-07,-0.0354794520547945,1.5454938130382164e-06,-0.0356164383561643,4.152023942007667e-06,-0.0357534246575342,9.244954495379392e-07,-0.0358904109589042,9.026139004364496e-07,-0.0352054794520546,1.2034852005819325e-07,-0.0350684931506849,4.102790456529316e-07,-0.034931506849315,5.815021673720883e-06,-0.0347945205479452,7.27561507624532e-07,-0.0346575342465753,3.282232365223452e-08,1,1,2,2,2
1102,34,14:05:09,9,-0.0353424657534245,267603.0,-0.0352739726027395,-0.0353424657534245,3.829271092760695e-07,-0.0354794520547945,1.5454938130382164e-06,-0.0356164383561643,4.212198202036764e-06,-0.0357534246575342,9.244954495379392e-07,-0.0358904109589042,9.026139004364496e-07,-0.0352054794520546,1.2034852005819325e-07,-0.0350684931506849,4.759236929574006e-07,-0.034931506849315,3.063416874208556e-06,-0.0347945205479452,6.290945366678284e-07,-0.0346575342465753,3.282232365223452e-08,1,2,1,2,2
1103,34,14:05:12,9,-0.0353424657534245,1387179.0,-0.0354109589041097,-0.0354794520547945,1.075040507356188e-06,-0.0356164383561643,4.212198202036764e-06,-0.0357534246575342,9.244954495379392e-07,-0.0358904109589042,9.026139004364496e-07,-0.0360273972602739,1.9091651591049747e-06,-0.0353424657534245,4.9233485478351786e-08,-0.0352054794520546,6.564464730446904e-08,-0.0350684931506849,5.087460166096352e-07,-0.034931506849315,3.0360649378316934e-06,-0.0347945205479452,5.470387275372421e-07,1,2,2,2,2
1104,34,14:05:15,9,-0.0353424657534245,2000162.0,-0.0354109589041097,-0.0354794520547945,1.5236122639367266e-06,-0.0356164383561643,4.387250594848682e-06,-0.0357534246575342,9.244954495379392e-07,-0.0358904109589042,9.026139004364496e-07,-0.0360273972602739,1.9091651591049747e-06,-0.0353424657534245,5.470387275372421e-09,-0.0350684931506849,7.65854218552139e-08,-0.034931506849315,2.992301839628714e-06,-0.0347945205479452,4.9233485478351786e-08,-0.0346575342465753,3.282232365223452e-08,1,2,2,2,2
1105,34,14:05:18,9,-0.0353424657534245,549416.0,-0.0351369863013698,-0.0353424657534245,3.8292710927606954e-08,-0.0354794520547945,2.136295638778438e-06,-0.0356164383561643,4.392720982124054e-06,-0.0357534246575342,9.244954495379392e-07,-0.0358904109589042,9.026139004364496e-07,-0.034931506849315,2.7351936376862104e-06,-0.0347945205479452,4.9233485478351786e-08,-0.0346575342465753,1.641116182611726e-08,-0.0345205479452054,1.3675968188431052e-07,-0.0343835616438357,2.1881549101489683e-08,2,2,2,2,2
1106,34,14:05:21,9,-0.0353424657534245,9056523.0,-0.0354794520547945,-0.0356164383561643,3.2084915447514323e-06,-0.0357534246575342,9.244954495379392e-07,-0.0358904109589042,9.026139004364496e-07,-0.0360273972602739,1.9091651591049747e-06,-0.0361643835616438,8.041469294797458e-07,-0.0353424657534245,2.7351936376862106e-08,-0.0350684931506849,1.0940774550744842e-08,-0.0347945205479452,4.3763098202979367e-08,-0.0346575342465753,1.641116182611726e-08,-0.0345205479452054,1.3675968188431052e-07,1,2,2,2,2
1107,34,14:05:24,9,-0.0352054794520546,471876.0,-0.0351369863013698,-0.0352054794520546,1.4660637897998088e-06,-0.0353424657534245,7.111503457984149e-08,-0.0354794520547945,1.6958200553654506e-07,-0.0356164383561643,3.2686658047805288e-06,-0.0357534246575342,9.244954495379392e-07,-0.0350684931506849,1.0940774550744842e-08,-0.034931506849315,5.470387275372421e-09,-0.0347945205479452,4.3763098202979367e-08,-0.0346575342465753,1.641116182611726e-08,-0.0345205479452054,1.3675968188431052e-07,2,2,2,2,2
1108,34,14:05:27,9,-0.0352054794520546,77477.0,-0.0351369863013698,-0.0352054794520546,1.427771078872202e-06,-0.0353424657534245,1.1487813278282086e-07,-0.0354794520547945,1.6958200553654506e-07,-0.0356164383561643,3.3671327757372324e-06,-0.0357534246575342,9.244954495379392e-07,-0.0350684931506849,3.282232365223452e-08,-0.034931506849315,1.0940774550744842e-08,-0.0347945205479452,4.3763098202979367e-08,-0.0346575342465753,1.641116182611726e-08,-0.0345205479452054,1.3675968188431052e-07,2,2,2,2,2
1109,34,14:05:30,9,-0.0352054794520546,478975.0,-0.0351369863013698,-0.0352054794520546,1.301952171538636e-06,-0.0353424657534245,1.4770045643505538e-07,-0.0354794520547945,3.11812074696228e-07,-0.0356164383561643,3.689885624984205e-06,-0.0357534246575342,9.244954495379392e-07,-0.0350684931506849,1.2034852005819325e-07,-0.0346575342465753,1.641116182611726e-08,-0.0345205479452054,1.3675968188431052e-07,-0.0342465753424657,3.4463439834846253e-07,-0.0341095890410958,2.1881549101489683e-08,2,2,2,2,2
1110,34,14:05:33,9,-0.034931506849315,1134681.0,-0.0344520547945205,-0.034931506849315,3.8292710927606954e-08,-0.0350684931506849,2.828190221367541e-06,-0.0352054794520546,1.405889529770712e-06,-0.0353424657534245,3.008713001454831e-07,-0.0354794520547945,1.0886070677991118e-06,-0.0339726027397261,4.3763098202979367e-08,-0.0338356164383562,1.9693394191340717e-07,-0.0336986301369862,1.0995478423498563e-06,-0.0335616438356164,6.195213589359267e-07,-0.0334246575342465,4.212198202036764e-07,2,2,1,2,2
1111,34,14:05:36,9,-0.0350684931506849,605805.0,-0.0350000000000001,-0.0350684931506849,3.676100249050267e-06,-0.0352054794520546,1.405889529770712e-06,-0.0353424657534245,3.336936237977177e-07,-0.0354794520547945,1.1104886169006014e-06,-0.0356164383561643,3.761000659564047e-06,-0.034931506849315,6.564464730446904e-08,-0.0345205479452054,1.0940774550744842e-08,-0.0339726027397261,4.3763098202979367e-08,-0.0338356164383562,1.9693394191340717e-07,-0.0336986301369862,1.0995478423498563e-06,2,2,2,2,2
1112,34,14:05:39,9,-0.034931506849315,1324456.0,-0.0344520547945205,-0.034931506849315,1.4988861134520434e-06,-0.0350684931506849,3.1509430706145143e-06,-0.0352054794520546,1.4113599170460849e-06,-0.0353424657534245,3.5010478562383493e-07,-0.0354794520547945,1.4387118534229466e-06,-0.0339726027397261,4.3763098202979367e-08,-0.0338356164383562,1.9693394191340717e-07,-0.0336986301369862,1.0995478423498563e-06,-0.0335616438356164,6.195213589359267e-07,-0.0334246575342465,4.2669020747904883e-07,1,1,1,2,2
1113,34,14:05:42,9,-0.0339726027397261,1190731.0,-0.0340410958904109,-0.0342465753424657,5.470387275372421e-09,-0.034931506849315,9.682585477409186e-07,-0.0350684931506849,3.1892357815421214e-06,-0.0352054794520546,1.405889529770712e-06,-0.0353424657534245,3.5010478562383493e-07,-0.0338356164383562,3.008713001454831e-07,-0.0336986301369862,1.0995478423498563e-06,-0.0335616438356164,6.796956189650233e-07,-0.0334246575342465,4.2669020747904883e-07,-0.0332876712328767,8.752619640595873e-08,1,1,1,2,2
1114,34,14:05:45,9,-0.0336986301369862,1812809.0,-0.0337671232876712,-0.0338356164383562,4.3763098202979367e-08,-0.0342465753424657,2.1881549101489683e-08,-0.0345205479452054,5.470387275372421e-09,-0.034931506849315,9.62788160465546e-07,-0.0350684931506849,3.183765394266749e-06,-0.0336986301369862,4.9233485478351786e-08,-0.0335616438356164,6.796956189650233e-07,-0.0334246575342465,4.2669020747904883e-07,-0.0332876712328767,8.752619640595873e-08,-0.0331506849315068,8.260284785812356e-07,0,1,1,1,2
1115,34,14:05:48,9,-0.034931506849315,2073677.0,-0.0336301369863013,-0.0336986301369862,1.0940774550744842e-08,-0.034931506849315,1.1378405532774636e-06,-0.0350684931506849,3.107179972411535e-06,-0.0352054794520546,1.4770045643505535e-06,-0.0353424657534245,3.5557517289920734e-07,-0.0335616438356164,1.600088278046433e-07,-0.0334246575342465,4.2669020747904883e-07,-0.0332876712328767,8.752619640595873e-08,-0.0331506849315068,8.260284785812356e-07,-0.0330136986301369,8.752619640595873e-08,1,1,1,1,2
1116,34,14:05:51,9,-0.0336986301369862,42297.0,-0.0336301369863013,-0.0336986301369862,1.0940774550744842e-08,-0.0338356164383562,2.1881549101489683e-08,-0.0347945205479452,5.470387275372421e-09,-0.034931506849315,1.1214293914513463e-06,-0.0350684931506849,3.107179972411535e-06,-0.0335616438356164,1.600088278046433e-07,-0.0334246575342465,4.2669020747904883e-07,-0.0332876712328767,8.752619640595873e-08,-0.0331506849315068,8.260284785812356e-07,-0.0330136986301369,8.752619640595873e-08,1,1,1,1,2
1117,34,14:05:54,9,-0.0342465753424657,77551.0,-0.0345205479452056,-0.0347945205479452,3.282232365223452e-08,-0.034931506849315,1.1651924896543256e-06,-0.0350684931506849,3.107179972411535e-06,-0.0352054794520546,1.4715341770751812e-06,-0.0353424657534245,3.5557517289920734e-07,-0.0342465753424657,4.9233485478351786e-08,-0.0338356164383562,1.0940774550744842e-08,-0.0336986301369862,1.0940774550744842e-08,-0.0335616438356164,1.81890376906133e-07,-0.0334246575342465,5.579795020879869e-07,1,1,1,2,2
1118,34,14:05:57,9,-0.0342465753424657,705016.0,-0.0343835616438354,-0.0345205479452054,4.9233485478351786e-08,-0.0347945205479452,5.470387275372421e-09,-0.034931506849315,1.2527186860602843e-06,-0.0350684931506849,3.1618838451652594e-06,-0.0352054794520546,1.4715341770751812e-06,-0.0342465753424657,4.3763098202979367e-08,-0.0336986301369862,6.564464730446904e-08,-0.0335616438356164,1.81890376906133e-07,-0.0334246575342465,4.2669020747904883e-07,-0.0332876712328767,8.752619640595873e-08,1,2,1,2,2
1119,34,14:06:00,9,-0.0345205479452054,472479.0,-0.0343835616438354,-0.0345205479452054,3.8292710927606954e-08,-0.0346575342465753,4.3763098202979367e-08,-0.0347945205479452,5.470387275372421e-09,-0.034931506849315,1.4605934025244365e-06,-0.0350684931506849,3.1618838451652594e-06,-0.0342465753424657,6.564464730446904e-08,-0.0335616438356164,1.1624572960166394e-07,-0.0334246575342465,4.2669020747904883e-07,-0.0332876712328767,8.752619640595873e-08,-0.0331506849315068,8.260284785812356e-07,1,1,2,2,2
1120,34,14:06:03,9,-0.0338356164383562,613703.0,-0.0336301369863013,-0.0338356164383562,8.205580913058631e-08,-0.0342465753424657,1.641116182611726e-08,-0.0345205479452054,3.8292710927606954e-08,-0.0346575342465753,5.470387275372421e-08,-0.0347945205479452,7.877357676536286e-07,-0.0334246575342465,2.639461860367193e-07,-0.0332876712328767,8.752619640595873e-08,-0.0331506849315068,8.260284785812356e-07,-0.0330136986301369,8.752619640595873e-08,-0.0328767123287672,4.102790456529316e-07,1,1,1,2,2
1121,34,14:06:06,9,-0.0334246575342465,747649.0,-0.0340410958904109,-0.0346575342465753,1.0940774550744841e-07,-0.0347945205479452,8.752619640595873e-07,-0.034931506849315,1.805227800872899e-06,-0.0350684931506849,3.1618838451652594e-06,-0.0352054794520546,1.5152972752781606e-06,-0.0334246575342465,9.436418050017425e-08,-0.0332876712328767,2.2428587829026925e-07,-0.0331506849315068,8.260284785812356e-07,-0.0330136986301369,8.752619640595873e-08,-0.0328767123287672,4.102790456529316e-07,1,1,1,2,2
1122,34,14:06:09,9,-0.0342465753424657,162090.0,-0.0344520547945205,-0.0346575342465753,2.7351936376862106e-08,-0.0347945205479452,1.132370166002091e-06,-0.034931506849315,1.8271093499743888e-06,-0.0350684931506849,3.1618838451652594e-06,-0.0352054794520546,1.5043565007274155e-06,-0.0342465753424657,1.641116182611726e-08,-0.0338356164383562,1.0940774550744842e-08,-0.0334246575342465,9.436418050017425e-08,-0.0332876712328767,3.2275284924697285e-07,-0.0331506849315068,8.260284785812356e-07,1,2,2,2,2
1123,34,14:06:12,9,-0.0342465753424657,373547.0,-0.0341780821917808,-0.0342465753424657,4.485717565805385e-07,-0.0345205479452054,4.3763098202979367e-08,-0.0346575342465753,2.7351936376862106e-08,-0.0347945205479452,1.0120216459438978e-06,-0.034931506849315,1.9036947718296024e-06,-0.0341095890410958,9.846697095670357e-08,-0.0338356164383562,2.1881549101489683e-08,-0.0334246575342465,3.9660307746450056e-08,-0.0332876712328767,2.2428587829026925e-07,-0.0331506849315068,8.260284785812356e-07,1,1,2,2,2
1124,34,14:06:15,9,-0.0342465753424657,296127.0,-0.034109589041096,-0.0342465753424657,5.142164038850075e-07,-0.0345205479452054,7.65854218552139e-08,-0.0346575342465753,1.9693394191340717e-07,-0.0347945205479452,1.0776662932483669e-06,-0.034931506849315,1.9091651591049747e-06,-0.0339726027397261,7.111503457984149e-08,-0.0338356164383562,2.1881549101489683e-08,-0.0335616438356164,6.017426002909662e-08,-0.0334246575342465,1.490680532538985e-07,-0.0332876712328767,2.2428587829026925e-07,1,1,1,2,2
1125,34,14:06:18,9,-0.0339726027397261,846051.0,-0.034109589041096,-0.0342465753424657,4.0480865837755926e-07,-0.0345205479452054,1.2581890733356568e-07,-0.0346575342465753,1.9693394191340717e-07,-0.0347945205479452,1.0886070677991118e-06,-0.034931506849315,1.2417779115095396e-06,-0.0339726027397261,1.641116182611726e-08,-0.0338356164383562,2.1881549101489683e-08,-0.0336986301369862,5.470387275372421e-09,-0.0335616438356164,6.017426002909662e-08,-0.0334246575342465,1.490680532538985e-07,1,1,1,2,2
1126,34,14:06:21,9,-0.0339726027397261,521761.0,-0.0336986301369863,-0.0338356164383562,1.0940774550744842e-08,-0.0339726027397261,6.564464730446904e-08,-0.0341095890410958,2.7351936376862106e-08,-0.0342465753424657,7.54913444001394e-07,-0.0345205479452054,1.2581890733356568e-07,-0.0335616438356164,3.282232365223452e-08,-0.0334246575342465,1.490680532538985e-07,-0.0332876712328767,2.2428587829026925e-07,-0.0331506849315068,8.424396404073528e-07,-0.0330136986301369,8.752619640595873e-08,1,1,1,2,2
1127,34,14:06:24,9,-0.0338356164383562,634826.0,-0.034109589041096,-0.0342465753424657,6.619168603200629e-07,-0.0345205479452054,1.2034852005819325e-07,-0.0346575342465753,1.2034852005819325e-07,-0.0347945205479452,1.0940774550744842e-06,-0.034931506849315,1.236307524234167e-06,-0.0339726027397261,1.641116182611726e-08,-0.0336986301369862,1.641116182611726e-08,-0.0335616438356164,1.3128929460893809e-07,-0.0332876712328767,1.7094960235538818e-07,-0.0331506849315068,8.424396404073528e-07,1,1,2,2,2
1128,34,14:06:27,9,-0.0335616438356164,162212.0,-0.0338356164383562,-0.0339726027397261,2.7351936376862106e-08,-0.0341095890410958,2.1881549101489683e-08,-0.0342465753424657,7.603838312767665e-07,-0.0345205479452054,1.3675968188431052e-07,-0.0346575342465753,1.2034852005819325e-07,-0.0336986301369862,5.470387275372421e-09,-0.0335616438356164,1.2581890733356568e-07,-0.0332876712328767,1.7094960235538818e-07,-0.0331506849315068,8.424396404073528e-07,-0.0330136986301369,9.299658368133117e-08,1,1,1,2,2
1129,34,14:06:30,9,-0.0339726027397261,84624.0,-0.0340410958904109,-0.0341095890410958,1.2034852005819325e-07,-0.0342465753424657,7.986765422043734e-07,-0.0345205479452054,1.805227800872899e-07,-0.0346575342465753,1.2034852005819325e-07,-0.0347945205479452,1.1268997787267187e-06,-0.0339726027397261,1.0940774550744842e-08,-0.0336986301369862,5.470387275372421e-09,-0.0335616438356164,3.2275284924697285e-07,-0.0334246575342465,8.205580913058631e-08,-0.0332876712328767,1.7094960235538818e-07,1,2,1,2,2
1130,34,14:06:33,9,-0.0339726027397261,408984.0,-0.0340410958904109,-0.0341095890410958,1.0940774550744842e-08,-0.0342465753424657,7.877357676536286e-07,-0.0345205479452054,2.1881549101489682e-07,-0.0346575342465753,2.07874716464152e-07,-0.0347945205479452,1.1268997787267187e-06,-0.0339726027397261,9.846697095670357e-08,-0.0338356164383562,5.470387275372421e-09,-0.0335616438356164,3.008713001454831e-07,-0.0334246575342465,8.205580913058631e-08,-0.0332876712328767,2.2565347510911242e-07,1,1,1,2,2
1131,34,14:06:36,9,-0.0339726027397261,705046.0,-0.033904109589041,-0.0339726027397261,1.7177016044669402e-06,-0.0342465753424657,4.485717565805385e-07,-0.0345205479452054,2.406970401163865e-07,-0.0346575342465753,2.1334510373952441e-07,-0.0347945205479452,1.143310940552836e-06,-0.0338356164383562,3.282232365223452e-08,-0.0335616438356164,8.205580913058631e-07,-0.0334246575342465,8.205580913058631e-08,-0.0332876712328767,2.365942496598572e-07,-0.0331506849315068,8.424396404073528e-07,1,1,2,2,2
1132,34,14:06:39,9,-0.0339726027397261,1480924.0,-0.033904109589041,-0.0339726027397261,7.111503457984147e-07,-0.0342465753424657,4.595125311312834e-07,-0.0343835616438357,2.7351936376862106e-08,-0.0345205479452054,2.0240432918877963e-07,-0.0346575342465753,2.1881549101489682e-07,-0.0338356164383562,2.2428587829026925e-07,-0.0335616438356164,8.205580913058631e-07,-0.0334246575342465,8.205580913058631e-08,-0.0332876712328767,2.639461860367193e-07,-0.0331506849315068,8.424396404073528e-07,1,2,2,2,2
1133,34,14:06:42,9,-0.0338356164383562,669998.0,-0.0336986301369863,-0.0338356164383562,2.5163781466713136e-07,-0.0339726027397261,6.181537621170835e-07,-0.0341095890410958,5.470387275372421e-07,-0.0342465753424657,9.901400968424082e-07,-0.0343835616438357,2.7351936376862106e-08,-0.0335616438356164,8.205580913058631e-07,-0.0334246575342465,8.205580913058631e-08,-0.0332876712328767,2.639461860367193e-07,-0.0331506849315068,8.424396404073528e-07,-0.0330136986301369,9.299658368133117e-08,1,2,1,2,2
1134,34,14:06:45,9,-0.0338356164383562,105797.0,-0.0337671232876712,-0.0338356164383562,3.11812074696228e-07,-0.0339726027397261,1.1159590041759738e-06,-0.0341095890410958,6.23624149392456e-07,-0.0342465753424657,1.001080871393153e-06,-0.0343835616438357,2.7351936376862106e-08,-0.0336986301369862,8.752619640595873e-08,-0.0335616438356164,8.205580913058631e-07,-0.0334246575342465,1.859931673626623e-07,-0.0332876712328767,2.639461860367193e-07,-0.0331506849315068,8.424396404073528e-07,1,2,1,2,2
1135,34,14:06:48,9,-0.0339726027397261,705277.0,-0.033904109589041,-0.0339726027397261,1.001080871393153e-06,-0.0341095890410958,6.23624149392456e-07,-0.0342465753424657,1.0065512586685254e-06,-0.0343835616438357,2.7351936376862106e-08,-0.0345205479452054,3.172824619716004e-07,-0.0338356164383562,2.4616742739175896e-07,-0.0336986301369862,8.752619640595873e-08,-0.0335616438356164,9.190250622625668e-07,-0.0334246575342465,1.859931673626623e-07,-0.0332876712328767,2.639461860367193e-07,1,1,1,2,2
1136,34,14:06:51,9,-0.0336986301369862,839407.0,-0.0336301369863013,-0.0336986301369862,2.7351936376862106e-08,-0.0338356164383562,1.641116182611726e-08,-0.0339726027397261,1.0174920332192704e-06,-0.0341095890410958,6.23624149392456e-07,-0.0342465753424657,1.0886070677991118e-06,-0.0335616438356164,8.314988658566079e-07,-0.0334246575342465,1.859931673626623e-07,-0.0332876712328767,2.639461860367193e-07,-0.0331506849315068,8.424396404073528e-07,-0.0330136986301369,9.299658368133117e-08,1,1,1,2,2
1137,34,14:06:54,9,-0.0335616438356164,1340006.0,-0.0336986301369863,-0.0338356164383562,3.063416874208556e-07,-0.0339726027397261,3.391640110730901e-07,-0.0341095890410958,6.23624149392456e-07,-0.0342465753424657,1.0557847441468773e-06,-0.0343835616438357,6.017426002909662e-08,-0.0335616438356164,8.041469294797458e-07,-0.0334246575342465,1.859931673626623e-07,-0.0332876712328767,2.639461860367193e-07,-0.0331506849315068,8.424396404073528e-07,-0.0330136986301369,9.299658368133117e-08,1,2,2,2,2
1138,34,14:06:57,9,-0.0339726027397261,3301009.0,-0.0340410958904109,-0.0341095890410958,6.23624149392456e-07,-0.0342465753424657,1.0721959059729943e-06,-0.0343835616438357,6.017426002909662e-08,-0.0345205479452054,3.172824619716004e-07,-0.0346575342465753,7.986765422043734e-07,-0.0339726027397261,2.1881549101489682e-07,-0.0334246575342465,3.8292710927606954e-08,-0.0332876712328767,2.639461860367193e-07,-0.0331506849315068,8.424396404073528e-07,-0.0330136986301369,9.299658368133117e-08,2,2,2,2,2
1139,34,14:07:00,9,-0.0336986301369862,876525.0,-0.0333561643835617,-0.0335616438356164,5.470387275372421e-09,-0.0336986301369862,1.572736341669571e-07,-0.0338356164383562,1.0940774550744842e-08,-0.0339726027397261,2.4616742739175896e-07,-0.0341095890410958,6.728576348708078e-07,-0.0331506849315068,8.424396404073528e-07,-0.0330136986301369,9.299658368133117e-08,-0.0328767123287672,5.087460166096352e-07,-0.0327397260273972,5.251571784357523e-07,-0.0324657534246576,2.1881549101489683e-08,1,1,2,2,2
1140,34,14:07:03,9,-0.0335616438356164,183419.0,-0.0336301369863013,-0.0336986301369862,9.709937413786048e-08,-0.0338356164383562,5.470387275372421e-08,-0.0339726027397261,2.1881549101489682e-07,-0.0341095890410958,6.290945366678284e-07,-0.0342465753424657,1.105018229625229e-06,-0.0335616438356164,5.470387275372421e-08,-0.0331506849315068,8.424396404073528e-07,-0.0330136986301369,2.954009128701107e-07,-0.0328767123287672,5.087460166096352e-07,-0.0327397260273972,5.251571784357523e-07,1,1,2,2,2
1141,34,14:07:06,9,-0.0335616438356164,204591.0,-0.0334931506849314,-0.0335616438356164,1.0940774550744842e-08,-0.0336986301369862,1.2445131051472257e-07,-0.0338356164383562,6.017426002909662e-08,-0.0339726027397261,2.5163781466713136e-07,-0.0341095890410958,6.290945366678284e-07,-0.0334246575342465,1.03937358232076e-07,-0.0331506849315068,8.424396404073528e-07,-0.0330136986301369,9.299658368133117e-08,-0.0328767123287672,5.087460166096352e-07,-0.0327397260273972,5.251571784357523e-07,1,2,2,2,2
1142,34,14:07:09,9,-0.0331506849315068,606862.0,-0.0333561643835617,-0.0335616438356164,5.470387275372421e-07,-0.0336986301369862,1.353920850654674e-07,-0.0338356164383562,7.65854218552139e-08,-0.0339726027397261,2.899305255947383e-07,-0.0341095890410958,6.290945366678284e-07,-0.0331506849315068,6.837984094215526e-07,-0.0330136986301369,9.299658368133117e-08,-0.0328767123287672,5.142164038850075e-07,-0.0327397260273972,5.251571784357523e-07,-0.0324657534246576,2.1881549101489683e-08,1,2,2,2,2
1143,34,14:07:12,9,-0.0335616438356164,1531578.0,-0.0330821917808218,-0.0331506849315068,5.470387275372421e-09,-0.0334246575342465,1.641116182611726e-08,-0.0335616438356164,6.400353112185732e-07,-0.0336986301369862,1.353920850654674e-07,-0.0338356164383562,7.111503457984149e-08,-0.0330136986301369,9.299658368133117e-08,-0.0328767123287672,5.032756293342627e-07,-0.0327397260273972,5.251571784357523e-07,-0.0324657534246576,2.1881549101489683e-08,-0.0321917808219177,5.470387275372421e-09,1,1,2,2,2
1144,34,14:07:15,9,-0.0328767123287672,1051737.0,-0.0331506849315068,-0.0334246575342465,2.1881549101489683e-08,-0.0335616438356164,4.704533056820282e-07,-0.0336986301369862,1.353920850654674e-07,-0.0338356164383562,1.2581890733356568e-07,-0.0339726027397261,4.212198202036764e-07,-0.0328767123287672,3.8292710927606954e-08,-0.0327397260273972,5.251571784357523e-07,-0.0324657534246576,2.1881549101489683e-08,-0.0321917808219177,5.470387275372421e-09,-0.032054794520548,2.7351936376862106e-08,1,1,2,2,2
1145,34,14:07:18,9,-0.0335616438356164,148165.0,-0.0334931506849314,-0.0335616438356164,4.923348547835179e-07,-0.0336986301369862,1.353920850654674e-07,-0.0338356164383562,1.2581890733356568e-07,-0.0339726027397261,4.212198202036764e-07,-0.0341095890410958,7.111503457984147e-07,-0.0334246575342465,7.65854218552139e-08,-0.0328767123287672,7.65854218552139e-08,-0.0327397260273972,7.166207330737871e-07,-0.0324657534246576,2.1881549101489683e-08,-0.0321917808219177,5.470387275372421e-09,1,1,2,2,2
1146,34,14:07:21,9,-0.0335616438356164,282240.0,-0.0333561643835617,-0.0334246575342465,2.1881549101489683e-08,-0.0335616438356164,4.595125311312834e-07,-0.0336986301369862,1.4086247234083986e-07,-0.0338356164383562,1.805227800872899e-07,-0.0339726027397261,9.244954495379392e-07,-0.0332876712328767,2.1881549101489682e-07,-0.0328767123287672,4.9233485478351786e-08,-0.0327397260273972,5.251571784357523e-07,-0.0324657534246576,2.1881549101489683e-08,-0.0321917808219177,5.470387275372421e-09,2,1,2,2,2
1147,34,14:07:24,9,-0.0328767123287672,733994.0,-0.0329452054794521,-0.0330136986301369,1.0940774550744841e-07,-0.0331506849315068,9.846697095670357e-08,-0.0334246575342465,4.9233485478351786e-08,-0.0335616438356164,5.087460166096352e-07,-0.0336986301369862,3.7608912518185393e-07,-0.0328767123287672,4.3763098202979367e-08,-0.0327397260273972,5.251571784357523e-07,-0.0324657534246576,2.1881549101489683e-08,-0.0321917808219177,5.470387275372421e-09,-0.032054794520548,2.7351936376862106e-08,1,1,2,2,2
1148,34,14:07:27,9,-0.0334246575342465,493997.0,-0.0334931506849314,-0.0335616438356164,5.032756293342627e-07,-0.0336986301369862,3.7608912518185393e-07,-0.0338356164383562,1.750523928119175e-07,-0.0339726027397261,9.244954495379392e-07,-0.0341095890410958,7.27561507624532e-07,-0.0334246575342465,1.4223006915968298e-07,-0.0331506849315068,1.0940774550744842e-08,-0.0328767123287672,8.752619640595873e-08,-0.0327397260273972,5.251571784357523e-07,-0.0324657534246576,2.1881549101489683e-08,2,2,2,2,2
1149,34,14:07:30,9,-0.0334246575342465,585677.0,-0.0331506849315068,-0.0334246575342465,3.282232365223452e-08,-0.0335616438356164,5.087460166096352e-07,-0.0336986301369862,4.03441061558716e-07,-0.0338356164383562,1.750523928119175e-07,-0.0339726027397261,9.244954495379392e-07,-0.0328767123287672,5.470387275372421e-08,-0.0327397260273972,5.251571784357523e-07,-0.0324657534246576,1.03937358232076e-07,-0.0321917808219177,5.470387275372421e-09,-0.032054794520548,2.7351936376862106e-08,1,2,2,2,2
1150,34,14:07:33,9,-0.0335616438356164,1389996.0,-0.0332191780821917,-0.0334246575342465,5.470387275372421e-09,-0.0335616438356164,7.111503457984149e-08,-0.0336986301369862,4.03441061558716e-07,-0.0338356164383562,1.6958200553654506e-07,-0.0339726027397261,9.244954495379392e-07,-0.0330136986301369,1.0940774550744842e-08,-0.0327397260273972,5.798610511894766e-07,-0.0324657534246576,1.03937358232076e-07,-0.0321917808219177,5.470387275372421e-09,-0.032054794520548,4.3763098202979367e-08,1,2,2,2,2
1151,34,14:07:36,9,-0.0328767123287672,578502.0,-0.0328082191780823,-0.0328767123287672,1.0940774550744842e-08,-0.0330136986301369,1.3675968188431052e-07,-0.0331506849315068,3.8292710927606954e-08,-0.0332876712328767,2.7351936376862106e-08,-0.0334246575342465,2.7351936376862106e-08,-0.0327397260273972,5.798610511894766e-07,-0.0324657534246576,1.03937358232076e-07,-0.0321917808219177,5.470387275372421e-09,-0.032054794520548,4.3763098202979367e-08,-0.0317808219178081,1.03937358232076e-07,1,2,2,2,2
1152,34,14:07:39,9,-0.0327397260273972,232982.0,-0.0328082191780823,-0.0328767123287672,1.1487813278282086e-07,-0.0331506849315068,3.77456722000697e-07,-0.0332876712328767,2.7351936376862106e-08,-0.0334246575342465,3.5557517289920734e-07,-0.0335616438356164,1.3675968188431052e-07,-0.0327397260273972,5.1968679116038e-07,-0.0326027397260273,3.282232365223452e-08,-0.0324657534246576,1.03937358232076e-07,-0.0321917808219177,5.470387275372421e-09,-0.032054794520548,4.9233485478351786e-08,1,2,2,2,2
1153,34,14:07:42,9,-0.0327397260273972,409534.0,-0.0328082191780823,-0.0328767123287672,9.299658368133117e-08,-0.0331506849315068,9.956104841177803e-07,-0.0332876712328767,2.7351936376862106e-08,-0.0334246575342465,4.212198202036764e-07,-0.0335616438356164,1.4223006915968298e-07,-0.0327397260273972,2.2428587829026925e-07,-0.0326027397260273,3.282232365223452e-08,-0.0324657534246576,1.03937358232076e-07,-0.0321917808219177,5.470387275372421e-09,-0.032054794520548,4.9233485478351786e-08,1,2,2,2,2
1154,34,14:07:45,9,-0.0328767123287672,70601.0,-0.0328082191780823,-0.0328767123287672,1.03937358232076e-07,-0.0330136986301369,2.406970401163865e-07,-0.0331506849315068,9.956104841177803e-07,-0.0332876712328767,2.7351936376862106e-08,-0.0334246575342465,4.868644675081455e-07,-0.0327397260273972,2.1881549101489682e-07,-0.0326027397260273,2.5163781466713136e-07,-0.0324657534246576,1.03937358232076e-07,-0.0321917808219177,5.470387275372421e-09,-0.032054794520548,4.9233485478351786e-08,2,2,2,2,2
1155,34,14:07:48,9,-0.0328767123287672,2110908.0,-0.0330136986301369,-0.0331506849315068,9.901400968424082e-07,-0.0332876712328767,2.7351936376862106e-08,-0.0334246575342465,6.783280221461801e-07,-0.0335616438356164,3.5557517289920734e-07,-0.0336986301369862,1.1898092323935017e-07,-0.0328767123287672,7.65854218552139e-08,-0.0327397260273972,1.531708437104278e-07,-0.0326027397260273,2.5163781466713136e-07,-0.0324657534246576,1.03937358232076e-07,-0.0321917808219177,5.470387275372421e-09,2,2,2,2,2
1156,34,14:07:51,9,-0.0327397260273972,656538.0,-0.0330136986301369,-0.0331506849315068,8.916731258857046e-07,-0.0332876712328767,2.7351936376862106e-08,-0.0334246575342465,6.783280221461801e-07,-0.0335616438356164,4.212198202036764e-07,-0.0336986301369862,1.463328596162123e-07,-0.0328767123287672,1.0940774550744842e-08,-0.0327397260273972,1.2581890733356568e-07,-0.0326027397260273,2.5163781466713136e-07,-0.0324657534246576,1.03937358232076e-07,-0.0321917808219177,5.470387275372421e-09,2,2,2,2,2
1157,34,14:07:54,9,-0.0327397260273972,734341.0,-0.0326712328767122,-0.0327397260273972,5.415683402618696e-07,-0.0328767123287672,5.470387275372421e-08,-0.0330136986301369,5.470387275372421e-09,-0.0331506849315068,8.916731258857046e-07,-0.0332876712328767,2.7351936376862106e-08,-0.0326027397260273,2.5163781466713136e-07,-0.0324657534246576,1.03937358232076e-07,-0.0321917808219177,5.470387275372421e-09,-0.032054794520548,1.3675968188431052e-07,-0.0317808219178081,9.846697095670357e-08,2,2,2,2,2
1158,34,14:07:57,9,-0.0326027397260273,1638136.0,-0.0325342465753424,-0.0326027397260273,1.4223006915968298e-07,-0.0327397260273972,4.3763098202979367e-08,-0.0328767123287672,2.7625455740630724e-06,-0.0330136986301369,1.1487813278282086e-07,-0.0331506849315068,8.752619640595873e-07,-0.0324657534246576,1.03937358232076e-07,-0.0321917808219177,5.470387275372421e-09,-0.032054794520548,1.4223006915968298e-07,-0.0317808219178081,9.846697095670357e-08,-0.0315068493150684,3.4463439834846253e-07,2,2,2,2,2
1159,34,14:08:00,9,-0.0315068493150684,607624.0,-0.0318493150684929,-0.0321917808219177,1.03937358232076e-07,-0.0324657534246576,1.0940774550744842e-08,-0.0326027397260273,1.0940774550744841e-07,-0.0327397260273972,1.4223006915968298e-07,-0.0328767123287672,2.768015961338445e-06,-0.0315068493150684,3.063416874208556e-07,-0.0313698630136987,5.962722130155939e-07,-0.0312328767123287,2.7351936376862106e-08,-0.0310958904109588,3.8292710927606954e-08,-0.0309589041095891,1.0940774550744841e-07,2,2,2,2,2
1160,34,14:08:03,9,-0.0321917808219177,487460.0,-0.0318493150684929,-0.0321917808219177,5.470387275372421e-09,-0.0326027397260273,1.3675968188431052e-07,-0.0327397260273972,1.9693394191340717e-07,-0.0328767123287672,2.795367897715307e-06,-0.0330136986301369,1.0940774550744841e-07,-0.0315068493150684,3.172824619716004e-07,-0.0313698630136987,6.509760857693181e-07,-0.0312328767123287,2.7351936376862106e-08,-0.0310958904109588,3.8292710927606954e-08,-0.0309589041095891,1.0940774550744841e-07,2,2,2,2,2
1161,34,14:08:06,9,-0.0324657534246576,282767.0,-0.0319863013698631,-0.0324657534246576,6.564464730446904e-08,-0.0326027397260273,1.6958200553654506e-07,-0.0327397260273972,2.0240432918877963e-07,-0.0328767123287672,2.795367897715307e-06,-0.0330136986301369,1.0940774550744841e-07,-0.0315068493150684,1.2581890733356568e-07,-0.0313698630136987,6.509760857693181e-07,-0.0312328767123287,2.7351936376862106e-08,-0.0310958904109588,3.8292710927606954e-08,-0.0309589041095891,1.0940774550744841e-07,2,2,2,2,2
1162,34,14:08:09,9,-0.0315068493150684,466386.0,-0.0319863013698631,-0.0324657534246576,1.0940774550744842e-08,-0.0326027397260273,1.0940774550744841e-07,-0.0327397260273972,1.3183633333647534e-06,-0.0328767123287672,2.833660608642914e-06,-0.0330136986301369,1.0940774550744841e-07,-0.0315068493150684,3.282232365223452e-08,-0.0313698630136987,6.509760857693181e-07,-0.0312328767123287,2.7351936376862106e-08,-0.0310958904109588,3.8292710927606954e-08,-0.0309589041095891,1.0940774550744841e-07,2,2,2,2,2
1163,34,14:08:12,9,-0.032054794520548,671647.0,-0.0317123287671232,-0.032054794520548,2.406970401163865e-07,-0.0321917808219177,4.9233485478351786e-08,-0.0324657534246576,6.564464730446904e-08,-0.0326027397260273,1.1487813278282086e-07,-0.0327397260273972,1.3347744951908706e-06,-0.0313698630136987,2.7898975104399344e-07,-0.0312328767123287,2.7351936376862106e-08,-0.0310958904109588,3.8292710927606954e-08,-0.0309589041095891,1.0940774550744841e-07,-0.0308219178082191,7.494430567260217e-07,2,2,2,2,2
1164,34,14:08:15,9,-0.0313698630136987,367690.0,-0.0313013698630136,-0.0313698630136987,1.6848792808147057e-06,-0.0315068493150684,1.3675968188431052e-07,-0.0319178082191781,1.0940774550744842e-08,-0.032054794520548,3.11812074696228e-07,-0.0321917808219177,4.9233485478351786e-08,-0.0312328767123287,2.7351936376862106e-08,-0.0310958904109588,3.8292710927606954e-08,-0.0309589041095891,1.0940774550744841e-07,-0.0308219178082191,7.494430567260217e-07,-0.0306849315068492,1.1542517151035809e-06,1,2,2,2,2
1165,34,14:08:18,9,-0.0313698630136987,289939.0,-0.0313013698630136,-0.0313698630136987,2.483555823019079e-06,-0.0315068493150684,1.9693394191340717e-07,-0.0316438356164383,3.8292710927606954e-08,-0.0319178082191781,1.0940774550744842e-08,-0.032054794520548,3.063416874208556e-07,-0.0312328767123287,2.7351936376862106e-08,-0.0309589041095891,9.846697095670357e-08,-0.0308219178082191,7.494430567260217e-07,-0.0306849315068492,1.1542517151035809e-06,-0.0305479452054795,1.6411161826117265e-07,1,2,2,2,2
1166,34,14:08:21,9,-0.0313698630136987,1760682.0,-0.0313013698630136,-0.0313698630136987,1.143310940552836e-06,-0.0315068493150684,2.4616742739175896e-07,-0.0316438356164383,3.8292710927606954e-08,-0.0319178082191781,1.0940774550744842e-08,-0.032054794520548,3.063416874208556e-07,-0.0312328767123287,1.0940774550744842e-08,-0.0310958904109588,4.81394080232773e-07,-0.0309589041095891,9.846697095670357e-08,-0.0308219178082191,7.494430567260217e-07,-0.0306849315068492,1.1542517151035809e-06,1,2,2,2,2
1167,34,14:08:24,9,-0.0312328767123287,84871.0,-0.0311643835616438,-0.0312328767123287,2.352266528410141e-07,-0.0313698630136987,1.1268997787267187e-06,-0.0315068493150684,2.680489764932487e-07,-0.0316438356164383,3.8292710927606954e-08,-0.0317808219178081,5.470387275372421e-09,-0.0310958904109588,4.431013693051661e-07,-0.0309589041095891,9.846697095670357e-08,-0.0308219178082191,7.494430567260217e-07,-0.0306849315068492,1.1542517151035809e-06,-0.0305479452054795,1.6411161826117265e-07,1,2,2,2,2
1168,34,14:08:27,9,-0.0310958904109588,396070.0,-0.0311643835616438,-0.0312328767123287,1.4332414661475745e-06,-0.0313698630136987,1.1651924896543256e-06,-0.0315068493150684,2.680489764932487e-07,-0.0316438356164383,3.8292710927606954e-08,-0.0317808219178081,5.470387275372421e-09,-0.0310958904109588,3.391640110730901e-07,-0.0309589041095891,1.9693394191340717e-07,-0.0308219178082191,7.767949931028838e-07,-0.0306849315068492,1.1542517151035809e-06,-0.0305479452054795,1.6411161826117265e-07,1,2,2,2,2
1169,34,14:08:30,9,-0.0309589041095891,799289.0,-0.031095890410959,-0.0312328767123287,1.4879453389012984e-06,-0.0313698630136987,1.1706628769296982e-06,-0.0315068493150684,2.680489764932487e-07,-0.0316438356164383,3.8292710927606954e-08,-0.0317808219178081,5.470387275372421e-09,-0.0309589041095891,8.752619640595873e-08,-0.0308219178082191,7.767949931028838e-07,-0.0306849315068492,1.1542517151035809e-06,-0.0305479452054795,1.6411161826117265e-07,-0.0304109589041096,1.6460395311595613e-07,1,2,2,2,2
1170,34,14:08:33,9,-0.0309589041095891,650648.0,-0.0310273972602739,-0.0310958904109588,5.525091148126145e-07,-0.0312328767123287,1.3675968188431052e-06,-0.0313698630136987,1.2034852005819325e-06,-0.0315068493150684,4.0480865837755926e-07,-0.0316438356164383,3.8292710927606954e-08,-0.0309589041095891,5.470387275372421e-08,-0.0308219178082191,8.643211895088425e-07,-0.0306849315068492,1.1542517151035809e-06,-0.0305479452054795,1.6411161826117265e-07,-0.0304109589041096,1.6460395311595613e-07,1,2,2,2,2
1171,34,14:08:36,9,-0.0309589041095891,509342.0,-0.0310273972602739,-0.0310958904109588,7.220911203491596e-07,-0.0312328767123287,1.2198963624080498e-06,-0.0313698630136987,1.236307524234167e-06,-0.0315068493150684,4.15749432928304e-07,-0.0316438356164383,3.8292710927606954e-08,-0.0309589041095891,1.4223006915968298e-07,-0.0308219178082191,6.837984094215526e-07,-0.0306849315068492,1.1542517151035809e-06,-0.0305479452054795,1.6411161826117265e-07,-0.0304109589041096,1.6460395311595613e-07,1,2,2,2,2
1172,34,14:08:39,9,-0.0309589041095891,905402.0,-0.0310273972602739,-0.0310958904109588,5.087460166096352e-07,-0.0312328767123287,1.2855410097125188e-06,-0.0313698630136987,1.236307524234167e-06,-0.0315068493150684,4.2669020747904883e-07,-0.0317808219178081,5.470387275372421e-09,-0.0309589041095891,1.0940774550744841e-07,-0.0308219178082191,6.837984094215526e-07,-0.0306849315068492,1.1542517151035809e-06,-0.0305479452054795,1.6411161826117265e-07,-0.0304109589041096,1.6460395311595613e-07,2,2,2,2,2
1173,34,14:08:42,9,-0.0309589041095891,763909.0,-0.0308904109589041,-0.0309589041095891,1.03937358232076e-07,-0.0310958904109588,2.2975626556564166e-06,-0.0312328767123287,1.2910113969878914e-06,-0.0313698630136987,1.236307524234167e-06,-0.0315068493150684,9.791993222916633e-07,-0.0308219178082191,6.837984094215526e-07,-0.0306849315068492,1.1542517151035809e-06,-0.0305479452054795,1.6411161826117265e-07,-0.0304109589041096,1.6460395311595613e-07,-0.0302739726027396,3.8292710927606954e-08,2,2,2,2,2
1174,34,14:08:45,9,-0.0308219178082191,1238144.0,-0.0307534246575342,-0.0308219178082191,3.1400022960637696e-06,-0.0309589041095891,1.6411161826117265e-07,-0.0310958904109588,2.2920922683810445e-06,-0.0312328767123287,1.2910113969878914e-06,-0.0313698630136987,1.247248298784912e-06,-0.0306849315068492,1.028432807770015e-06,-0.0305479452054795,1.6411161826117265e-07,-0.0304109589041096,1.6460395311595613e-07,-0.0302739726027396,3.8292710927606954e-08,-0.0301369863013698,4.9938618398147296e-06,1,2,2,2,2
1175,34,14:08:48,9,-0.0306849315068492,3537053.0,-0.0306164383561643,-0.0306849315068492,1.37853759339385e-06,-0.0308219178082191,1.46108573737922e-06,-0.0309589041095891,9.244954495379392e-07,-0.0310958904109588,2.4562038866422168e-06,-0.0312328767123287,1.236307524234167e-06,-0.0305479452054795,1.6411161826117265e-07,-0.0304109589041096,1.6460395311595613e-07,-0.0302739726027396,4.9233485478351786e-08,-0.0301369863013698,4.9938618398147296e-06,-0.0299999999999999,9.35436224088684e-07,1,2,2,2,2
1176,34,14:08:51,9,-0.0305479452054795,332579.0,-0.0306164383561643,-0.0306849315068492,3.0470057123824385e-06,-0.0308219178082191,1.5869046447127855e-06,-0.0309589041095891,1.274600235161774e-06,-0.0310958904109588,3.0087130014548314e-06,-0.0312328767123287,1.2308371369587949e-06,-0.0305479452054795,1.2581890733356568e-07,-0.0304109589041096,1.6460395311595613e-07,-0.0302739726027396,1.3128929460893809e-07,-0.0301369863013698,4.9938618398147296e-06,-0.0299999999999999,9.35436224088684e-07,1,2,2,2,2
1177,34,14:08:54,9,-0.0305479452054795,934060.0,-0.0304794520547944,-0.0305479452054795,3.282232365223453e-07,-0.0306849315068492,2.587493181251155e-06,-0.0308219178082191,1.6525492920172546e-06,-0.0309589041095891,1.4387118534229466e-06,-0.0310958904109588,3.0087130014548314e-06,-0.0304109589041096,1.6460395311595613e-07,-0.0302739726027396,1.3128929460893809e-07,-0.0301369863013698,4.9938618398147296e-06,-0.0299999999999999,9.35436224088684e-07,-0.0294520547945206,4.3763098202979367e-08,1,2,2,2,2
1178,34,14:08:57,9,-0.0304109589041096,609345.0,-0.0303424657534246,-0.0304109589041096,1.4173773430489945e-07,-0.0305479452054795,5.743906639141042e-07,-0.0306849315068492,2.6093747303526448e-06,-0.0308219178082191,1.9205982685105037e-06,-0.0309589041095891,1.3621264315677328e-06,-0.0302739726027396,2.7898975104399344e-07,-0.0301369863013698,4.961039516162495e-06,-0.0299999999999999,9.35436224088684e-07,-0.0294520547945206,4.3763098202979367e-08,-0.0293150684931506,8.752619640595873e-08,1,2,2,2,2
1179,34,14:09:00,9,-0.0304109589041096,324955.0,-0.0304794520547944,-0.0305479452054795,9.791993222916633e-07,-0.0306849315068492,2.625785892178762e-06,-0.0308219178082191,2.008124464916462e-06,-0.0309589041095891,1.3457152697416156e-06,-0.0310958904109588,8.314988658566079e-07,-0.0304109589041096,8.254814398536983e-08,-0.0302739726027396,7.220911203491596e-07,-0.0301369863013698,5.004802614365474e-06,-0.0299999999999999,9.35436224088684e-07,-0.0294520547945206,4.3763098202979367e-08,1,2,2,2,2
1180,34,14:09:03,9,-0.0304109589041096,608689.0,-0.0304794520547944,-0.0305479452054795,9.573177731901736e-07,-0.0306849315068492,2.7242528631354657e-06,-0.0308219178082191,2.051887563119441e-06,-0.0309589041095891,1.2527186860602843e-06,-0.0310958904109588,8.314988658566079e-07,-0.0304109589041096,3.331465850701804e-08,-0.0302739726027396,6.181537621170835e-07,-0.0301369863013698,5.004802614365474e-06,-0.0299999999999999,9.35436224088684e-07,-0.0294520547945206,4.3763098202979367e-08,1,2,2,2,2
1181,34,14:09:06,9,-0.0302739726027396,2258519.0,-0.0304109589041096,-0.0305479452054795,3.660236125951688e-07,-0.0306849315068492,2.6148451176280173e-06,-0.0308219178082191,2.062828337670186e-06,-0.0309589041095891,1.2034852005819325e-06,-0.0310958904109588,8.588508022334701e-07,-0.0302739726027396,1.0940774550744841e-07,-0.0301369863013698,5.004802614365474e-06,-0.0299999999999999,9.35436224088684e-07,-0.0298630136986302,3.282232365223452e-08,-0.0294520547945206,4.3763098202979367e-08,1,2,2,2,2
1182,34,14:09:09,9,-0.0302739726027396,587513.0,-0.0302054794520547,-0.0302739726027396,1.0940774550744842e-08,-0.0304109589041096,1.3675968188431052e-07,-0.0305479452054795,3.0584935256607205e-07,-0.0306849315068492,2.806308672266052e-06,-0.0308219178082191,2.1175322104239106e-06,-0.0301369863013698,4.999332227090101e-06,-0.0299999999999999,9.35436224088684e-07,-0.0298630136986302,3.282232365223452e-08,-0.0294520547945206,4.3763098202979367e-08,-0.0293150684931506,8.752619640595873e-08,2,2,2,2,2
1183,34,14:09:12,9,-0.0301369863013698,353995.0,-0.0302054794520547,-0.0302739726027396,6.619168603200629e-07,-0.0304109589041096,1.6411161826117265e-07,-0.0305479452054795,4.485717565805385e-07,-0.0306849315068492,2.833660608642914e-06,-0.0308219178082191,2.1175322104239106e-06,-0.0301369863013698,4.753164799698343e-06,-0.0299999999999999,9.35436224088684e-07,-0.0298630136986302,3.282232365223452e-08,-0.0294520547945206,4.3763098202979367e-08,-0.0293150684931506,8.752619640595873e-08,2,2,2,2,2
1184,34,14:09:15,9,-0.0302739726027396,5784287.0,-0.0302054794520547,-0.0302739726027396,7.603838312767665e-07,-0.0304109589041096,2.7898975104399344e-07,-0.0305479452054795,5.142164038850075e-07,-0.0306849315068492,2.855542157744404e-06,-0.0308219178082191,2.0682987249455587e-06,-0.0301369863013698,7.543117014011031e-07,-0.0299999999999999,9.35436224088684e-07,-0.0298630136986302,3.282232365223452e-08,-0.0294520547945206,4.3763098202979367e-08,-0.0293150684931506,8.752619640595873e-08,2,2,2,2,2
1185,34,14:09:18,9,-0.0301369863013698,1231107.0,-0.0300684931506848,-0.0301369863013698,1.882414965328404e-06,-0.0302739726027396,7.111503457984147e-07,-0.0304109589041096,4.431013693051661e-07,-0.0305479452054795,5.415683402618696e-07,-0.0306849315068492,2.855542157744404e-06,-0.0299999999999999,9.463769986394288e-07,-0.0298630136986302,3.8292710927606954e-08,-0.0294520547945206,4.3763098202979367e-08,-0.0293150684931506,8.752619640595873e-08,-0.0291780821917807,4.3763098202979367e-08,2,2,2,2,2
1186,34,14:09:21,9,-0.0298630136986302,2499605.0,-0.0299315068493151,-0.0299999999999999,3.5995148271950527e-06,-0.0301369863013698,2.4616742739175893e-06,-0.0302739726027396,7.220911203491596e-07,-0.0304109589041096,4.431013693051661e-07,-0.0305479452054795,5.142164038850075e-07,-0.0298630136986302,5.470387275372421e-09,-0.0294520547945206,4.3763098202979367e-08,-0.0293150684931506,8.752619640595873e-08,-0.0291780821917807,4.3763098202979367e-08,-0.029041095890411,3.8292710927606954e-08,2,2,2,2,1
1187,34,14:09:24,9,-0.0294520547945206,1890683.0,-0.0296575342465752,-0.0299999999999999,7.439726694506492e-07,-0.0301369863013698,3.845682254586812e-06,-0.0302739726027396,9.026139004364496e-07,-0.0304109589041096,4.431013693051661e-07,-0.0305479452054795,5.032756293342627e-07,-0.0293150684931506,8.752619640595873e-08,-0.0291780821917807,4.3763098202979367e-08,-0.029041095890411,3.8292710927606954e-08,-0.0289041095890411,4.075438520152453e-06,-0.0287671232876711,1.6411161826117262e-06,2,2,2,2,1
1188,34,14:09:27,9,-0.0293150684931506,92118.0,-0.0293835616438357,-0.0294520547945206,8.643211895088425e-07,-0.0295890410958903,8.205580913058631e-08,-0.0298630136986302,1.0940774550744841e-07,-0.0299999999999999,6.728576348708078e-07,-0.0301369863013698,4.130142392906178e-06,-0.0293150684931506,6.017426002909662e-08,-0.0291780821917807,1.4223006915968298e-07,-0.029041095890411,3.11812074696228e-07,-0.0289041095890411,4.075438520152453e-06,-0.0287671232876711,1.6411161826117262e-06,1,1,1,2,1
1189,34,14:09:30,9,-0.0298630136986302,4613678.0,-0.0292465753424657,-0.0294520547945206,7.65854218552139e-08,-0.0298630136986302,1.6411161826117265e-07,-0.0299999999999999,6.673872475954353e-07,-0.0301369863013698,4.15749432928304e-06,-0.0302739726027396,1.0339031950453876e-06,-0.029041095890411,5.470387275372421e-09,-0.0289041095890411,2.5984339558019e-06,-0.0287671232876711,1.6411161826117262e-06,-0.0284931506849315,5.470387275372421e-08,-0.0283561643835615,1.6411161826117265e-07,1,1,1,2,1
1190,34,14:09:33,9,-0.0289041095890411,616525.0,-0.0289726027397261,-0.029041095890411,5.470387275372421e-09,-0.0293150684931506,2.7351936376862106e-08,-0.0294520547945206,5.470387275372421e-08,-0.0295890410958903,1.0940774550744842e-08,-0.0297260273972602,2.1881549101489683e-08,-0.0289041095890411,2.428851950265355e-06,-0.0287671232876711,1.6192346335102366e-06,-0.0284931506849315,5.470387275372421e-08,-0.0283561643835615,1.6411161826117265e-07,-0.0280821917808218,2.1334510373952441e-07,1,1,1,2,1
1191,34,14:09:36,9,-0.0293150684931506,772368.0,-0.0292465753424656,-0.0293150684931506,1.3183633333647534e-06,-0.0294520547945206,1.641116182611726e-08,-0.0297260273972602,1.641116182611726e-08,-0.0298630136986302,1.586412309858002e-07,-0.0299999999999999,6.673872475954353e-07,-0.0291780821917807,9.846697095670357e-08,-0.029041095890411,4.485717565805385e-07,-0.0289041095890411,2.428851950265355e-06,-0.0287671232876711,1.7669350899452918e-06,-0.0284931506849315,5.470387275372421e-08,1,2,1,2,1
1192,34,14:09:39,9,-0.029041095890411,1126955.0,-0.0289726027397261,-0.029041095890411,8.205580913058631e-08,-0.0293150684931506,1.274600235161774e-06,-0.0294520547945206,8.752619640595873e-08,-0.0297260273972602,1.641116182611726e-08,-0.0298630136986302,1.586412309858002e-07,-0.0289041095890411,2.428851950265355e-06,-0.0287671232876711,1.7669350899452918e-06,-0.0284931506849315,5.470387275372421e-08,-0.0283561643835615,1.6411161826117265e-07,-0.0280821917808218,2.1334510373952441e-07,1,1,1,1,1
1193,34,14:09:42,9,-0.029041095890411,1573252.0,-0.0291095890410958,-0.0291780821917807,3.282232365223452e-08,-0.0293150684931506,5.1968679116038e-07,-0.0294520547945206,1.03937358232076e-07,-0.0295890410958903,7.65854218552139e-08,-0.0297260273972602,2.1881549101489683e-08,-0.029041095890411,6.509760857693181e-07,-0.0289041095890411,2.472615048468334e-06,-0.0287671232876711,1.7669350899452918e-06,-0.0284931506849315,5.470387275372421e-08,-0.0283561643835615,1.6411161826117265e-07,1,1,1,1,1
1194,34,14:09:45,9,-0.029041095890411,588226.0,-0.0292465753424656,-0.0293150684931506,1.3949487552199674e-06,-0.0294520547945206,3.829271092760695e-07,-0.0295890410958903,7.65854218552139e-08,-0.0297260273972602,9.299658368133117e-08,-0.0298630136986302,1.03937358232076e-07,-0.0291780821917807,2.7351936376862106e-08,-0.029041095890411,5.962722130155939e-07,-0.0289041095890411,2.4562038866422168e-06,-0.0287671232876711,1.7669350899452918e-06,-0.0284931506849315,5.470387275372421e-08,1,2,2,2,1
1195,34,14:09:48,9,-0.029041095890411,439427.0,-0.0291780821917807,-0.0293150684931506,1.4770045643505535e-06,-0.0294520547945206,4.485717565805385e-07,-0.0295890410958903,7.65854218552139e-08,-0.0297260273972602,1.0940774550744841e-07,-0.0298630136986302,1.1487813278282086e-07,-0.029041095890411,1.0995478423498563e-06,-0.0289041095890411,2.4562038866422168e-06,-0.0287671232876711,1.7669350899452918e-06,-0.0284931506849315,6.564464730446904e-08,-0.0283561643835615,1.6411161826117265e-07,1,1,2,2,1
1196,34,14:09:51,9,-0.0289041095890411,1715321.0,-0.0289726027397261,-0.029041095890411,1.641116182611726e-08,-0.0291780821917807,7.65854218552139e-08,-0.0293150684931506,1.5043565007274155e-06,-0.0294520547945206,4.759236929574006e-07,-0.0295890410958903,7.65854218552139e-08,-0.0289041095890411,2.2756811065549272e-06,-0.0287671232876711,1.783346251771409e-06,-0.0284931506849315,6.564464730446904e-08,-0.0283561643835615,1.6411161826117265e-07,-0.0280821917808218,2.1881549101489682e-07,1,1,1,1,1
1197,34,14:09:54,9,-0.029041095890411,2806578.0,-0.0289726027397261,-0.029041095890411,1.9693394191340717e-07,-0.0291780821917807,4.3763098202979367e-08,-0.0293150684931506,4.759236929574006e-07,-0.0294520547945206,4.868644675081455e-07,-0.0295890410958903,7.65854218552139e-08,-0.0289041095890411,1.5918826971333744e-06,-0.0287671232876711,1.7888166390467817e-06,-0.0284931506849315,6.564464730446904e-08,-0.0283561643835615,1.6411161826117265e-07,-0.0280821917808218,2.1881549101489682e-07,1,1,1,1,0
1198,34,14:09:57,9,-0.029041095890411,212640.0,-0.0289726027397261,-0.029041095890411,5.142164038850075e-07,-0.0291780821917807,2.352266528410141e-07,-0.0293150684931506,4.759236929574006e-07,-0.0294520547945206,5.032756293342627e-07,-0.0295890410958903,7.65854218552139e-08,-0.0289041095890411,1.5973530844087468e-06,-0.0287671232876711,1.7888166390467817e-06,-0.0284931506849315,6.564464730446904e-08,-0.0283561643835615,1.6411161826117265e-07,-0.0280821917808218,2.1881549101489682e-07,1,2,1,1,0
1199,34,14:10:00,9,-0.029041095890411,801023.0,-0.0289726027397261,-0.029041095890411,5.853314384648491e-07,-0.0291780821917807,3.665159474499522e-07,-0.0293150684931506,5.1968679116038e-07,-0.0294520547945206,4.540421438559109e-07,-0.0295890410958903,7.65854218552139e-08,-0.0289041095890411,1.2855410097125188e-06,-0.0287671232876711,1.887283610003485e-06,-0.0284931506849315,6.564464730446904e-08,-0.0280821917808218,2.1881549101489682e-07,-0.0279452054794521,8.424396404073528e-07,1,2,2,1,0
1200,34,14:10:03,9,-0.0289041095890411,269363.0,-0.0289726027397261,-0.029041095890411,1.531708437104278e-06,-0.0291780821917807,4.15749432928304e-07,-0.0293150684931506,5.1968679116038e-07,-0.0294520547945206,4.540421438559109e-07,-0.0295890410958903,7.65854218552139e-08,-0.0289041095890411,1.1870740387558152e-06,-0.0287671232876711,1.887283610003485e-06,-0.0284931506849315,6.564464730446904e-08,-0.0280821917808218,2.5163781466713136e-07,-0.0279452054794521,8.424396404073528e-07,1,2,2,1,0
1201,34,14:10:06,9,-0.0287671232876711,4289232.0,-0.0286301369863014,-0.0287671232876711,1.5371788243796505e-06,-0.0289041095890411,3.11812074696228e-07,-0.029041095890411,1.8654020609019957e-06,-0.0291780821917807,4.923348547835179e-07,-0.0293150684931506,5.1968679116038e-07,-0.0284931506849315,6.564464730446904e-08,-0.0280821917808218,2.5163781466713136e-07,-0.0279452054794521,9.518473859148012e-07,-0.0278082191780821,2.4616742739175896e-07,-0.0276712328767122,4.020734647398729e-06,1,1,1,1,0
1202,34,14:10:09,9,-0.0286301369863014,155986.0,-0.0285616438356165,-0.0286301369863014,3.8292710927606954e-08,-0.0287671232876711,1.7888166390467817e-06,-0.0289041095890411,1.6684681189885884e-06,-0.029041095890411,1.969339419134072e-06,-0.0291780821917807,5.032756293342627e-07,-0.0284931506849315,6.564464730446904e-08,-0.0283561643835615,3.4463439834846253e-07,-0.0280821917808218,2.5163781466713136e-07,-0.0279452054794521,9.518473859148012e-07,-0.0278082191780821,2.4616742739175896e-07,1,1,1,1,0
1203,34,14:10:12,9,-0.0287671232876711,439589.0,-0.0286301369863014,-0.0287671232876711,1.4934157261766708e-06,-0.0289041095890411,2.3413257538593963e-06,-0.029041095890411,2.1225102628444992e-06,-0.0291780821917807,5.032756293342627e-07,-0.0293150684931506,5.1968679116038e-07,-0.0284931506849315,1.750523928119175e-07,-0.0283561643835615,3.4463439834846253e-07,-0.0280821917808218,2.5163781466713136e-07,-0.0279452054794521,9.518473859148012e-07,-0.0278082191780821,2.4616742739175896e-07,1,1,1,1,0
1204,34,14:10:15,9,-0.0287671232876711,7090.0,-0.0286986301369862,-0.0287671232876711,1.6575273444378435e-06,-0.0289041095890411,2.4890262102944517e-06,-0.029041095890411,2.428851950265355e-06,-0.0291780821917807,5.032756293342627e-07,-0.0293150684931506,5.1968679116038e-07,-0.0286301369863014,6.564464730446904e-08,-0.0284931506849315,1.4223006915968298e-07,-0.0283561643835615,3.4463439834846253e-07,-0.0280821917808218,2.844601383193659e-07,-0.0279452054794521,9.518473859148012e-07,1,2,1,1,0
1205,34,14:10:18,9,-0.0287671232876711,163083.0,-0.0286986301369862,-0.0287671232876711,1.662997731713216e-06,-0.0289041095890411,2.5163781466713137e-06,-0.029041095890411,2.483555823019079e-06,-0.0291780821917807,4.923348547835179e-07,-0.0293150684931506,4.649829184066558e-07,-0.0286301369863014,1.0940774550744842e-08,-0.0284931506849315,9.846697095670357e-08,-0.0283561643835615,3.4463439834846253e-07,-0.0280821917808218,2.844601383193659e-07,-0.0279452054794521,9.518473859148012e-07,1,2,2,1,0
1206,34,14:10:21,9,-0.0284931506849315,163104.0,-0.0285616438356165,-0.0286301369863014,2.406970401163865e-07,-0.0287671232876711,1.974809806409444e-06,-0.0289041095890411,2.5163781466713137e-06,-0.029041095890411,2.6093747303526448e-06,-0.0291780821917807,4.704533056820282e-07,-0.0284931506849315,6.564464730446904e-08,-0.0283561643835615,3.4463439834846253e-07,-0.0280821917808218,2.844601383193659e-07,-0.0279452054794521,9.518473859148012e-07,-0.0278082191780821,2.4616742739175896e-07,1,2,1,1,0
1207,34,14:10:24,9,-0.0284931506849315,134746.0,-0.0285616438356165,-0.0286301369863014,9.573177731901736e-07,-0.0287671232876711,2.0076321300616783e-06,-0.0289041095890411,2.5054373721205686e-06,-0.029041095890411,2.538259695772803e-06,-0.0291780821917807,4.704533056820282e-07,-0.0284931506849315,1.641116182611726e-08,-0.0283561643835615,3.4463439834846253e-07,-0.0280821917808218,2.844601383193659e-07,-0.0279452054794521,9.518473859148012e-07,-0.0278082191780821,2.4616742739175896e-07,1,2,1,1,0
1208,34,14:10:27,9,-0.0284931506849315,432630.0,-0.0284246575342463,-0.0284931506849315,7.385022821752768e-07,-0.0286301369863014,1.066725518697622e-06,-0.0287671232876711,2.051395228264658e-06,-0.0289041095890411,1.974809806409444e-06,-0.029041095890411,2.521848533946686e-06,-0.0283561643835615,2.352266528410141e-07,-0.0280821917808218,2.844601383193659e-07,-0.0279452054794521,9.518473859148012e-07,-0.0278082191780821,2.4616742739175896e-07,-0.0276712328767122,4.015264260123357e-06,1,1,1,1,0
1209,34,14:10:30,9,-0.0284931506849315,3666362.0,-0.0284246575342463,-0.0284931506849315,1.9693394191340717e-07,-0.0287671232876711,1.7724054772206644e-06,-0.0289041095890411,1.974809806409444e-06,-0.029041095890411,2.510907759395941e-06,-0.0291780821917807,4.704533056820282e-07,-0.0283561643835615,1.0940774550744842e-08,-0.0280821917808218,2.352266528410141e-07,-0.0279452054794521,9.518473859148012e-07,-0.0278082191780821,2.4616742739175896e-07,-0.0276712328767122,4.015264260123357e-06,1,2,1,1,0
1210,34,14:10:33,9,-0.0283561643835615,170229.0,-0.0284246575342463,-0.0284931506849315,2.680489764932487e-07,-0.0286301369863014,5.470387275372421e-08,-0.0287671232876711,1.7614647026699197e-06,-0.0289041095890411,2.029513679163168e-06,-0.029041095890411,2.406970401163865e-06,-0.0283561643835615,7.111503457984149e-08,-0.0280821917808218,5.306275657111248e-07,-0.0279452054794521,9.518473859148012e-07,-0.0278082191780821,2.4616742739175896e-07,-0.0276712328767122,4.015264260123357e-06,1,2,1,1,0
1211,34,14:10:36,9,-0.0284931506849315,574434.0,-0.0284246575342463,-0.0284931506849315,5.470387275372421e-09,-0.0286301369863014,2.0240432918877963e-07,-0.0287671232876711,1.7614647026699197e-06,-0.0289041095890411,2.024043291887796e-06,-0.029041095890411,2.2428587829026927e-06,-0.0283561643835615,3.8292710927606954e-08,-0.0282191780821917,1.9693394191340717e-07,-0.0280821917808218,5.853314384648491e-07,-0.0279452054794521,9.518473859148012e-07,-0.0278082191780821,2.4616742739175896e-07,1,2,1,1,0
1212,34,14:10:39,9,-0.0284931506849315,1276499.0,-0.0284931506849315,-0.0286301369863014,2.7351936376862106e-08,-0.0287671232876711,1.4332414661475745e-06,-0.0289041095890411,2.002161742786306e-06,-0.029041095890411,2.2155068465258303e-06,-0.0291780821917807,4.431013693051661e-07,-0.0283561643835615,3.282232365223452e-08,-0.0282191780821917,2.1881549101489682e-07,-0.0280821917808218,5.853314384648491e-07,-0.0279452054794521,9.846697095670358e-07,-0.0278082191780821,3.11812074696228e-07,1,2,1,1,0
1213,34,14:10:42,9,-0.0282191780821917,340493.0,-0.0282876712328766,-0.0283561643835615,2.1881549101489683e-08,-0.0284931506849315,1.641116182611726e-08,-0.0286301369863014,6.072129875663387e-07,-0.0287671232876711,1.37853759339385e-06,-0.0289041095890411,2.002161742786306e-06,-0.0282191780821917,1.586412309858002e-07,-0.0280821917808218,6.509760857693181e-07,-0.0279452054794521,9.846697095670358e-07,-0.0278082191780821,3.11812074696228e-07,-0.0276712328767122,4.015264260123357e-06,1,2,1,0,0
1214,34,14:10:45,9,-0.0280821917808218,1227358.0,-0.028013698630137,-0.0280821917808218,1.2253667496834223e-06,-0.0282191780821917,1.641116182611726e-08,-0.0283561643835615,9.846697095670357e-08,-0.0284931506849315,5.087460166096352e-07,-0.0286301369863014,6.619168603200629e-07,-0.0279452054794521,9.901400968424082e-07,-0.0278082191780821,3.11812074696228e-07,-0.0276712328767122,4.015264260123357e-06,-0.0275342465753425,3.7855079945577153e-06,-0.0273972602739726,1.4438704286236228e-05,1,1,1,0,0
1215,34,14:10:48,9,-0.0280821917808218,872685.0,-0.028013698630137,-0.0280821917808218,6.783280221461801e-07,-0.0282191780821917,7.93206154929001e-07,-0.0283561643835615,1.4223006915968298e-07,-0.0284931506849315,5.853314384648491e-07,-0.0286301369863014,6.619168603200629e-07,-0.0279452054794521,1.5426492116550226e-06,-0.0278082191780821,3.11812074696228e-07,-0.0276712328767122,4.048086583775591e-06,-0.0275342465753425,3.7855079945577153e-06,-0.0273972602739726,1.4405881962583994e-05,1,1,1,0,0
1216,34,14:10:51,9,-0.0280821917808218,546321.0,-0.028013698630137,-0.0280821917808218,5.142164038850075e-07,-0.0282191780821917,1.6794088935393331e-06,-0.0283561643835615,1.9693394191340717e-07,-0.0284931506849315,5.853314384648491e-07,-0.0286301369863014,7.822653803782562e-07,-0.0279452054794521,1.5152972752781606e-06,-0.0278082191780821,3.282232365223453e-07,-0.0276712328767122,4.048086583775591e-06,-0.0275342465753425,3.780037607282343e-06,-0.0273972602739726,1.42855334425258e-05,1,1,1,0,0
1217,34,14:10:54,9,-0.0280821917808218,368987.0,-0.028013698630137,-0.0280821917808218,4.978052420588903e-07,-0.0282191780821917,1.706760829916195e-06,-0.0283561643835615,1.9146355463803476e-07,-0.0284931506849315,5.853314384648491e-07,-0.0286301369863014,8.862027386103322e-07,-0.0279452054794521,1.2581890733356569e-06,-0.0278082191780821,3.282232365223453e-07,-0.0276712328767122,4.048086583775591e-06,-0.0275342465753425,4.009793872847984e-06,-0.0273972602739726,1.42855334425258e-05,1,1,1,0,0
1218,34,14:10:57,9,-0.0279452054794521,652829.0,-0.028013698630137,-0.0280821917808218,5.306275657111248e-07,-0.0282191780821917,1.7177016044669402e-06,-0.0283561643835615,1.6958200553654506e-07,-0.0284931506849315,5.853314384648491e-07,-0.0286301369863014,8.862027386103322e-07,-0.0279452054794521,7.713246058275113e-07,-0.0278082191780821,4.868644675081455e-07,-0.0276712328767122,4.048086583775591e-06,-0.0275342465753425,4.037145809224847e-06,-0.0273972602739726,1.4340237315279524e-05,1,1,1,0,0
1219,34,14:11:00,9,-0.0279452054794521,1355340.0,-0.027876712328767,-0.0279452054794521,3.32052507615106e-06,-0.0280821917808218,6.072129875663387e-07,-0.0282191780821917,1.7505239281191746e-06,-0.0283561643835615,1.4223006915968298e-07,-0.0284931506849315,5.853314384648491e-07,-0.0278082191780821,5.306275657111248e-07,-0.0276712328767122,4.048086583775591e-06,-0.0275342465753425,4.031675421949474e-06,-0.0273972602739726,1.4340237315279524e-05,-0.0272602739726026,1.1487813278282086e-07,1,1,1,0,0
1220,34,14:11:03,9,-0.0279452054794521,368992.0,-0.027876712328767,-0.0279452054794521,3.922267676442026e-06,-0.0280821917808218,6.673872475954353e-07,-0.0282191780821917,1.7341127662930575e-06,-0.0283561643835615,1.4223006915968298e-07,-0.0284931506849315,6.017426002909662e-07,-0.0278082191780821,5.743906639141042e-07,-0.0276712328767122,4.376309820297937e-06,-0.0275342465753425,4.031675421949474e-06,-0.0273972602739726,1.4340237315279524e-05,-0.0272602739726026,1.1487813278282086e-07,1,1,1,0,0
1221,34,14:11:06,9,-0.0278082191780821,9780307.0,-0.027876712328767,-0.0279452054794521,2.2702107192795547e-06,-0.0280821917808218,6.673872475954353e-07,-0.0282191780821917,1.821638962699016e-06,-0.0283561643835615,1.4223006915968298e-07,-0.0284931506849315,6.017426002909662e-07,-0.0278082191780821,1.0940774550744842e-08,-0.0275342465753425,3.47916630713686e-06,-0.0273972602739726,1.4340237315279524e-05,-0.0272602739726026,1.1487813278282086e-07,-0.0271232876712329,1.2581890733356568e-07,1,1,1,0,0
1222,34,14:11:09,9,-0.0275342465753425,1405443.0,-0.0277397260273973,-0.0279452054794521,2.303033042931789e-06,-0.0280821917808218,6.947391839722974e-07,-0.0282191780821917,1.8271093499743888e-06,-0.0283561643835615,1.4223006915968298e-07,-0.0284931506849315,6.017426002909662e-07,-0.0275342465753425,2.8446013831936587e-06,-0.0273972602739726,1.432929654072878e-05,-0.0272602739726026,1.1487813278282086e-07,-0.0271232876712329,1.2581890733356568e-07,-0.026986301369863,1.2855410097125188e-06,1,1,0,0,0
1223,34,14:11:12,9,-0.0276712328767122,2348825.0,-0.0277397260273973,-0.0278082191780821,1.586412309858002e-07,-0.0279452054794521,7.986765422043734e-07,-0.0280821917808218,6.892687966969251e-07,-0.0282191780821917,1.816168575423644e-06,-0.0283561643835615,1.1487813278282086e-07,-0.0276712328767122,7.111503457984149e-08,-0.0275342465753425,2.8227198340921693e-06,-0.0273972602739726,1.4427763511685485e-05,-0.0272602739726026,1.1487813278282086e-07,-0.0271232876712329,1.2581890733356568e-07,1,1,0,0,0
1224,34,14:11:15,9,-0.0276712328767122,262592.0,-0.0277397260273973,-0.0278082191780821,1.2581890733356568e-07,-0.0279452054794521,1.236307524234167e-06,-0.0280821917808218,6.892687966969251e-07,-0.0282191780821917,1.816168575423644e-06,-0.0283561643835615,1.1487813278282086e-07,-0.0276712328767122,2.4616742739175896e-07,-0.0275342465753425,2.7898975104399348e-06,-0.0273972602739726,1.4427763511685485e-05,-0.0272602739726026,1.1487813278282086e-07,-0.0271232876712329,1.2581890733356568e-07,1,1,0,0,0
1225,34,14:11:18,9,-0.0275342465753425,1135696.0,-0.0276027397260274,-0.0276712328767122,1.641116182611726e-08,-0.0278082191780821,6.290945366678284e-07,-0.0279452054794521,1.2910113969878914e-06,-0.0280821917808218,7.385022821752768e-07,-0.0282191780821917,1.816168575423644e-06,-0.0275342465753425,2.746134412236955e-06,-0.0273972602739726,1.4356648477105645e-05,-0.0272602739726026,1.1487813278282086e-07,-0.0271232876712329,1.2581890733356568e-07,-0.026986301369863,1.2855410097125188e-06,1,0,0,0,0
1226,34,14:11:21,9,-0.0276712328767122,681337.0,-0.0276027397260274,-0.0276712328767122,1.0940774550744841e-07,-0.0278082191780821,3.172824619716004e-07,-0.0279452054794521,1.301952171538636e-06,-0.0280821917808218,7.330318948999044e-07,-0.0282191780821917,1.7122312171915677e-06,-0.0275342465753425,2.784427123164562e-06,-0.0273972602739726,1.4334766928004153e-05,-0.0272602739726026,1.1487813278282086e-07,-0.0271232876712329,1.2581890733356568e-07,-0.026986301369863,1.2855410097125188e-06,1,0,0,0,0
1227,34,14:11:24,9,-0.0278082191780821,1178203.0,-0.027876712328767,-0.0279452054794521,1.2910113969878914e-06,-0.0280821917808218,7.330318948999044e-07,-0.0282191780821917,1.7122312171915677e-06,-0.0283561643835615,1.1487813278282086e-07,-0.0284931506849315,5.908018257402214e-07,-0.0278082191780821,1.1706628769296982e-06,-0.0276712328767122,5.470387275372421e-08,-0.0275342465753425,2.7898975104399348e-06,-0.0273972602739726,1.4334766928004153e-05,-0.0272602739726026,1.1487813278282086e-07,1,0,0,0,0
1228,34,14:11:27,9,-0.0278082191780821,2043820.0,-0.027876712328767,-0.0279452054794521,7.877357676536286e-07,-0.0280821917808218,7.330318948999044e-07,-0.0282191780821917,1.1925444260311878e-06,-0.0283561643835615,1.1487813278282086e-07,-0.0284931506849315,5.360979529864973e-07,-0.0278082191780821,6.290945366678284e-07,-0.0276712328767122,1.0120216459438978e-06,-0.0275342465753425,2.8008382849906795e-06,-0.0273972602739726,1.430741499162729e-05,-0.0272602739726026,1.1487813278282086e-07,1,1,0,0,0
1229,34,14:11:30,9,-0.0278082191780821,1802701.0,-0.027876712328767,-0.0279452054794521,7.111503457984147e-07,-0.0280821917808218,7.330318948999044e-07,-0.0282191780821917,7.93206154929001e-07,-0.0283561643835615,1.1487813278282086e-07,-0.0284931506849315,5.360979529864973e-07,-0.0278082191780821,2.1881549101489683e-08,-0.0276712328767122,5.1968679116038e-07,-0.0275342465753425,2.806308672266052e-06,-0.0273972602739726,1.4301944604351916e-05,-0.0272602739726026,1.1487813278282086e-07,1,1,0,0,0
1230,34,14:11:33,9,-0.0276712328767122,1816683.0,-0.027876712328767,-0.0280821917808218,7.111503457984147e-07,-0.0282191780821917,7.93206154929001e-07,-0.0283561643835615,9.846697095670357e-08,-0.0284931506849315,5.360979529864973e-07,-0.0286301369863014,7.986765422043734e-07,-0.0276712328767122,5.251571784357523e-07,-0.0275342465753425,2.806308672266052e-06,-0.0273972602739726,1.4230829569772078e-05,-0.0272602739726026,1.1487813278282086e-07,-0.0271232876712329,1.1487813278282086e-07,1,1,0,0,0
1231,34,14:11:36,9,-0.0280821917808218,745031.0,-0.028013698630137,-0.0280821917808218,3.2275284924697285e-07,-0.0282191780821917,7.603838312767665e-07,-0.0283561643835615,9.846697095670357e-08,-0.0284931506849315,5.360979529864973e-07,-0.0286301369863014,7.986765422043734e-07,-0.0279452054794521,4.868644675081455e-07,-0.0276712328767122,1.2800706224371465e-06,-0.0275342465753425,2.948538741425735e-06,-0.0273972602739726,1.42855334425258e-05,-0.0272602739726026,1.1487813278282086e-07,1,0,1,0,0
1232,34,14:11:39,9,-0.0279452054794521,943713.0,-0.028013698630137,-0.0280821917808218,2.7351936376862106e-08,-0.0282191780821917,6.673872475954353e-07,-0.0283561643835615,9.846697095670357e-08,-0.0284931506849315,5.360979529864973e-07,-0.0286301369863014,7.986765422043734e-07,-0.0279452054794521,7.111503457984149e-08,-0.0278082191780821,1.4770045643505538e-07,-0.0276712328767122,1.2691298478864016e-06,-0.0275342465753425,2.95947951597648e-06,-0.0273972602739726,1.4203477633395216e-05,1,0,0,0,0
1233,34,14:11:42,9,-0.0278082191780821,432796.0,-0.0281506849315069,-0.0282191780821917,5.251571784357523e-07,-0.0283561643835615,1.0940774550744841e-07,-0.0284931506849315,5.360979529864973e-07,-0.0286301369863014,7.986765422043734e-07,-0.0287671232876711,6.017426002909662e-07,-0.0280821917808218,1.1487813278282086e-07,-0.0279452054794521,3.008713001454831e-07,-0.0278082191780821,2.5163781466713136e-07,-0.0276712328767122,1.2691298478864016e-06,-0.0275342465753425,3.003242614179459e-06,1,0,0,0,0
1234,34,14:11:45,9,-0.0280821917808218,326370.0,-0.0281506849315069,-0.0282191780821917,5.251571784357523e-07,-0.0283561643835615,1.0940774550744841e-07,-0.0284931506849315,5.306275657111248e-07,-0.0286301369863014,7.986765422043734e-07,-0.0287671232876711,6.017426002909662e-07,-0.0280821917808218,8.752619640595873e-08,-0.0279452054794521,6.345649239432008e-07,-0.0278082191780821,3.665159474499522e-07,-0.0276712328767122,1.3347744951908706e-06,-0.0275342465753425,2.9157164177735004e-06,1,0,0,0,0
1235,34,14:11:48,9,-0.0280821917808218,567576.0,-0.0281506849315069,-0.0282191780821917,2.07874716464152e-07,-0.0283561643835615,1.0940774550744841e-07,-0.0284931506849315,5.306275657111248e-07,-0.0286301369863014,7.986765422043734e-07,-0.0287671232876711,6.072129875663387e-07,-0.0280821917808218,7.603838312767665e-07,-0.0279452054794521,8.479100276827252e-07,-0.0278082191780821,3.77456722000697e-07,-0.0276712328767122,1.6082938589594917e-06,-0.0275342465753425,2.9319087641086026e-06,1,0,0,0,0
1236,34,14:11:51,9,-0.0283561643835615,2184880.0,-0.0284246575342463,-0.0284931506849315,5.306275657111248e-07,-0.0286301369863014,7.986765422043734e-07,-0.0287671232876711,6.072129875663387e-07,-0.0289041095890411,5.743906639141042e-07,-0.029041095890411,1.8763428354527404e-06,-0.0283561643835615,7.111503457984147e-07,-0.0282191780821917,6.017426002909662e-07,-0.0280821917808218,1.050314356871505e-06,-0.0279452054794521,9.080842877118218e-07,-0.0278082191780821,3.77456722000697e-07,1,0,0,0,0
1237,34,14:11:54,9,-0.0283561643835615,546159.0,-0.0284246575342463,-0.0284931506849315,5.1968679116038e-07,-0.0286301369863014,7.986765422043734e-07,-0.0287671232876711,6.345649239432008e-07,-0.0289041095890411,5.743906639141042e-07,-0.029041095890411,1.8763428354527404e-06,-0.0283561643835615,3.719863347253246e-07,-0.0282191780821917,1.1159590041759738e-06,-0.0280821917808218,1.03937358232076e-06,-0.0279452054794521,9.244954495379392e-07,-0.0278082191780821,2.1881549101489682e-07,1,0,0,0,0
1238,34,14:11:57,9,-0.0283561643835615,858201.0,-0.0282876712328766,-0.0283561643835615,1.066725518697622e-06,-0.0284931506849315,2.352266528410141e-07,-0.0286301369863014,7.986765422043734e-07,-0.0287671232876711,1.0940774550744842e-06,-0.0289041095890411,5.743906639141042e-07,-0.0282191780821917,1.3894783679445948e-06,-0.0280821917808218,1.03937358232076e-06,-0.0279452054794521,9.299658368133116e-07,-0.0278082191780821,2.297562655656417e-07,-0.0276712328767122,1.427771078872202e-06,0,0,0,0,0
1239,34,14:12:00,9,-0.0283561643835615,1390378.0,-0.0282876712328766,-0.0283561643835615,8.643211895088425e-07,-0.0284931506849315,1.8763428354527404e-06,-0.0286301369863014,7.986765422043734e-07,-0.0287671232876711,1.1104886169006014e-06,-0.0289041095890411,5.743906639141042e-07,-0.0282191780821917,6.400353112185732e-07,-0.0280821917808218,1.03937358232076e-06,-0.0279452054794521,9.299658368133116e-07,-0.0278082191780821,2.7898975104399344e-07,-0.0276712328767122,1.427771078872202e-06,0,0,0,0,0
1240,34,14:12:03,9,-0.0282191780821917,3595888.0,-0.0282876712328766,-0.0283561643835615,1.0940774550744842e-08,-0.0284931506849315,2.680489764932487e-07,-0.0286301369863014,7.986765422043734e-07,-0.0287671232876711,1.1104886169006014e-06,-0.0289041095890411,5.743906639141042e-07,-0.0282191780821917,4.759236929574006e-07,-0.0280821917808218,1.03937358232076e-06,-0.0279452054794521,9.244954495379392e-07,-0.0278082191780821,2.7351936376862104e-07,-0.0276712328767122,1.4605934025244365e-06,0,0,0,0,0
1241,34,14:12:06,9,-0.0287671232876711,3354087.0,-0.0288356164383559,-0.0289041095890411,5.743906639141042e-07,-0.029041095890411,1.9036947718296024e-06,-0.0291780821917807,9.299658368133117e-08,-0.0293150684931506,9.846697095670357e-08,-0.0294520547945206,4.595125311312834e-07,-0.0287671232876711,4.299724398442722e-06,-0.0284931506849315,5.470387275372421e-08,-0.0283561643835615,2.1881549101489682e-07,-0.0282191780821917,2.0240432918877963e-07,-0.0280821917808218,1.105018229625229e-06,1,1,0,0,0
1242,34,14:12:09,9,-0.0287671232876711,1120218.0,-0.0288356164383559,-0.0289041095890411,5.689202766387318e-07,-0.029041095890411,1.9036947718296024e-06,-0.0291780821917807,9.299658368133117e-08,-0.0293150684931506,9.846697095670357e-08,-0.0294520547945206,4.595125311312834e-07,-0.0287671232876711,4.5437036709243325e-06,-0.0286301369863014,5.415683402618696e-07,-0.0284931506849315,6.017426002909662e-08,-0.0283561643835615,3.2275284924697285e-07,-0.0282191780821917,1.750523928119175e-07,1,1,0,0,0
1243,34,14:12:12,9,-0.0287671232876711,496298.0,-0.0288356164383559,-0.0289041095890411,5.853314384648491e-07,-0.029041095890411,1.9036947718296024e-06,-0.0291780821917807,9.299658368133117e-08,-0.0293150684931506,9.846697095670357e-08,-0.0294520547945206,4.595125311312834e-07,-0.0287671232876711,4.177187723474381e-06,-0.0286301369863014,6.947391839722974e-07,-0.0284931506849315,1.0448439695961323e-06,-0.0283561643835615,3.5557517289920734e-07,-0.0282191780821917,1.750523928119175e-07,1,0,0,0,1
1244,34,14:12:15,9,-0.0287671232876711,2609062.0,-0.0288356164383559,-0.0289041095890411,3.829271092760695e-07,-0.029041095890411,1.8654020609019957e-06,-0.0291780821917807,9.299658368133117e-08,-0.0293150684931506,9.846697095670357e-08,-0.0294520547945206,4.649829184066558e-07,-0.0287671232876711,2.4977788299350475e-06,-0.0286301369863014,7.494430567260217e-07,-0.0284931506849315,1.2855410097125188e-06,-0.0283561643835615,4.540421438559109e-07,-0.0282191780821917,2.0240432918877963e-07,1,0,0,0,1
1245,34,14:12:18,9,-0.0289041095890411,914565.0,-0.0288356164383559,-0.0289041095890411,1.531708437104278e-07,-0.029041095890411,1.8654020609019957e-06,-0.0291780821917807,9.299658368133117e-08,-0.0293150684931506,9.846697095670357e-08,-0.0294520547945206,4.540421438559109e-07,-0.0287671232876711,2.0601478479052538e-06,-0.0286301369863014,8.479100276827252e-07,-0.0284931506849315,1.2855410097125188e-06,-0.0283561643835615,4.649829184066558e-07,-0.0282191780821917,2.07874716464152e-07,1,0,0,0,1
1246,34,14:12:21,9,-0.0289041095890411,659271.0,-0.0289726027397261,-0.029041095890411,1.7341127662930575e-06,-0.0291780821917807,9.299658368133117e-08,-0.0293150684931506,9.846697095670357e-08,-0.0294520547945206,4.540421438559109e-07,-0.0295890410958903,1.3128929460893809e-07,-0.0289041095890411,3.336936237977177e-07,-0.0287671232876711,2.0710886224559985e-06,-0.0286301369863014,7.27561507624532e-07,-0.0284931506849315,1.2855410097125188e-06,-0.0283561643835615,4.540421438559109e-07,1,0,0,0,1
1247,34,14:12:24,9,-0.0289041095890411,106332.0,-0.0289726027397261,-0.029041095890411,1.7177016044669402e-06,-0.0291780821917807,9.299658368133117e-08,-0.0293150684931506,1.750523928119175e-07,-0.0294520547945206,4.540421438559109e-07,-0.0295890410958903,1.3128929460893809e-07,-0.0289041095890411,5.251571784357523e-07,-0.0287671232876711,1.9671512642239227e-06,-0.0286301369863014,7.27561507624532e-07,-0.0284931506849315,1.2855410097125188e-06,-0.0283561643835615,5.087460166096352e-07,1,0,0,0,1
1248,34,14:12:27,9,-0.0289041095890411,191400.0,-0.0289726027397261,-0.029041095890411,1.89822438455423e-06,-0.0291780821917807,9.299658368133117e-08,-0.0293150684931506,1.750523928119175e-07,-0.0294520547945206,4.540421438559109e-07,-0.0295890410958903,1.3128929460893809e-07,-0.0289041095890411,1.0940774550744842e-06,-0.0287671232876711,2.18596675523882e-06,-0.0286301369863014,7.27561507624532e-07,-0.0284931506849315,1.2855410097125188e-06,-0.0283561643835615,5.087460166096352e-07,1,0,0,0,1
1249,34,14:12:30,9,-0.0289041095890411,928625.0,-0.0289726027397261,-0.029041095890411,1.6520569571624711e-06,-0.0291780821917807,9.299658368133117e-08,-0.0293150684931506,1.750523928119175e-07,-0.0294520547945206,4.540421438559109e-07,-0.0295890410958903,1.3128929460893809e-07,-0.0289041095890411,1.028432807770015e-06,-0.0287671232876711,2.897117101037234e-06,-0.0286301369863014,7.877357676536286e-07,-0.0284931506849315,1.2527186860602843e-06,-0.0283561643835615,5.087460166096352e-07,0,0,0,0,1
1250,34,14:12:33,9,-0.029041095890411,673367.0,-0.0289726027397261,-0.029041095890411,1.208955587857305e-06,-0.0291780821917807,7.65854218552139e-08,-0.0293150684931506,1.750523928119175e-07,-0.0294520547945206,4.649829184066558e-07,-0.0295890410958903,1.3128929460893809e-07,-0.0289041095890411,1.2417779115095396e-06,-0.0287671232876711,2.951820973790958e-06,-0.0286301369863014,6.892687966969251e-07,-0.0284931506849315,1.2527186860602843e-06,-0.0283561643835615,4.923348547835179e-07,0,0,0,0,1
1251,34,14:12:36,9,-0.029041095890411,2402958.0,-0.0289726027397261,-0.029041095890411,2.1881549101489683e-08,-0.0291780821917807,7.65854218552139e-08,-0.0293150684931506,1.750523928119175e-07,-0.0294520547945206,4.649829184066558e-07,-0.0295890410958903,1.4223006915968298e-07,-0.0289041095890411,7.27561507624532e-07,-0.0287671232876711,3.077639881124524e-06,-0.0286301369863014,6.892687966969251e-07,-0.0284931506849315,1.2527186860602843e-06,-0.0283561643835615,4.540421438559109e-07,0,0,0,0,1
1252,34,14:12:39,9,-0.0291780821917807,432298.0,-0.0292465753424656,-0.0293150684931506,6.564464730446904e-08,-0.0294520547945206,4.649829184066558e-07,-0.0295890410958903,1.4223006915968298e-07,-0.0297260273972602,2.7351936376862106e-08,-0.0298630136986302,2.07874716464152e-07,-0.0291780821917807,9.518473859148012e-07,-0.029041095890411,1.19801481330656e-06,-0.0289041095890411,7.65854218552139e-07,-0.0287671232876711,3.3730407939946346e-06,-0.0286301369863014,5.743906639141042e-07,0,0,0,1,1
1253,34,14:12:42,9,-0.0293150684931506,928196.0,-0.0293835616438357,-0.0294520547945206,2.7351936376862106e-08,-0.0295890410958903,1.4223006915968298e-07,-0.0297260273972602,2.7351936376862106e-08,-0.0298630136986302,2.07874716464152e-07,-0.0299999999999999,6.017426002909662e-08,-0.0293150684931506,1.3675968188431052e-07,-0.0291780821917807,1.165137785781572e-06,-0.029041095890411,2.3085034302071618e-06,-0.0289041095890411,5.579795020879869e-07,-0.0287671232876711,3.126873366602876e-06,0,0,0,1,1
1254,34,14:12:45,9,-0.0294520547945206,581065.0,-0.0295205479452055,-0.0295890410958903,1.3675968188431052e-07,-0.0297260273972602,2.7351936376862106e-08,-0.0298630136986302,2.07874716464152e-07,-0.0299999999999999,6.017426002909662e-08,-0.0301369863013698,1.9091651591049747e-06,-0.0294520547945206,4.3216059475442123e-07,-0.0293150684931506,3.5010478562383493e-07,-0.0291780821917807,1.11590430030322e-06,-0.029041095890411,1.6302848158064888e-06,-0.0289041095890411,5.579795020879869e-07,0,0,0,1,1
1255,34,14:12:48,9,-0.0298630136986302,729675.0,-0.0296575342465754,-0.0298630136986302,1.2034852005819325e-07,-0.0299999999999999,6.017426002909662e-08,-0.0301369863013698,1.9310467082064645e-06,-0.0302739726027396,2.844601383193659e-07,-0.0304109589041096,1.859931673626623e-07,-0.0294520547945206,1.0831366805237392e-06,-0.0293150684931506,2.1881549101489682e-07,-0.0291780821917807,3.99283567229433e-07,-0.029041095890411,1.619344041255744e-06,-0.0289041095890411,5.634498893633593e-07,0,0,0,1,1
1256,34,14:12:51,9,-0.0295890410958903,1027126.0,-0.0298630136986302,-0.0301369863013698,1.8818132227281127e-06,-0.0302739726027396,2.844601383193659e-07,-0.0304109589041096,1.859931673626623e-07,-0.0305479452054795,2.954009128701107e-07,-0.0306849315068492,7.603838312767665e-07,-0.0295890410958903,4.9233485478351786e-08,-0.0294520547945206,1.0339031950453876e-06,-0.0293150684931506,2.352266528410141e-07,-0.0291780821917807,4.1022434178017786e-07,-0.029041095890411,1.7725148849661717e-06,1,0,0,1,1
1257,34,14:12:54,9,-0.0298630136986302,439003.0,-0.0299999999999999,-0.0301369863013698,1.6028234716841191e-06,-0.0302739726027396,2.844601383193659e-07,-0.0304109589041096,1.859931673626623e-07,-0.0305479452054795,2.954009128701107e-07,-0.0306849315068492,7.603838312767665e-07,-0.0298630136986302,6.564464730446904e-08,-0.0297260273972602,2.7351936376862106e-08,-0.0295890410958903,2.954009128701107e-07,-0.0294520547945206,1.2910113969878914e-06,-0.0293150684931506,2.07874716464152e-07,1,0,1,1,1
1258,34,14:12:57,9,-0.0301369863013698,2336468.0,-0.0302054794520547,-0.0302739726027396,2.844601383193659e-07,-0.0304109589041096,1.859931673626623e-07,-0.0305479452054795,2.954009128701107e-07,-0.0306849315068492,7.603838312767665e-07,-0.0308219178082191,3.719863347253246e-07,-0.0301369863013698,1.859931673626623e-07,-0.0298630136986302,5.470387275372421e-08,-0.0297260273972602,4.3763098202979367e-08,-0.0295890410958903,4.15749432928304e-07,-0.0294520547945206,1.4934157261766708e-06,1,1,1,1,1
1259,34,14:13:00,9,-0.0301369863013698,134519.0,-0.0302054794520547,-0.0302739726027396,2.844601383193659e-07,-0.0304109589041096,1.859931673626623e-07,-0.0305479452054795,2.954009128701107e-07,-0.0306849315068492,7.603838312767665e-07,-0.0308219178082191,3.719863347253246e-07,-0.0301369863013698,1.4441822406983192e-06,-0.0299999999999999,5.798610511894766e-07,-0.0297260273972602,3.829271092760695e-07,-0.0295890410958903,2.406970401163865e-07,-0.0294520547945206,1.028432807770015e-06,1,1,1,1,2
1260,34,14:13:03,9,-0.0301369863013698,339835.0,-0.0302054794520547,-0.0302739726027396,2.5710820194250377e-07,-0.0304109589041096,1.859931673626623e-07,-0.0305479452054795,2.954009128701107e-07,-0.0306849315068492,7.603838312767665e-07,-0.0308219178082191,2.899305255947383e-07,-0.0301369863013698,1.236307524234167e-06,-0.0299999999999999,5.798610511894766e-07,-0.0297260273972602,5.1968679116038e-07,-0.0295890410958903,2.1881549101489682e-07,-0.0294520547945206,8.97143513161077e-07,1,1,1,1,2
1261,34,14:13:06,9,-0.0302739726027396,700871.0,-0.0303424657534246,-0.0304109589041096,1.586412309858002e-07,-0.0305479452054795,2.954009128701107e-07,-0.0306849315068492,7.603838312767665e-07,-0.0308219178082191,2.899305255947383e-07,-0.0309589041095891,1.586412309858002e-07,-0.0302739726027396,1.641116182611726e-08,-0.0301369863013698,1.066725518697622e-06,-0.0299999999999999,4.704533056820282e-07,-0.0297260273972602,5.525091148126145e-07,-0.0295890410958903,1.6958200553654506e-07,1,1,1,1,2
1262,34,14:13:09,9,-0.0301369863013698,226526.0,-0.0303424657534246,-0.0304109589041096,9.846697095670357e-08,-0.0305479452054795,3.829271092760695e-07,-0.0306849315068492,7.603838312767665e-07,-0.0308219178082191,2.899305255947383e-07,-0.0309589041095891,1.586412309858002e-07,-0.0302739726027396,4.3763098202979367e-08,-0.0301369863013698,1.208955587857305e-06,-0.0299999999999999,4.3763098202979364e-07,-0.0297260273972602,5.306275657111248e-07,-0.0295890410958903,1.6411161826117265e-07,1,1,1,1,2
1263,34,14:13:12,9,-0.0304109589041096,198203.0,-0.0303424657534246,-0.0304109589041096,6.017426002909662e-08,-0.0305479452054795,3.829271092760695e-07,-0.0306849315068492,7.603838312767665e-07,-0.0308219178082191,3.008713001454831e-07,-0.0309589041095891,1.586412309858002e-07,-0.0302739726027396,4.080908907427826e-06,-0.0301369863013698,1.274600235161774e-06,-0.0299999999999999,3.282232365223453e-07,-0.0297260273972602,5.306275657111248e-07,-0.0295890410958903,1.6958200553654506e-07,1,1,1,1,2
1264,34,14:13:15,9,-0.0304109589041096,1182105.0,-0.0304794520547944,-0.0305479452054795,1.859931673626623e-07,-0.0306849315068492,7.603838312767665e-07,-0.0308219178082191,3.008713001454831e-07,-0.0309589041095891,1.586412309858002e-07,-0.0310958904109588,9.463769986394288e-07,-0.0304109589041096,1.531708437104278e-07,-0.0302739726027396,3.63780753812266e-06,-0.0301369863013698,1.312892946089381e-06,-0.0299999999999999,2.07874716464152e-07,-0.0297260273972602,5.251571784357523e-07,1,1,1,1,2
1265,34,14:13:18,9,-0.0304109589041096,148638.0,-0.0304794520547944,-0.0305479452054795,1.859931673626623e-07,-0.0306849315068492,7.603838312767665e-07,-0.0308219178082191,3.008713001454831e-07,-0.0309589041095891,1.586412309858002e-07,-0.0310958904109588,9.463769986394288e-07,-0.0304109589041096,2.297562655656417e-07,-0.0302739726027396,3.654218699948777e-06,-0.0301369863013698,1.1597221023789532e-06,-0.0299999999999999,2.07874716464152e-07,-0.0297260273972602,5.251571784357523e-07,1,1,1,1,2
1266,34,14:13:21,9,-0.0302739726027396,707821.0,-0.0304109589041096,-0.0305479452054795,2.7898975104399344e-07,-0.0306849315068492,7.603838312767665e-07,-0.0308219178082191,3.008713001454831e-07,-0.0309589041095891,1.586412309858002e-07,-0.0310958904109588,9.463769986394288e-07,-0.0302739726027396,3.769096832731598e-06,-0.0301369863013698,1.1651924896543256e-06,-0.0299999999999999,2.07874716464152e-07,-0.0297260273972602,5.251571784357523e-07,-0.0295890410958903,1.586412309858002e-07,1,1,1,1,2
1267,34,14:13:24,9,-0.0306849315068492,1011955.0,-0.0305479452054793,-0.0306849315068492,3.829271092760695e-07,-0.0308219178082191,3.008713001454831e-07,-0.0309589041095891,1.586412309858002e-07,-0.0310958904109588,9.463769986394288e-07,-0.0312328767123287,7.166207330737871e-07,-0.0304109589041096,6.017426002909662e-08,-0.0302739726027396,3.894915740065164e-06,-0.0301369863013698,1.1104886169006014e-06,-0.0299999999999999,1.0940774550744841e-07,-0.0297260273972602,5.142164038850075e-07,1,1,1,1,2
1268,34,14:13:27,9,-0.0306849315068492,70774.0,-0.0306164383561643,-0.0306849315068492,3.5010478562383493e-07,-0.0308219178082191,3.008713001454831e-07,-0.0309589041095891,1.586412309858002e-07,-0.0310958904109588,9.463769986394288e-07,-0.0312328767123287,7.166207330737871e-07,-0.0305479452054795,5.470387275372421e-09,-0.0304109589041096,7.002095712476699e-07,-0.0302739726027396,3.933208450992771e-06,-0.0301369863013698,1.2417779115095396e-06,-0.0299999999999999,1.0940774550744841e-07,1,1,1,2,2
1269,34,14:13:30,9,-0.0305479452054795,1854421.0,-0.0306164383561643,-0.0306849315068492,3.5010478562383493e-07,-0.0308219178082191,3.008713001454831e-07,-0.0309589041095891,1.586412309858002e-07,-0.0310958904109588,9.463769986394288e-07,-0.0312328767123287,7.166207330737871e-07,-0.0305479452054795,2.5710820194250377e-07,-0.0304109589041096,1.0940774550744842e-08,-0.0302739726027396,3.944149225543515e-06,-0.0301369863013698,1.1378405532774636e-06,-0.0299999999999999,1.0940774550744842e-08,1,1,1,2,2
1270,34,14:13:33,9,-0.0305479452054795,1019160.0,-0.0306164383561643,-0.0306849315068492,1.531708437104278e-07,-0.0308219178082191,3.2275284924697285e-07,-0.0309589041095891,1.586412309858002e-07,-0.0310958904109588,9.463769986394288e-07,-0.0312328767123287,7.166207330737871e-07,-0.0305479452054795,1.0940774550744842e-08,-0.0302739726027396,3.550281341716701e-06,-0.0301369863013698,1.1706628769296982e-06,-0.0299999999999999,1.0940774550744842e-08,-0.0297260273972602,4.3216059475442123e-07,1,1,1,2,2
1271,34,14:13:36,9,-0.0305479452054795,1224438.0,-0.0305479452054793,-0.0308219178082191,1.9146355463803476e-07,-0.0309589041095891,1.586412309858002e-07,-0.0310958904109588,9.463769986394288e-07,-0.0312328767123287,7.166207330737871e-07,-0.0313698630136987,2.899305255947383e-07,-0.0302739726027396,3.0087130014548314e-06,-0.0301369863013698,1.1706628769296982e-06,-0.0299999999999999,1.0940774550744842e-08,-0.0297260273972602,4.3216059475442123e-07,-0.0295890410958903,1.4770045643505538e-07,1,1,1,2,2
1272,34,14:13:39,9,-0.0305479452054795,530657.0,-0.0306849315068494,-0.0308219178082191,5.470387275372421e-09,-0.0309589041095891,1.586412309858002e-07,-0.0310958904109588,9.463769986394288e-07,-0.0312328767123287,7.166207330737871e-07,-0.0313698630136987,2.899305255947383e-07,-0.0305479452054795,1.641116182611726e-08,-0.0302739726027396,3.0743576487593005e-06,-0.0301369863013698,6.564464730446905e-07,-0.0299999999999999,1.0940774550744842e-08,-0.0297260273972602,4.3216059475442123e-07,1,1,1,2,2
1273,34,14:13:42,9,-0.0305479452054795,169844.0,-0.0306164383561643,-0.0306849315068492,7.111503457984149e-08,-0.0308219178082191,1.0940774550744842e-08,-0.0309589041095891,1.586412309858002e-07,-0.0310958904109588,9.463769986394288e-07,-0.0312328767123287,7.166207330737871e-07,-0.0305479452054795,2.406970401163865e-07,-0.0304109589041096,3.172824619716004e-07,-0.0302739726027396,2.7242528631354657e-06,-0.0301369863013698,5.579795020879869e-07,-0.0299999999999999,1.0940774550744842e-08,1,1,1,2,2
1274,34,14:13:45,9,-0.0308219178082191,198129.0,-0.0307534246575342,-0.0308219178082191,1.641116182611726e-08,-0.0309589041095891,1.586412309858002e-07,-0.0310958904109588,9.463769986394288e-07,-0.0312328767123287,7.166207330737871e-07,-0.0313698630136987,2.899305255947383e-07,-0.0306849315068492,4.9233485478351786e-08,-0.0305479452054795,2.5710820194250377e-07,-0.0304109589041096,3.4463439834846253e-07,-0.0302739726027396,2.7078417013093484e-06,-0.0301369863013698,5.470387275372421e-07,1,1,1,2,2
1275,34,14:13:48,9,-0.0308219178082191,247625.0,-0.0308904109589041,-0.0309589041095891,1.2581890733356568e-07,-0.0310958904109588,9.463769986394288e-07,-0.0312328767123287,7.166207330737871e-07,-0.0313698630136987,2.899305255947383e-07,-0.0315068493150684,1.0339031950453876e-06,-0.0308219178082191,1.5152972752781606e-06,-0.0306849315068492,4.9233485478351786e-08,-0.0305479452054795,5.798610511894766e-07,-0.0304109589041096,2.4616742739175896e-07,-0.0302739726027396,2.7625455740630724e-06,1,1,1,2,2
1276,34,14:13:51,9,-0.0308219178082191,1860724.0,-0.0308904109589041,-0.0309589041095891,1.2581890733356568e-07,-0.0310958904109588,9.463769986394288e-07,-0.0312328767123287,7.166207330737871e-07,-0.0313698630136987,2.899305255947383e-07,-0.0315068493150684,1.0448439695961323e-06,-0.0308219178082191,1.531708437104278e-07,-0.0306849315068492,3.282232365223453e-07,-0.0305479452054795,5.798610511894766e-07,-0.0304109589041096,2.5710820194250377e-07,-0.0302739726027396,2.7078417013093484e-06,1,1,1,2,2
1277,34,14:13:54,9,-0.0308219178082191,863111.0,-0.0307534246575342,-0.0308219178082191,2.1881549101489683e-08,-0.0310958904109588,9.463769986394288e-07,-0.0312328767123287,7.166207330737871e-07,-0.0313698630136987,2.899305255947383e-07,-0.0315068493150684,1.0448439695961323e-06,-0.0306849315068492,4.540421438559109e-07,-0.0305479452054795,5.798610511894766e-07,-0.0304109589041096,2.5710820194250377e-07,-0.0302739726027396,2.7078417013093484e-06,-0.0301369863013698,2.680489764932487e-07,1,1,1,2,2
1278,34,14:13:57,9,-0.0308219178082191,169810.0,-0.0310273972602739,-0.0310958904109588,9.463769986394288e-07,-0.0312328767123287,7.166207330737871e-07,-0.0313698630136987,2.899305255947383e-07,-0.0315068493150684,1.03937358232076e-06,-0.0317808219178081,1.3675968188431052e-07,-0.0309589041095891,2.7351936376862106e-08,-0.0308219178082191,8.205580913058631e-08,-0.0306849315068492,4.649829184066558e-07,-0.0305479452054795,5.525091148126145e-07,-0.0304109589041096,2.844601383193659e-07,1,1,1,2,2
1279,34,14:14:00,9,-0.0309589041095891,855992.0,-0.0310273972602739,-0.0310958904109588,7.002095712476699e-07,-0.0312328767123287,7.166207330737871e-07,-0.0313698630136987,2.899305255947383e-07,-0.0315068493150684,1.03937358232076e-06,-0.0317808219178081,1.3675968188431052e-07,-0.0309589041095891,1.641116182611726e-08,-0.0308219178082191,5.470387275372421e-09,-0.0306849315068492,3.77456722000697e-07,-0.0305479452054795,3.391640110730901e-07,-0.0304109589041096,1.805227800872899e-07,1,1,1,2,2
1280,34,14:14:03,9,-0.0309589041095891,261734.0,-0.0310273972602739,-0.0310958904109588,6.892687966969251e-07,-0.0312328767123287,7.166207330737871e-07,-0.0313698630136987,3.993382711021867e-07,-0.0315068493150684,1.03937358232076e-06,-0.0317808219178081,1.3675968188431052e-07,-0.0309589041095891,1.586412309858002e-07,-0.0308219178082191,1.0940774550744842e-08,-0.0306849315068492,3.5557517289920734e-07,-0.0305479452054795,3.391640110730901e-07,-0.0304109589041096,1.805227800872899e-07,1,1,1,2,2
1281,34,14:14:06,9,-0.0310958904109588,636689.0,-0.0308904109589041,-0.0310958904109588,5.798610511894766e-07,-0.0312328767123287,7.166207330737871e-07,-0.0313698630136987,3.993382711021867e-07,-0.0315068493150684,1.03937358232076e-06,-0.0317808219178081,1.3675968188431052e-07,-0.0306849315068492,2.6257858921787617e-07,-0.0305479452054795,3.391640110730901e-07,-0.0304109589041096,1.805227800872899e-07,-0.0302739726027396,2.7078417013093484e-06,-0.0301369863013698,2.680489764932487e-07,1,1,1,2,2
1282,34,14:14:09,9,-0.0309589041095891,141480.0,-0.0308219178082191,-0.0309589041095891,6.783280221461801e-07,-0.0310958904109588,8.862027386103322e-07,-0.0312328767123287,7.166207330737871e-07,-0.0313698630136987,4.0480865837755926e-07,-0.0315068493150684,1.0776662932483669e-06,-0.0306849315068492,2.6257858921787617e-07,-0.0305479452054795,3.391640110730901e-07,-0.0304109589041096,1.805227800872899e-07,-0.0302739726027396,2.653137828555624e-06,-0.0301369863013698,2.680489764932487e-07,1,2,1,2,2
1283,34,14:14:12,9,-0.0309589041095891,212220.0,-0.0308904109589041,-0.0309589041095891,5.908018257402214e-07,-0.0310958904109588,8.807323513349597e-07,-0.0312328767123287,7.166207330737871e-07,-0.0313698630136987,4.0480865837755926e-07,-0.0315068493150684,1.0776662932483669e-06,-0.0308219178082191,3.282232365223452e-08,-0.0306849315068492,3.5010478562383493e-07,-0.0305479452054795,3.665159474499522e-07,-0.0304109589041096,1.805227800872899e-07,-0.0302739726027396,2.653137828555624e-06,1,2,2,2,2
1284,34,14:14:15,9,-0.0308219178082191,1160345.0,-0.0307534246575342,-0.0308219178082191,2.2428587829026925e-07,-0.0309589041095891,4.102790456529316e-07,-0.0310958904109588,5.853314384648491e-07,-0.0312328767123287,7.166207330737871e-07,-0.0313698630136987,4.0480865837755926e-07,-0.0306849315068492,9.846697095670357e-08,-0.0305479452054795,3.665159474499522e-07,-0.0304109589041096,1.805227800872899e-07,-0.0302739726027396,2.653137828555624e-06,-0.0301369863013698,2.0240432918877963e-07,1,2,1,2,2
1285,34,14:14:18,9,-0.0308219178082191,382092.0,-0.0307534246575342,-0.0308219178082191,1.6411161826117265e-07,-0.0309589041095891,3.938678838268143e-07,-0.0310958904109588,6.23624149392456e-07,-0.0312328767123287,7.166207330737871e-07,-0.0313698630136987,4.431013693051661e-07,-0.0306849315068492,5.470387275372421e-08,-0.0305479452054795,3.5557517289920734e-07,-0.0304109589041096,1.750523928119175e-07,-0.0302739726027396,2.653137828555624e-06,-0.0301369863013698,2.1881549101489682e-07,1,1,2,2,2
1286,34,14:14:21,9,-0.0305479452054795,268881.0,-0.0306849315068494,-0.0308219178082191,1.531708437104278e-07,-0.0309589041095891,4.2669020747904883e-07,-0.0310958904109588,6.345649239432008e-07,-0.0312328767123287,7.166207330737871e-07,-0.0313698630136987,4.431013693051661e-07,-0.0305479452054795,4.704533056820282e-07,-0.0304109589041096,1.750523928119175e-07,-0.0302739726027396,2.653137828555624e-06,-0.0301369863013698,2.1881549101489682e-07,-0.0299999999999999,1.0940774550744842e-08,1,1,2,2,2
1287,34,14:14:24,9,-0.0308219178082191,42452.0,-0.0307534246575342,-0.0308219178082191,4.485717565805385e-07,-0.0309589041095891,4.485717565805385e-07,-0.0310958904109588,6.345649239432008e-07,-0.0312328767123287,7.166207330737871e-07,-0.0313698630136987,4.431013693051661e-07,-0.0306849315068492,2.5710820194250377e-07,-0.0305479452054795,4.649829184066558e-07,-0.0304109589041096,1.750523928119175e-07,-0.0302739726027396,2.6476674412802515e-06,-0.0301369863013698,2.7351936376862104e-07,2,1,2,2,2
1288,34,14:14:27,9,-0.0306849315068492,467011.0,-0.0306164383561643,-0.0306849315068492,4.485717565805385e-07,-0.0308219178082191,7.877357676536286e-07,-0.0309589041095891,4.649829184066558e-07,-0.0310958904109588,6.509760857693181e-07,-0.0312328767123287,7.220911203491596e-07,-0.0305479452054795,5.525091148126145e-07,-0.0304109589041096,1.750523928119175e-07,-0.0302739726027396,2.6476674412802515e-06,-0.0301369863013698,2.7351936376862104e-07,-0.0299999999999999,1.0940774550744842e-08,1,1,2,2,2
1289,34,14:14:30,9,-0.0305479452054795,63690.0,-0.0306164383561643,-0.0306849315068492,4.485717565805385e-07,-0.0308219178082191,1.1104886169006014e-06,-0.0309589041095891,4.704533056820282e-07,-0.0310958904109588,6.509760857693181e-07,-0.0312328767123287,7.220911203491596e-07,-0.0305479452054795,5.1968679116038e-07,-0.0304109589041096,1.9693394191340717e-07,-0.0302739726027396,2.6476674412802515e-06,-0.0301369863013698,2.7351936376862104e-07,-0.0299999999999999,1.0940774550744842e-08,1,2,2,2,2
1290,34,14:14:33,9,-0.0308219178082191,834973.0,-0.0307534246575342,-0.0308219178082191,1.143310940552836e-06,-0.0309589041095891,5.360979529864973e-07,-0.0310958904109588,6.892687966969251e-07,-0.0312328767123287,7.220911203491596e-07,-0.0313698630136987,5.525091148126145e-07,-0.0306849315068492,3.282232365223452e-08,-0.0305479452054795,5.1968679116038e-07,-0.0304109589041096,3.063416874208556e-07,-0.0302739726027396,2.6476674412802515e-06,-0.0301369863013698,2.7898975104399344e-07,1,2,2,2,2
1291,34,14:14:36,9,-0.0308219178082191,176897.0,-0.0307534246575342,-0.0308219178082191,1.2417779115095396e-06,-0.0309589041095891,7.986765422043734e-07,-0.0310958904109588,6.837984094215526e-07,-0.0312328767123287,7.220911203491596e-07,-0.0313698630136987,5.525091148126145e-07,-0.0306849315068492,5.470387275372421e-09,-0.0305479452054795,4.978052420588903e-07,-0.0304109589041096,4.0480865837755926e-07,-0.0302739726027396,2.6476674412802515e-06,-0.0301369863013698,2.7898975104399344e-07,1,2,2,2,2
1292,34,14:14:39,9,-0.0302739726027396,5627516.0,-0.0302054794520547,-0.0302739726027396,1.1214293914513463e-06,-0.0305479452054795,7.65854218552139e-08,-0.0306849315068492,4.3763098202979367e-08,-0.0308219178082191,1.2910113969878914e-06,-0.0309589041095891,7.986765422043734e-07,-0.0301369863013698,2.7898975104399344e-07,-0.0299999999999999,1.0940774550744842e-08,-0.0297260273972602,5.470387275372421e-09,-0.0295890410958903,1.3128929460893809e-07,-0.0294520547945206,3.282232365223452e-08,1,1,1,2,2
1293,34,14:14:42,9,-0.0302739726027396,502610.0,-0.0302054794520547,-0.0302739726027396,7.439726694506492e-07,-0.0304109589041096,5.470387275372421e-09,-0.0305479452054795,9.846697095670357e-08,-0.0306849315068492,2.7898975104399344e-07,-0.0308219178082191,1.2910113969878914e-06,-0.0301369863013698,2.7898975104399344e-07,-0.0299999999999999,1.0940774550744842e-08,-0.0297260273972602,5.470387275372421e-09,-0.0295890410958903,1.3128929460893809e-07,-0.0294520547945206,3.282232365223452e-08,1,1,1,2,2
1294,34,14:14:45,9,-0.0302739726027396,665437.0,-0.0302054794520547,-0.0302739726027396,2.954009128701107e-07,-0.0304109589041096,5.470387275372421e-09,-0.0305479452054795,1.3675968188431052e-07,-0.0306849315068492,3.938678838268143e-07,-0.0308219178082191,1.624705020785609e-06,-0.0301369863013698,2.5163781466713136e-07,-0.0299999999999999,1.0940774550744841e-07,-0.0297260273972602,5.470387275372421e-09,-0.0295890410958903,1.3128929460893809e-07,-0.0294520547945206,3.282232365223452e-08,1,1,1,2,2
1295,34,14:14:48,9,-0.0302739726027396,580460.0,-0.0304794520547944,-0.0305479452054795,9.299658368133117e-08,-0.0306849315068492,4.15749432928304e-07,-0.0308219178082191,1.6575273444378435e-06,-0.0309589041095891,8.260284785812356e-07,-0.0310958904109588,6.837984094215526e-07,-0.0304109589041096,2.7351936376862106e-08,-0.0302739726027396,8.096173167551183e-07,-0.0301369863013698,2.5163781466713136e-07,-0.0299999999999999,1.0940774550744841e-07,-0.0297260273972602,5.470387275372421e-09,1,2,2,2,2
1296,34,14:14:51,9,-0.0305479452054795,70776.0,-0.0304794520547944,-0.0305479452054795,7.65854218552139e-08,-0.0306849315068492,4.868644675081455e-07,-0.0308219178082191,1.7177016044669402e-06,-0.0309589041095891,8.260284785812356e-07,-0.0310958904109588,6.728576348708078e-07,-0.0304109589041096,7.111503457984149e-08,-0.0302739726027396,1.0339031950453876e-06,-0.0301369863013698,2.7351936376862104e-07,-0.0299999999999999,1.6411161826117265e-07,-0.0297260273972602,5.470387275372421e-09,1,2,1,2,2
1297,34,14:14:54,9,-0.0305479452054795,431799.0,-0.0304109589041096,-0.0305479452054795,6.017426002909662e-08,-0.0306849315068492,7.111503457984147e-07,-0.0308219178082191,2.2264476210765754e-06,-0.0309589041095891,8.260284785812356e-07,-0.0310958904109588,6.728576348708078e-07,-0.0302739726027396,8.97143513161077e-07,-0.0301369863013698,2.7351936376862104e-07,-0.0299999999999999,1.6411161826117265e-07,-0.0297260273972602,5.470387275372421e-09,-0.0295890410958903,1.2581890733356568e-07,1,2,2,2,2
1298,34,14:14:57,9,-0.0304109589041096,148652.0,-0.0304794520547944,-0.0305479452054795,6.181537621170835e-07,-0.0306849315068492,7.111503457984147e-07,-0.0308219178082191,1.9091651591049747e-06,-0.0309589041095891,8.260284785812356e-07,-0.0310958904109588,6.455056984939457e-07,-0.0304109589041096,5.470387275372421e-08,-0.0302739726027396,8.752619640595873e-07,-0.0301369863013698,3.172824619716004e-07,-0.0299999999999999,1.6411161826117265e-07,-0.0297260273972602,5.470387275372421e-09,2,2,2,2,2
1299,34,14:15:00,9,-0.0301369863013698,2548622.0,-0.0300684931506848,-0.0301369863013698,2.8664829322951485e-06,-0.0302739726027396,2.7351936376862106e-08,-0.0304109589041096,6.564464730446904e-08,-0.0305479452054795,6.837984094215526e-07,-0.0306849315068492,7.166207330737871e-07,-0.0299999999999999,1.531708437104278e-07,-0.0297260273972602,5.470387275372421e-09,-0.0295890410958903,1.531708437104278e-07,-0.0294520547945206,3.282232365223452e-08,-0.0293150684931506,2.1881549101489683e-08,1,2,2,2,1
1300,34,14:15:03,9,-0.0301369863013698,240734.0,-0.0300684931506848,-0.0301369863013698,2.773486348613817e-06,-0.0302739726027396,5.853314384648491e-07,-0.0304109589041096,1.531708437104278e-07,-0.0305479452054795,7.220911203491596e-07,-0.0306849315068492,6.947391839722974e-07,-0.0299999999999999,1.2034852005819325e-07,-0.0297260273972602,5.470387275372421e-09,-0.0295890410958903,1.531708437104278e-07,-0.0294520547945206,3.282232365223452e-08,-0.0293150684931506,2.1881549101489683e-08,1,2,2,2,1
1301,34,14:15:06,9,-0.0301369863013698,177001.0,-0.0300684931506848,-0.0301369863013698,2.6695489903817413e-06,-0.0302739726027396,5.853314384648491e-07,-0.0304109589041096,2.680489764932487e-07,-0.0305479452054795,7.385022821752768e-07,-0.0306849315068492,9.682585477409186e-07,-0.0299999999999999,1.1487813278282086e-07,-0.0297260273972602,5.470387275372421e-09,-0.0295890410958903,1.531708437104278e-07,-0.0294520547945206,3.282232365223452e-08,-0.0293150684931506,2.1881549101489683e-08,1,2,2,2,1
1302,34,14:15:09,9,-0.0299999999999999,715105.0,-0.0299315068493151,-0.0299999999999999,1.531708437104278e-07,-0.0301369863013698,2.335855366584024e-06,-0.0302739726027396,5.908018257402214e-07,-0.0304109589041096,3.2275284924697285e-07,-0.0305479452054795,7.439726694506492e-07,-0.0298630136986302,9.846697095670357e-08,-0.0297260273972602,5.470387275372421e-09,-0.0295890410958903,1.531708437104278e-07,-0.0294520547945206,3.282232365223452e-08,-0.0293150684931506,2.1881549101489683e-08,1,1,2,2,1
1303,34,14:15:12,9,-0.0298630136986302,155800.0,-0.0297945205479454,-0.0298630136986302,4.485717565805385e-07,-0.0299999999999999,5.525091148126145e-07,-0.0301369863013698,2.3960296266131203e-06,-0.0302739726027396,5.908018257402214e-07,-0.0304109589041096,3.172824619716004e-07,-0.0297260273972602,5.470387275372421e-09,-0.0295890410958903,1.531708437104278e-07,-0.0294520547945206,3.282232365223452e-08,-0.0293150684931506,4.9233485478351786e-08,-0.0291780821917807,4.9233485478351786e-08,1,2,2,2,1
1304,34,14:15:15,9,-0.0298630136986302,148732.0,-0.0297945205479454,-0.0298630136986302,4.212198202036764e-07,-0.0299999999999999,7.166207330737871e-07,-0.0301369863013698,2.412440788439237e-06,-0.0302739726027396,5.908018257402214e-07,-0.0304109589041096,3.610455601745798e-07,-0.0297260273972602,4.3763098202979367e-08,-0.0295890410958903,1.531708437104278e-07,-0.0294520547945206,1.859931673626623e-07,-0.0293150684931506,4.9233485478351786e-08,-0.0291780821917807,4.9233485478351786e-08,1,2,1,2,1
1305,34,14:15:18,9,-0.0297260273972602,63747.0,-0.0296575342465752,-0.0297260273972602,1.0940774550744842e-08,-0.0298630136986302,9.35436224088684e-07,-0.0299999999999999,8.260284785812356e-07,-0.0301369863013698,2.428851950265355e-06,-0.0302739726027396,5.908018257402214e-07,-0.0295890410958903,1.531708437104278e-07,-0.0294520547945206,1.859931673626623e-07,-0.0293150684931506,4.9233485478351786e-08,-0.0291780821917807,4.9233485478351786e-08,-0.029041095890411,6.8390781716706e-07,1,1,2,2,1
1306,34,14:15:21,9,-0.0297260273972602,290433.0,-0.0296575342465752,-0.0297260273972602,4.3216059475442123e-07,-0.0298630136986302,5.1968679116038e-07,-0.0299999999999999,5.579795020879869e-07,-0.0301369863013698,2.494496597569824e-06,-0.0302739726027396,5.908018257402214e-07,-0.0295890410958903,1.4770045643505538e-07,-0.0294520547945206,3.77456722000697e-07,-0.0293150684931506,4.9233485478351786e-08,-0.0291780821917807,4.9233485478351786e-08,-0.029041095890411,6.8390781716706e-07,1,1,1,2,1
1307,34,14:15:24,9,-0.0297260273972602,467480.0,-0.0296575342465752,-0.0297260273972602,3.993382711021867e-07,-0.0298630136986302,1.6520569571624711e-06,-0.0299999999999999,7.27561507624532e-07,-0.0301369863013698,2.5054373721205686e-06,-0.0302739726027396,5.908018257402214e-07,-0.0295890410958903,1.3675968188431052e-07,-0.0294520547945206,3.77456722000697e-07,-0.0293150684931506,4.9233485478351786e-08,-0.0291780821917807,4.9233485478351786e-08,-0.029041095890411,6.8390781716706e-07,1,1,1,2,1
1308,34,14:15:27,9,-0.0294520547945206,935195.0,-0.0293835616438357,-0.0294520547945206,1.9693394191340717e-07,-0.0295890410958903,1.6958200553654506e-07,-0.0297260273972602,6.290945366678284e-07,-0.0298630136986302,1.6848792808147057e-06,-0.0299999999999999,7.002095712476699e-07,-0.0293150684931506,4.9233485478351786e-08,-0.0291780821917807,4.9233485478351786e-08,-0.029041095890411,6.8390781716706e-07,-0.0289041095890411,8.752619640595873e-08,-0.0287671232876711,3.3402184703424e-06,1,1,1,1,1
1309,34,14:15:30,9,-0.0294520547945206,155881.0,-0.0293835616438357,-0.0294520547945206,1.586412309858002e-07,-0.0295890410958903,5.470387275372421e-07,-0.0297260273972602,9.080842877118218e-07,-0.0298630136986302,1.690349668090078e-06,-0.0299999999999999,6.947391839722974e-07,-0.0293150684931506,4.3763098202979367e-08,-0.0291780821917807,1.750523928119175e-07,-0.029041095890411,7.933155626745084e-07,-0.0289041095890411,8.752619640595873e-08,-0.0287671232876711,3.3402184703424e-06,1,2,1,1,1
1310,34,14:15:33,9,-0.0295890410958903,340078.0,-0.0295205479452055,-0.0295890410958903,5.962722130155939e-07,-0.0297260273972602,8.260284785812356e-07,-0.0298630136986302,1.690349668090078e-06,-0.0299999999999999,6.509760857693181e-07,-0.0301369863013698,2.5984339558019e-06,-0.0294520547945206,5.470387275372421e-09,-0.0293150684931506,4.3763098202979367e-08,-0.0291780821917807,1.750523928119175e-07,-0.029041095890411,7.933155626745084e-07,-0.0289041095890411,8.752619640595873e-08,1,2,1,1,1
1311,34,14:15:36,9,-0.0293150684931506,928040.0,-0.0295205479452055,-0.0295890410958903,2.352266528410141e-07,-0.0297260273972602,7.166207330737871e-07,-0.0298630136986302,1.662997731713216e-06,-0.0299999999999999,7.056799585230423e-07,-0.0301369863013698,2.5492004703235483e-06,-0.0294520547945206,1.4770045643505538e-07,-0.0291780821917807,1.750523928119175e-07,-0.029041095890411,7.878451753991361e-07,-0.0289041095890411,8.752619640595873e-08,-0.0287671232876711,3.290984984864048e-06,1,2,1,1,1
1312,34,14:15:39,9,-0.0294520547945206,616324.0,-0.0295205479452055,-0.0295890410958903,1.0940774550744842e-08,-0.0297260273972602,7.220911203491596e-07,-0.0298630136986302,1.662997731713216e-06,-0.0299999999999999,6.509760857693181e-07,-0.0301369863013698,2.620315504903389e-06,-0.0294520547945206,1.03937358232076e-07,-0.0293150684931506,1.0940774550744841e-07,-0.0291780821917807,2.680489764932487e-07,-0.029041095890411,7.878451753991361e-07,-0.0289041095890411,1.0940774550744841e-07,1,2,1,1,1
1313,34,14:15:42,9,-0.0291780821917807,311766.0,-0.0292465753424656,-0.0293150684931506,2.7351936376862106e-08,-0.0294520547945206,7.65854218552139e-08,-0.0295890410958903,2.1881549101489683e-08,-0.0297260273972602,7.166207330737871e-07,-0.0298630136986302,1.662997731713216e-06,-0.0291780821917807,2.844601383193659e-07,-0.029041095890411,7.987859499498809e-07,-0.0289041095890411,1.0940774550744841e-07,-0.0287671232876711,3.290984984864048e-06,-0.0286301369863014,1.3675968188431052e-07,1,2,1,1,1
1314,34,14:15:45,9,-0.0291780821917807,120479.0,-0.0292465753424656,-0.0293150684931506,3.8292710927606954e-08,-0.0294520547945206,1.03937358232076e-07,-0.0295890410958903,1.641116182611726e-08,-0.0297260273972602,7.166207330737871e-07,-0.0298630136986302,1.662997731713216e-06,-0.0291780821917807,2.1334510373952441e-07,-0.029041095890411,7.987859499498809e-07,-0.0289041095890411,1.0940774550744841e-07,-0.0287671232876711,3.290984984864048e-06,-0.0286301369863014,1.3675968188431052e-07,2,1,1,1,1
1315,34,14:15:48,9,-0.0293150684931506,113374.0,-0.0292465753424656,-0.0293150684931506,1.2034852005819325e-07,-0.0294520547945206,1.03937358232076e-07,-0.0295890410958903,4.2669020747904883e-07,-0.0297260273972602,1.2636594606110292e-06,-0.0298630136986302,1.662997731713216e-06,-0.0291780821917807,8.588508022334701e-07,-0.029041095890411,8.26137886326743e-07,-0.0289041095890411,1.0940774550744841e-07,-0.0287671232876711,3.290984984864048e-06,-0.0286301369863014,1.3675968188431052e-07,2,2,1,1,1
1316,34,14:15:51,9,-0.0294520547945206,7535691.0,-0.0295205479452055,-0.0295890410958903,4.3763098202979364e-07,-0.0297260273972602,1.2636594606110292e-06,-0.0298630136986302,1.662997731713216e-06,-0.0299999999999999,6.290945366678284e-07,-0.0301369863013698,2.675019377657114e-06,-0.0294520547945206,8.205580913058631e-08,-0.0293150684931506,5.470387275372421e-09,-0.0291780821917807,7.111503457984149e-08,-0.0283561643835615,4.246114603144073e-07,-0.0282191780821917,1.0940774550744841e-07,2,2,2,1,1
1317,34,14:15:54,9,-0.0293150684931506,311750.0,-0.0293835616438357,-0.0294520547945206,2.1881549101489683e-08,-0.0295890410958903,4.704533056820282e-07,-0.0297260273972602,1.2636594606110292e-06,-0.0298630136986302,1.662997731713216e-06,-0.0299999999999999,5.962722130155939e-07,-0.0293150684931506,1.0940774550744841e-07,-0.0291780821917807,7.111503457984149e-08,-0.029041095890411,1.03937358232076e-07,-0.0289041095890411,1.0940774550744842e-08,-0.0283561643835615,4.246114603144073e-07,2,2,1,1,1
1318,34,14:15:57,9,-0.0295890410958903,255082.0,-0.0293835616438356,-0.0295890410958903,5.360979529864973e-07,-0.0297260273972602,1.3293041079154983e-06,-0.0298630136986302,1.6520569571624711e-06,-0.0299999999999999,5.962722130155939e-07,-0.0301369863013698,2.675019377657114e-06,-0.0291780821917807,7.111503457984149e-08,-0.029041095890411,1.586412309858002e-07,-0.0289041095890411,1.0940774550744842e-08,-0.0283561643835615,4.246114603144073e-07,-0.0282191780821917,1.0940774550744841e-07,2,2,2,1,1
1319,34,14:16:00,9,-0.029041095890411,517429.0,-0.0286986301369862,-0.029041095890411,1.8435205118005056e-06,-0.0293150684931506,4.595125311312834e-07,-0.0294520547945206,7.111503457984149e-08,-0.0295890410958903,5.743906639141042e-07,-0.0297260273972602,1.3293041079154983e-06,-0.0283561643835615,4.246114603144073e-07,-0.0282191780821917,1.0940774550744841e-07,-0.0280821917808218,1.9146355463803476e-07,-0.0279452054794521,3.77456722000697e-07,-0.0278082191780821,1.9146355463803476e-07,1,1,1,1,0
1320,34,14:16:03,9,-0.029041095890411,631002.0,-0.0286986301369862,-0.029041095890411,1.5481195989303952e-06,-0.0293150684931506,4.649829184066558e-07,-0.0294520547945206,7.65854218552139e-08,-0.0295890410958903,7.65854218552139e-07,-0.0297260273972602,1.3293041079154983e-06,-0.0283561643835615,2.604998420532347e-07,-0.0282191780821917,1.0940774550744841e-07,-0.0280821917808218,1.9146355463803476e-07,-0.0279452054794521,3.77456722000697e-07,-0.0278082191780821,1.9146355463803476e-07,2,1,1,1,0
1321,34,14:16:06,9,-0.029041095890411,446610.0,-0.0286986301369862,-0.029041095890411,1.2800706224371465e-06,-0.0291780821917807,2.7351936376862106e-08,-0.0293150684931506,7.713246058275113e-07,-0.0294520547945206,8.205580913058631e-08,-0.0295890410958903,7.767949931028838e-07,-0.0283561643835615,1.893848074733932e-07,-0.0282191780821917,1.3675968188431052e-07,-0.0280821917808218,1.9146355463803476e-07,-0.0279452054794521,3.77456722000697e-07,-0.0278082191780821,1.9146355463803476e-07,1,1,1,1,0
1322,34,14:16:09,9,-0.0283561643835615,7112457.0,-0.0282876712328766,-0.0283561643835615,1.0940774550744842e-08,-0.029041095890411,1.2800706224371465e-06,-0.0291780821917807,4.3763098202979367e-08,-0.0293150684931506,7.713246058275113e-07,-0.0294520547945206,2.1881549101489682e-07,-0.0282191780821917,9.846697095670357e-08,-0.0273972602739726,1.2259192587982348e-05,-0.0272602739726026,1.2581890733356568e-07,-0.0271232876712329,1.859931673626623e-07,-0.026986301369863,1.4332414661475745e-06,1,1,1,0,0
1323,34,14:16:12,9,-0.029041095890411,70890.0,-0.0282876712328766,-0.0283561643835615,1.4770045643505538e-07,-0.0289041095890411,4.595125311312834e-07,-0.029041095890411,1.247248298784912e-06,-0.0291780821917807,4.9233485478351786e-08,-0.0293150684931506,7.713246058275113e-07,-0.0282191780821917,6.017426002909662e-08,-0.0280821917808218,1.03937358232076e-07,-0.0273972602739726,1.2259192587982348e-05,-0.0272602739726026,1.2581890733356568e-07,-0.0271232876712329,1.859931673626623e-07,1,1,1,0,0
1324,34,14:16:15,9,-0.0286301369863014,212788.0,-0.0288356164383559,-0.0289041095890411,5.1968679116038e-07,-0.029041095890411,1.247248298784912e-06,-0.0291780821917807,7.65854218552139e-08,-0.0293150684931506,7.713246058275113e-07,-0.0294520547945206,4.3763098202979364e-07,-0.0287671232876711,1.0940774550744842e-08,-0.0282191780821917,8.205580913058631e-08,-0.0280821917808218,1.03937358232076e-07,-0.0273972602739726,1.2483478466272618e-05,-0.0272602739726026,1.2581890733356568e-07,1,2,1,1,0
1325,34,14:16:18,9,-0.0273972602739726,7298265.0,-0.0281506849315069,-0.0289041095890411,5.798610511894766e-07,-0.029041095890411,1.2636594606110292e-06,-0.0291780821917807,7.65854218552139e-08,-0.0293150684931506,7.713246058275113e-07,-0.0294520547945206,4.3216059475442123e-07,-0.0273972602739726,7.111558161856901e-06,-0.0272602739726026,1.2581890733356568e-07,-0.0271232876712329,1.859931673626623e-07,-0.026986301369863,1.4332414661475745e-06,-0.026849315068493,6.017426002909662e-08,0,1,1,0,0
1326,34,14:16:21,9,-0.0287671232876711,163061.0,-0.0288356164383559,-0.0289041095890411,4.978052420588903e-07,-0.029041095890411,1.2581890733356569e-06,-0.0291780821917807,7.65854218552139e-08,-0.0293150684931506,7.65854218552139e-07,-0.0294520547945206,4.3216059475442123e-07,-0.0287671232876711,1.531708437104278e-07,-0.0284931506849315,7.111503457984149e-08,-0.0276712328767122,2.7351936376862106e-08,-0.0275342465753425,5.470387275372421e-09,-0.0273972602739726,7.199084358262859e-06,1,1,1,0,0
1327,34,14:16:24,9,-0.0289041095890411,290685.0,-0.0287671232876711,-0.0289041095890411,4.485717565805385e-07,-0.029041095890411,1.2527186860602843e-06,-0.0291780821917807,3.063416874208556e-07,-0.0293150684931506,7.65854218552139e-07,-0.0294520547945206,4.3216059475442123e-07,-0.0286301369863014,3.610455601745798e-07,-0.0284931506849315,7.111503457984149e-08,-0.0283561643835615,1.0940774550744842e-08,-0.0282191780821917,3.282232365223452e-08,-0.0280821917808218,5.470387275372421e-09,1,1,1,0,0
1328,34,14:16:27,9,-0.0287671232876711,425439.0,-0.0286986301369862,-0.0287671232876711,7.65854218552139e-08,-0.0289041095890411,4.485717565805385e-07,-0.029041095890411,1.2855410097125188e-06,-0.0291780821917807,3.063416874208556e-07,-0.0293150684931506,7.65854218552139e-07,-0.0286301369863014,1.805227800872899e-07,-0.0284931506849315,7.111503457984149e-08,-0.0283561643835615,1.0940774550744842e-08,-0.0282191780821917,3.282232365223452e-08,-0.0280821917808218,5.470387275372421e-09,1,1,1,0,0
1329,34,14:16:30,9,-0.0286301369863014,28364.0,-0.0286986301369862,-0.0287671232876711,2.5710820194250377e-07,-0.0289041095890411,4.3763098202979364e-07,-0.029041095890411,1.2855410097125188e-06,-0.0291780821917807,3.063416874208556e-07,-0.0293150684931506,7.65854218552139e-07,-0.0286301369863014,1.586412309858002e-07,-0.0284931506849315,7.111503457984149e-08,-0.0283561643835615,6.017426002909662e-08,-0.0282191780821917,3.282232365223452e-08,-0.0280821917808218,5.470387275372421e-09,1,1,1,0,0
1330,34,14:16:33,9,-0.0286301369863014,2629905.0,-0.0286986301369862,-0.0287671232876711,3.8292710927606954e-08,-0.0289041095890411,1.0940774550744842e-08,-0.029041095890411,1.586412309858002e-07,-0.0291780821917807,3.11812074696228e-07,-0.0293150684931506,7.767949931028838e-07,-0.0286301369863014,1.4223006915968298e-07,-0.0284931506849315,1.6958200553654506e-07,-0.0283561643835615,1.2034852005819325e-07,-0.0282191780821917,3.282232365223452e-08,-0.0280821917808218,5.470387275372421e-09,1,1,1,0,0
1331,34,14:16:36,9,-0.0284931506849315,290741.0,-0.0285616438356165,-0.0286301369863014,3.4463439834846253e-07,-0.0287671232876711,1.805227800872899e-07,-0.0289041095890411,4.9233485478351786e-08,-0.029041095890411,1.586412309858002e-07,-0.0291780821917807,3.11812074696228e-07,-0.0284931506849315,1.03937358232076e-07,-0.0283561643835615,1.2034852005819325e-07,-0.0282191780821917,3.282232365223452e-08,-0.0280821917808218,2.1881549101489683e-08,-0.0276712328767122,7.65854218552139e-08,1,1,1,0,0
1332,34,14:16:39,9,-0.0284931506849315,546007.0,-0.0285616438356165,-0.0286301369863014,4.9233485478351786e-08,-0.0287671232876711,4.704533056820282e-07,-0.0289041095890411,4.9233485478351786e-08,-0.029041095890411,1.586412309858002e-07,-0.0291780821917807,3.11812074696228e-07,-0.0284931506849315,8.752619640595873e-08,-0.0283561643835615,1.2034852005819325e-07,-0.0282191780821917,3.282232365223452e-08,-0.0280821917808218,2.1881549101489683e-08,-0.0276712328767122,7.65854218552139e-08,1,1,1,0,0
1333,34,14:16:42,9,-0.0286301369863014,397096.0,-0.0286986301369862,-0.0287671232876711,4.978052420588903e-07,-0.0289041095890411,4.9233485478351786e-08,-0.029041095890411,1.586412309858002e-07,-0.0291780821917807,3.11812074696228e-07,-0.0293150684931506,7.822653803782562e-07,-0.0286301369863014,2.406970401163865e-07,-0.0284931506849315,1.4223006915968298e-07,-0.0283561643835615,1.4770045643505538e-07,-0.0282191780821917,3.282232365223452e-08,-0.0280821917808218,2.1881549101489683e-08,1,2,1,0,0
1334,34,14:16:45,9,-0.0283561643835615,1056657.0,-0.0282876712328766,-0.0283561643835615,2.7351936376862106e-08,-0.0286301369863014,3.391640110730901e-07,-0.0287671232876711,4.923348547835179e-07,-0.0289041095890411,6.017426002909662e-08,-0.029041095890411,1.6958200553654506e-07,-0.0282191780821917,3.282232365223452e-08,-0.0280821917808218,2.1881549101489683e-08,-0.0276712328767122,7.65854218552139e-08,-0.0275342465753425,5.634498893633593e-07,-0.0273972602739726,3.7636811493289793e-06,1,1,1,0,0
1335,34,14:16:48,9,-0.0282191780821917,92209.0,-0.0284246575342463,-0.0284931506849315,2.352266528410141e-07,-0.0286301369863014,4.3763098202979364e-07,-0.0287671232876711,4.923348547835179e-07,-0.0289041095890411,6.017426002909662e-08,-0.029041095890411,1.6958200553654506e-07,-0.0283561643835615,6.509760857693181e-07,-0.0282191780821917,4.3763098202979367e-08,-0.0280821917808218,2.1881549101489683e-08,-0.0276712328767122,7.65854218552139e-08,-0.0275342465753425,5.634498893633593e-07,1,1,1,0,0
1336,34,14:16:51,9,-0.0284931506849315,35460.0,-0.0284246575342463,-0.0284931506849315,2.2428587829026925e-07,-0.0286301369863014,2.5163781466713136e-07,-0.0287671232876711,5.032756293342627e-07,-0.0289041095890411,6.017426002909662e-08,-0.029041095890411,1.6958200553654506e-07,-0.0283561643835615,7.330318948999044e-07,-0.0282191780821917,4.3763098202979367e-08,-0.0280821917808218,1.2581890733356568e-07,-0.0276712328767122,7.65854218552139e-08,-0.0275342465753425,5.634498893633593e-07,1,1,1,0,0
1337,34,14:16:54,9,-0.0284931506849315,397162.0,-0.0284246575342463,-0.0284931506849315,6.564464730446904e-08,-0.0286301369863014,2.5710820194250377e-07,-0.0287671232876711,5.525091148126145e-07,-0.0289041095890411,6.017426002909662e-08,-0.029041095890411,1.6958200553654506e-07,-0.0283561643835615,6.783280221461801e-07,-0.0282191780821917,1.4223006915968298e-07,-0.0280821917808218,1.2581890733356568e-07,-0.0279452054794521,5.141069961395001e-07,-0.0276712328767122,8.205580913058631e-08,1,1,1,0,0
1338,34,14:16:57,9,-0.0283561643835615,2660762.0,-0.0282876712328766,-0.0283561643835615,4.649829184066558e-07,-0.0284931506849315,1.750523928119175e-07,-0.0286301369863014,2.5710820194250377e-07,-0.0287671232876711,5.525091148126145e-07,-0.0289041095890411,6.017426002909662e-08,-0.0282191780821917,2.899305255947383e-07,-0.0275342465753425,1.5306143596492033e-07,-0.0273972602739726,4.157549033155794e-06,-0.0272602739726026,1.2581890733356568e-07,-0.0271232876712329,1.859931673626623e-07,1,1,1,0,0
1339,34,14:17:00,9,-0.0283561643835615,106405.0,-0.0282876712328766,-0.0283561643835615,5.1968679116038e-07,-0.0284931506849315,3.11812074696228e-07,-0.0286301369863014,2.5710820194250377e-07,-0.0287671232876711,5.579795020879869e-07,-0.0289041095890411,6.017426002909662e-08,-0.0282191780821917,2.406970401163865e-07,-0.0275342465753425,1.968245341678997e-07,-0.0273972602739726,4.168489807706538e-06,-0.0272602739726026,1.2581890733356568e-07,-0.0271232876712329,1.859931673626623e-07,1,1,1,0,0
1340,34,14:17:03,9,-0.0282191780821917,99303.0,-0.0282876712328766,-0.0283561643835615,7.494430567260217e-07,-0.0284931506849315,3.2275284924697285e-07,-0.0286301369863014,3.282232365223453e-07,-0.0287671232876711,5.579795020879869e-07,-0.0289041095890411,6.017426002909662e-08,-0.0282191780821917,2.6257858921787617e-07,-0.0280821917808218,1.0940774550744841e-07,-0.0276712328767122,2.7351936376862106e-08,-0.0275342465753425,2.515284069216239e-07,-0.0273972602739726,4.168489807706538e-06,1,1,0,0,0
1341,34,14:17:06,9,-0.0284931506849315,1567558.0,-0.0284246575342463,-0.0284931506849315,2.7898975104399344e-07,-0.0286301369863014,3.282232365223453e-07,-0.0287671232876711,5.579795020879869e-07,-0.0289041095890411,6.017426002909662e-08,-0.029041095890411,1.9693394191340717e-07,-0.0283561643835615,2.352266528410141e-07,-0.0282191780821917,2.7351936376862106e-08,-0.0280821917808218,1.3675968188431052e-07,-0.0276712328767122,2.7351936376862106e-08,-0.0275342465753425,2.78880343298486e-07,1,1,0,0,0
1342,34,14:17:09,9,-0.0284931506849315,560291.0,-0.0285616438356165,-0.0286301369863014,4.102790456529316e-07,-0.0287671232876711,5.579795020879869e-07,-0.0289041095890411,6.017426002909662e-08,-0.029041095890411,1.9693394191340717e-07,-0.0291780821917807,2.899305255947383e-07,-0.0284931506849315,7.111503457984149e-08,-0.0283561643835615,1.9693394191340717e-07,-0.0282191780821917,5.470387275372421e-09,-0.0280821917808218,1.3675968188431052e-07,-0.0278082191780821,2.7351936376862106e-08,1,1,0,0,0
1343,34,14:17:12,9,-0.0275342465753425,2519104.0,-0.028082191780822,-0.0286301369863014,6.017426002909662e-08,-0.0287671232876711,5.634498893633593e-07,-0.0289041095890411,6.017426002909662e-08,-0.029041095890411,1.9693394191340717e-07,-0.0291780821917807,2.899305255947383e-07,-0.0275342465753425,1.9911115604900538e-06,-0.0273972602739726,4.201312131358773e-06,-0.0272602739726026,1.2581890733356568e-07,-0.0271232876712329,1.859931673626623e-07,-0.026986301369863,1.4332414661475745e-06,1,0,0,0,0
1344,34,14:17:15,9,-0.0284931506849315,163142.0,-0.0285616438356165,-0.0286301369863014,6.017426002909662e-08,-0.0287671232876711,5.634498893633593e-07,-0.0289041095890411,6.072129875663387e-07,-0.029041095890411,1.9693394191340717e-07,-0.0291780821917807,2.899305255947383e-07,-0.0284931506849315,1.6958200553654506e-07,-0.0275342465753425,2.018463496866916e-06,-0.0273972602739726,4.305249489590849e-06,-0.0272602739726026,1.2581890733356568e-07,-0.0271232876712329,1.859931673626623e-07,1,1,0,0,0
1345,34,14:17:18,9,-0.0284931506849315,113472.0,-0.0285616438356165,-0.0286301369863014,6.017426002909662e-08,-0.0287671232876711,5.689202766387318e-07,-0.0289041095890411,6.072129875663387e-07,-0.029041095890411,1.9146355463803476e-07,-0.0291780821917807,2.899305255947383e-07,-0.0284931506849315,8.205580913058631e-08,-0.0283561643835615,2.7789567358891896e-06,-0.0280821917808218,2.1881549101489683e-08,-0.0275342465753425,2.319334797012399e-06,-0.0273972602739726,4.294308715040104e-06,1,1,0,0,0
1346,34,14:17:21,9,-0.0284931506849315,347508.0,-0.0284246575342463,-0.0284931506849315,5.142164038850075e-07,-0.0286301369863014,6.564464730446904e-08,-0.0287671232876711,5.689202766387318e-07,-0.0289041095890411,6.072129875663387e-07,-0.029041095890411,1.9146355463803476e-07,-0.0283561643835615,2.784427123164562e-06,-0.0280821917808218,2.1881549101489683e-08,-0.0279452054794521,1.531708437104278e-07,-0.0278082191780821,5.470387275372421e-09,-0.0276712328767122,1.0940774550744841e-07,1,0,0,0,0
1347,34,14:17:24,9,-0.0283561643835615,234054.0,-0.0284246575342463,-0.0284931506849315,5.470387275372421e-07,-0.0286301369863014,1.6411161826117265e-07,-0.0287671232876711,5.853314384648491e-07,-0.0289041095890411,6.072129875663387e-07,-0.029041095890411,1.9146355463803476e-07,-0.0283561643835615,2.691430539483231e-06,-0.0282191780821917,1.03937358232076e-07,-0.0280821917808218,2.1881549101489683e-08,-0.0279452054794521,1.531708437104278e-07,-0.0278082191780821,5.470387275372421e-09,1,0,0,0,0
1348,34,14:17:27,9,-0.0284931506849315,1354738.0,-0.0284246575342463,-0.0284931506849315,4.81394080232773e-07,-0.0286301369863014,1.805227800872899e-07,-0.0287671232876711,5.853314384648491e-07,-0.0289041095890411,6.072129875663387e-07,-0.029041095890411,1.9146355463803476e-07,-0.0283561643835615,1.8544612863512507e-06,-0.0282191780821917,2.5710820194250377e-07,-0.0280821917808218,2.1881549101489683e-08,-0.0279452054794521,1.531708437104278e-07,-0.0278082191780821,5.470387275372421e-09,1,0,0,0,0
1349,34,14:17:30,9,-0.0284931506849315,2766143.0,-0.0284246575342463,-0.0284931506849315,5.689202766387318e-07,-0.0286301369863014,8.205580913058631e-08,-0.0287671232876711,5.853314384648491e-07,-0.0289041095890411,6.345649239432008e-07,-0.029041095890411,1.9146355463803476e-07,-0.0283561643835615,4.704533056820282e-07,-0.0282191780821917,2.5710820194250377e-07,-0.0280821917808218,2.1881549101489683e-08,-0.0279452054794521,1.531708437104278e-07,-0.0278082191780821,5.470387275372421e-09,1,0,0,0,0
1350,34,14:17:33,9,-0.0286301369863014,1304939.0,-0.0286301369863014,-0.0287671232876711,5.908018257402214e-07,-0.0289041095890411,6.345649239432008e-07,-0.029041095890411,1.750523928119175e-07,-0.0291780821917807,2.899305255947383e-07,-0.0293150684931506,5.798610511894766e-07,-0.0284931506849315,4.3763098202979367e-08,-0.0283561643835615,3.282232365223453e-07,-0.0282191780821917,4.704533056820282e-07,-0.0280821917808218,2.1881549101489683e-08,-0.0279452054794521,1.531708437104278e-07,1,0,0,0,0
1351,34,14:17:36,9,-0.0284931506849315,404189.0,-0.0286301369863014,-0.0287671232876711,5.251571784357523e-07,-0.0289041095890411,6.345649239432008e-07,-0.029041095890411,1.750523928119175e-07,-0.0291780821917807,2.899305255947383e-07,-0.0293150684931506,5.798610511894766e-07,-0.0284931506849315,1.6958200553654506e-07,-0.0283561643835615,4.540421438559109e-07,-0.0282191780821917,4.704533056820282e-07,-0.0280821917808218,2.1881549101489683e-08,-0.0279452054794521,1.531708437104278e-07,1,0,0,0,0
1352,34,14:17:39,9,-0.0287671232876711,326158.0,-0.0286986301369862,-0.0287671232876711,3.883974965514419e-07,-0.0289041095890411,6.345649239432008e-07,-0.029041095890411,1.750523928119175e-07,-0.0291780821917807,2.899305255947383e-07,-0.0293150684931506,5.798610511894766e-07,-0.0286301369863014,3.883974965514419e-07,-0.0284931506849315,3.4463439834846253e-07,-0.0283561643835615,4.540421438559109e-07,-0.0282191780821917,4.704533056820282e-07,-0.0280821917808218,2.1881549101489683e-08,1,0,0,0,0
1353,34,14:17:42,9,-0.0287671232876711,411272.0,-0.0286986301369862,-0.0287671232876711,4.212198202036764e-07,-0.0289041095890411,6.345649239432008e-07,-0.029041095890411,1.9146355463803476e-07,-0.0291780821917807,2.899305255947383e-07,-0.0293150684931506,5.798610511894766e-07,-0.0286301369863014,1.6411161826117265e-07,-0.0284931506849315,3.2275284924697285e-07,-0.0283561643835615,4.540421438559109e-07,-0.0282191780821917,4.704533056820282e-07,-0.0279452054794521,1.531708437104278e-07,1,0,0,0,0
1354,34,14:17:45,9,-0.0287671232876711,652295.0,-0.0288356164383559,-0.0289041095890411,6.345649239432008e-07,-0.029041095890411,1.9146355463803476e-07,-0.0291780821917807,2.899305255947383e-07,-0.0293150684931506,5.798610511894766e-07,-0.0294520547945206,4.649829184066558e-07,-0.0287671232876711,1.586412309858002e-07,-0.0286301369863014,8.041469294797458e-07,-0.0284931506849315,3.063416874208556e-07,-0.0283561643835615,4.485717565805385e-07,-0.0282191780821917,4.704533056820282e-07,1,0,0,0,0
1355,34,14:17:48,9,-0.0287671232876711,595510.0,-0.0288356164383559,-0.0289041095890411,3.610455601745798e-07,-0.029041095890411,1.9146355463803476e-07,-0.0291780821917807,2.899305255947383e-07,-0.0293150684931506,5.798610511894766e-07,-0.0294520547945206,4.649829184066558e-07,-0.0287671232876711,8.533804149580977e-07,-0.0286301369863014,1.3183633333647534e-06,-0.0284931506849315,4.704533056820282e-07,-0.0283561643835615,3.336936237977177e-07,-0.0276712328767122,8.205580913058631e-08,0,0,0,0,0
1356,34,14:17:51,9,-0.029041095890411,1375180.0,-0.0291095890410958,-0.0291780821917807,2.899305255947383e-07,-0.0293150684931506,5.853314384648491e-07,-0.0294520547945206,4.649829184066558e-07,-0.0295890410958903,6.564464730446905e-07,-0.0297260273972602,1.1214293914513463e-06,-0.029041095890411,6.290945366678284e-07,-0.0287671232876711,1.1214293914513463e-06,-0.0286301369863014,1.2964817842632638e-06,-0.0284931506849315,4.431013693051661e-07,-0.0283561643835615,3.336936237977177e-07,0,0,1,0,0
1357,34,14:17:54,9,-0.029041095890411,184288.0,-0.0291095890410958,-0.0291780821917807,2.899305255947383e-07,-0.0293150684931506,5.853314384648491e-07,-0.0294520547945206,4.649829184066558e-07,-0.0295890410958903,6.564464730446905e-07,-0.0297260273972602,1.1214293914513463e-06,-0.029041095890411,6.345649239432008e-07,-0.0289041095890411,3.77456722000697e-07,-0.0287671232876711,1.7614647026699197e-06,-0.0286301369863014,1.2910113969878914e-06,-0.0284931506849315,4.431013693051661e-07,0,0,1,0,0
1358,34,14:17:57,9,-0.029041095890411,538625.0,-0.0291780821917807,-0.0293150684931506,5.579795020879869e-07,-0.0294520547945206,4.649829184066558e-07,-0.0295890410958903,6.564464730446905e-07,-0.0297260273972602,1.1214293914513463e-06,-0.0298630136986302,1.2308371369587949e-06,-0.029041095890411,5.853314384648491e-07,-0.0289041095890411,4.0480865837755926e-07,-0.0287671232876711,1.8654020609019957e-06,-0.0286301369863014,1.2910113969878914e-06,-0.0284931506849315,4.0480865837755926e-07,1,0,1,0,0
1359,34,14:18:00,9,-0.0293150684931506,177176.0,-0.0292465753424656,-0.0293150684931506,5.306275657111248e-07,-0.0294520547945206,4.649829184066558e-07,-0.0295890410958903,6.564464730446905e-07,-0.0297260273972602,1.1214293914513463e-06,-0.0298630136986302,1.2308371369587949e-06,-0.0291780821917807,2.4616742739175896e-07,-0.029041095890411,1.5645307607565124e-06,-0.0289041095890411,8.150877040304907e-07,-0.0287671232876711,1.9036947718296024e-06,-0.0286301369863014,1.2910113969878914e-06,1,0,1,0,1
1360,34,14:18:03,9,-0.0293150684931506,297613.0,-0.0293835616438357,-0.0294520547945206,4.649829184066558e-07,-0.0295890410958903,6.564464730446905e-07,-0.0297260273972602,1.1214293914513463e-06,-0.0298630136986302,1.2308371369587949e-06,-0.0299999999999999,7.27561507624532e-07,-0.0293150684931506,5.525091148126145e-07,-0.0291780821917807,3.172824619716004e-07,-0.029041095890411,2.051395228264658e-06,-0.0289041095890411,5.634498893633593e-07,-0.0287671232876711,1.821638962699016e-06,1,0,1,0,1
1361,34,14:18:06,9,-0.0294520547945206,3612550.0,-0.0296575342465754,-0.0298630136986302,7.385022821752768e-07,-0.0299999999999999,7.27561507624532e-07,-0.0301369863013698,2.8664829322951485e-06,-0.0302739726027396,5.962722130155939e-07,-0.0304109589041096,3.5010478562383493e-07,-0.0294520547945206,3.5010478562383493e-07,-0.0293150684931506,7.494430567260217e-07,-0.0291780821917807,4.540421438559109e-07,-0.029041095890411,1.947457870032582e-06,-0.0289041095890411,5.634498893633593e-07,1,1,1,0,1
1362,34,14:18:09,9,-0.0298630136986302,800482.0,-0.0296575342465754,-0.0298630136986302,5.470387275372421e-07,-0.0299999999999999,7.27561507624532e-07,-0.0301369863013698,2.8938348686720105e-06,-0.0302739726027396,5.962722130155939e-07,-0.0304109589041096,3.5010478562383493e-07,-0.0294520547945206,7.056799585230423e-07,-0.0293150684931506,1.1597221023789532e-06,-0.0291780821917807,5.251571784357523e-07,-0.029041095890411,1.6465865698870986e-06,-0.0289041095890411,1.0940774550744841e-07,1,1,1,0,1
1363,34,14:18:12,9,-0.0293150684931506,2352124.0,-0.0295890410958903,-0.0298630136986302,2.7898975104399344e-07,-0.0299999999999999,7.27561507624532e-07,-0.0301369863013698,2.8883644813966384e-06,-0.0302739726027396,5.962722130155939e-07,-0.0304109589041096,3.5010478562383493e-07,-0.0293150684931506,8.041469294797458e-07,-0.0291780821917807,6.126833748417112e-07,-0.029041095890411,1.6192346335102366e-06,-0.0289041095890411,1.0940774550744841e-07,-0.0287671232876711,2.2811514938303e-06,1,1,1,0,1
1364,34,14:18:15,9,-0.0298630136986302,99182.0,-0.0296575342465754,-0.0298630136986302,2.6257858921787617e-07,-0.0299999999999999,7.27561507624532e-07,-0.0301369863013698,2.8774237068458933e-06,-0.0302739726027396,5.962722130155939e-07,-0.0304109589041096,3.5010478562383493e-07,-0.0294520547945206,5.470387275372421e-09,-0.0293150684931506,8.424396404073528e-07,-0.0291780821917807,6.728576348708078e-07,-0.029041095890411,1.6192346335102366e-06,-0.0289041095890411,1.03937358232076e-07,1,1,1,0,1
1365,34,14:18:18,9,-0.0298630136986302,453268.0,-0.0297260273972602,-0.0298630136986302,2.07874716464152e-07,-0.0299999999999999,7.27561507624532e-07,-0.0301369863013698,2.899305255947383e-06,-0.0302739726027396,6.017426002909662e-07,-0.0304109589041096,3.5010478562383493e-07,-0.0295890410958903,4.9233485478351786e-08,-0.0294520547945206,2.1334510373952441e-07,-0.0293150684931506,1.066725518697622e-06,-0.0291780821917807,5.743906639141042e-07,-0.029041095890411,1.2964817842632638e-06,1,1,1,0,1
1366,34,14:18:21,9,-0.0299999999999999,934923.0,-0.0299315068493151,-0.0299999999999999,6.455056984939457e-07,-0.0301369863013698,2.899305255947383e-06,-0.0302739726027396,6.017426002909662e-07,-0.0304109589041096,3.5010478562383493e-07,-0.0305479452054795,2.8391309959182866e-06,-0.0298630136986302,2.7351936376862106e-08,-0.0294520547945206,4.431013693051661e-07,-0.0293150684931506,6.455056984939457e-07,-0.0291780821917807,5.1968679116038e-07,-0.029041095890411,1.1159590041759738e-06,1,1,1,1,1
1367,34,14:18:24,9,-0.0297260273972602,1026825.0,-0.0299315068493151,-0.0299999999999999,2.1334510373952441e-07,-0.0301369863013698,2.899305255947383e-06,-0.0302739726027396,6.017426002909662e-07,-0.0304109589041096,3.5010478562383493e-07,-0.0305479452054795,2.8391309959182866e-06,-0.0298630136986302,6.564464730446904e-08,-0.0297260273972602,6.455056984939457e-07,-0.0295890410958903,1.1487813278282086e-07,-0.0294520547945206,6.455056984939457e-07,-0.0293150684931506,2.1881549101489682e-07,1,1,1,1,1
1368,34,14:18:27,9,-0.0298630136986302,842797.0,-0.0299315068493151,-0.0299999999999999,7.002095712476699e-07,-0.0301369863013698,2.904775643222756e-06,-0.0302739726027396,6.017426002909662e-07,-0.0304109589041096,3.5010478562383493e-07,-0.0305479452054795,2.8391309959182866e-06,-0.0298630136986302,2.7351936376862106e-08,-0.0297260273972602,2.6257858921787617e-07,-0.0294520547945206,5.415683402618696e-07,-0.0293150684931506,1.4770045643505538e-07,-0.0291780821917807,4.81394080232773e-07,1,1,1,1,1
1369,34,14:18:30,9,-0.0298630136986302,276178.0,-0.0299315068493151,-0.0299999999999999,2.3413257538593963e-06,-0.0301369863013698,2.8774237068458933e-06,-0.0302739726027396,6.017426002909662e-07,-0.0304109589041096,4.0480865837755926e-07,-0.0305479452054795,2.8391309959182866e-06,-0.0298630136986302,5.306275657111248e-07,-0.0297260273972602,6.017426002909662e-07,-0.0294520547945206,4.2669020747904883e-07,-0.0293150684931506,1.4770045643505538e-07,-0.0291780821917807,4.81394080232773e-07,1,1,1,1,1
1370,34,14:18:33,9,-0.0298630136986302,1940234.0,-0.0299315068493151,-0.0299999999999999,1.0612551314222496e-06,-0.0301369863013698,2.8774237068458933e-06,-0.0302739726027396,6.017426002909662e-07,-0.0304109589041096,4.0480865837755926e-07,-0.0305479452054795,2.8391309959182866e-06,-0.0298630136986302,3.172824619716004e-07,-0.0297260273972602,6.345649239432008e-07,-0.0294520547945206,4.2669020747904883e-07,-0.0293150684931506,1.4770045643505538e-07,-0.0291780821917807,4.81394080232773e-07,1,1,1,1,1
1371,34,14:18:36,9,-0.0299999999999999,113300.0,-0.0299315068493151,-0.0299999999999999,1.0557847441468773e-06,-0.0301369863013698,2.8774237068458933e-06,-0.0302739726027396,6.072129875663387e-07,-0.0304109589041096,4.0480865837755926e-07,-0.0305479452054795,2.8391309959182866e-06,-0.0298630136986302,5.470387275372421e-07,-0.0297260273972602,6.619168603200629e-07,-0.0294520547945206,4.212198202036764e-07,-0.0293150684931506,1.2581890733356568e-07,-0.0291780821917807,3.938678838268143e-07,1,1,1,1,1
1372,34,14:18:39,9,-0.0299999999999999,722277.0,-0.0299315068493151,-0.0299999999999999,5.853314384648491e-07,-0.0301369863013698,2.904775643222756e-06,-0.0302739726027396,6.181537621170835e-07,-0.0304109589041096,4.0480865837755926e-07,-0.0305479452054795,2.8391309959182866e-06,-0.0298630136986302,6.126833748417112e-07,-0.0297260273972602,6.619168603200629e-07,-0.0294520547945206,4.102790456529316e-07,-0.0293150684931506,1.2581890733356568e-07,-0.0291780821917807,3.938678838268143e-07,1,1,1,0,1
1373,34,14:18:42,9,-0.0299999999999999,743511.0,-0.0299315068493151,-0.0299999999999999,2.0240432918877963e-07,-0.0301369863013698,2.964949903251852e-06,-0.0302739726027396,6.181537621170835e-07,-0.0304109589041096,4.0480865837755926e-07,-0.0305479452054795,2.8391309959182866e-06,-0.0298630136986302,5.962722130155939e-07,-0.0297260273972602,8.588508022334701e-07,-0.0294520547945206,3.282232365223453e-07,-0.0293150684931506,1.2581890733356568e-07,-0.0291780821917807,3.883974965514419e-07,1,1,1,0,1
1374,34,14:18:45,9,-0.0299999999999999,672720.0,-0.0299999999999999,-0.0301369863013698,2.8938348686720105e-06,-0.0302739726027396,6.181537621170835e-07,-0.0304109589041096,4.0480865837755926e-07,-0.0305479452054795,2.8446013831936587e-06,-0.0306849315068492,7.220911203491596e-07,-0.0298630136986302,3.7636264454562255e-06,-0.0297260273972602,8.588508022334701e-07,-0.0294520547945206,3.282232365223453e-07,-0.0293150684931506,1.3128929460893809e-07,-0.0291780821917807,2.1881549101489682e-07,1,1,1,1,1
1375,34,14:18:48,9,-0.0301369863013698,63017.0,-0.0300684931506848,-0.0301369863013698,2.8779707455734306e-06,-0.0302739726027396,6.181537621170835e-07,-0.0304109589041096,4.0480865837755926e-07,-0.0305479452054795,2.8446013831936587e-06,-0.0306849315068492,7.220911203491596e-07,-0.0299999999999999,7.986765422043734e-07,-0.0298630136986302,3.812859930934577e-06,-0.0297260273972602,9.573177731901736e-07,-0.0294520547945206,3.282232365223453e-07,-0.0293150684931506,1.3128929460893809e-07,1,1,1,1,1
1376,34,14:18:51,9,-0.0301369863013698,2888642.0,-0.0300684931506848,-0.0301369863013698,6.35111962670738e-07,-0.0302739726027396,6.181537621170835e-07,-0.0304109589041096,4.0480865837755926e-07,-0.0305479452054795,2.8446013831936587e-06,-0.0306849315068492,7.220911203491596e-07,-0.0299999999999999,1.0831366805237392e-06,-0.0298630136986302,3.9113269018912805e-06,-0.0297260273972602,9.573177731901736e-07,-0.0294520547945206,1.750523928119175e-07,-0.0293150684931506,1.3128929460893809e-07,1,1,1,1,1
1377,34,14:18:54,9,-0.0299999999999999,120369.0,-0.0300684931506848,-0.0301369863013698,5.913488644677587e-07,-0.0302739726027396,6.181537621170835e-07,-0.0304109589041096,4.0480865837755926e-07,-0.0305479452054795,2.8446013831936587e-06,-0.0306849315068492,7.220911203491596e-07,-0.0299999999999999,1.247248298784912e-06,-0.0298630136986302,3.944149225543515e-06,-0.0297260273972602,9.573177731901736e-07,-0.0294520547945206,1.750523928119175e-07,-0.0293150684931506,1.3128929460893809e-07,1,1,1,1,1
1378,34,14:18:57,9,-0.0302739726027396,1211424.0,-0.0301369863013697,-0.0302739726027396,5.853314384648491e-07,-0.0304109589041096,4.0480865837755926e-07,-0.0305479452054795,2.8446013831936587e-06,-0.0306849315068492,7.220911203491596e-07,-0.0308219178082191,9.026139004364496e-07,-0.0299999999999999,1.082589641796202e-06,-0.0298630136986302,3.741744896354736e-06,-0.0297260273972602,3.5557517289920734e-07,-0.0294520547945206,1.805227800872899e-07,-0.0293150684931506,1.3128929460893809e-07,1,1,1,1,1
1379,34,14:19:00,9,-0.0301369863013698,233640.0,-0.0302054794520547,-0.0302739726027396,5.908018257402214e-07,-0.0304109589041096,4.0480865837755926e-07,-0.0305479452054795,2.8446013831936587e-06,-0.0306849315068492,7.220911203491596e-07,-0.0308219178082191,9.026139004364496e-07,-0.0301369863013698,8.643211895088425e-07,-0.0299999999999999,1.2084085491297675e-06,-0.0298630136986302,3.7253337345286183e-06,-0.0297260273972602,2.0240432918877963e-07,-0.0294520547945206,1.805227800872899e-07,1,1,1,1,1
1380,34,14:19:03,9,-0.0301369863013698,389363.0,-0.0302054794520547,-0.0302739726027396,3.883974965514419e-07,-0.0304109589041096,5.689202766387318e-07,-0.0305479452054795,2.8446013831936587e-06,-0.0306849315068492,7.220911203491596e-07,-0.0308219178082191,9.026139004364496e-07,-0.0301369863013698,1.1918879795581431e-06,-0.0299999999999999,1.109941578173064e-06,-0.0298630136986302,3.7253337345286183e-06,-0.0297260273972602,1.9693394191340717e-07,-0.0294520547945206,1.805227800872899e-07,1,1,1,1,1
1381,34,14:19:06,9,-0.0301369863013698,49560.0,-0.0302054794520547,-0.0302739726027396,3.883974965514419e-07,-0.0304109589041096,5.743906639141042e-07,-0.0305479452054795,2.8446013831936587e-06,-0.0306849315068492,7.220911203491596e-07,-0.0308219178082191,9.026139004364496e-07,-0.0301369863013698,1.4161738578484124e-06,-0.0299999999999999,1.05523770541934e-06,-0.0298630136986302,3.473695919861487e-06,-0.0297260273972602,1.9693394191340717e-07,-0.0294520547945206,1.641116182611726e-08,1,1,1,1,1
1382,34,14:19:09,9,-0.0301369863013698,736308.0,-0.0302054794520547,-0.0302739726027396,3.719863347253246e-07,-0.0304109589041096,5.743906639141042e-07,-0.0305479452054795,2.8500717704690317e-06,-0.0306849315068492,7.220911203491596e-07,-0.0308219178082191,9.026139004364496e-07,-0.0301369863013698,9.45720552166384e-07,-0.0299999999999999,9.458299599118916e-07,-0.0298630136986302,3.4518143707599977e-06,-0.0297260273972602,1.9693394191340717e-07,-0.0294520547945206,1.641116182611726e-08,1,1,1,1,1
1383,34,14:19:12,9,-0.0302739726027396,3071682.0,-0.0303424657534246,-0.0304109589041096,2.7351936376862104e-07,-0.0305479452054795,1.482474951625926e-06,-0.0306849315068492,7.220911203491596e-07,-0.0308219178082191,9.026139004364496e-07,-0.0309589041095891,7.713246058275113e-07,-0.0302739726027396,2.5710820194250377e-07,-0.0301369863013698,1.0441875231230877e-06,-0.0299999999999999,9.841226708394985e-07,-0.0298630136986302,3.4518143707599977e-06,-0.0297260273972602,1.9693394191340717e-07,1,1,1,1,1
1384,34,14:19:15,9,-0.0302739726027396,1217620.0,-0.0303424657534246,-0.0304109589041096,7.65854218552139e-08,-0.0305479452054795,1.4770045643505535e-06,-0.0306849315068492,7.330318948999044e-07,-0.0308219178082191,9.026139004364496e-07,-0.0309589041095891,7.713246058275113e-07,-0.0302739726027396,1.586412309858002e-07,-0.0301369863013698,9.621317139925011e-07,-0.0299999999999999,9.841226708394985e-07,-0.0298630136986302,3.4518143707599977e-06,-0.0297260273972602,3.8292710927606954e-08,1,1,1,1,1
1385,34,14:19:18,9,-0.0304109589041096,3347406.0,-0.0304794520547944,-0.0305479452054795,3.8292710927606954e-08,-0.0308219178082191,8.752619640595873e-07,-0.0309589041095891,7.713246058275113e-07,-0.0310958904109588,6.455056984939457e-07,-0.0312328767123287,4.212198202036764e-07,-0.0304109589041096,2.7351936376862106e-08,-0.0302739726027396,3.282232365223452e-08,-0.0301369863013698,9.84013263093991e-07,-0.0299999999999999,9.78652283564126e-07,-0.0298630136986302,3.4354032089338805e-06,1,1,1,1,1
1386,34,14:19:21,9,-0.0301369863013698,530904.0,-0.0302739726027397,-0.0304109589041096,1.3675968188431052e-07,-0.0305479452054795,2.1881549101489683e-08,-0.0308219178082191,8.752619640595873e-07,-0.0309589041095891,7.713246058275113e-07,-0.0310958904109588,6.455056984939457e-07,-0.0301369863013698,1.4763481178775089e-06,-0.0299999999999999,9.78652283564126e-07,-0.0298630136986302,3.402580885281646e-06,-0.0297260273972602,3.8292710927606954e-08,-0.0294520547945206,1.641116182611726e-08,1,1,1,1,1
1387,34,14:19:24,9,-0.0302739726027396,361035.0,-0.0302054794520547,-0.0302739726027396,3.11812074696228e-07,-0.0304109589041096,1.750523928119175e-07,-0.0305479452054795,3.5557517289920734e-07,-0.0308219178082191,8.752619640595873e-07,-0.0309589041095891,7.65854218552139e-07,-0.0301369863013698,1.4216442451237847e-06,-0.0299999999999999,9.51300347187264e-07,-0.0298630136986302,3.402580885281646e-06,-0.0297260273972602,3.8292710927606954e-08,-0.0294520547945206,1.641116182611726e-08,1,1,1,1,1
1388,34,14:19:27,9,-0.0302739726027396,863726.0,-0.0302054794520547,-0.0302739726027396,1.586412309858002e-07,-0.0304109589041096,2.0240432918877963e-07,-0.0305479452054795,3.77456722000697e-07,-0.0308219178082191,8.752619640595873e-07,-0.0309589041095891,7.65854218552139e-07,-0.0301369863013698,1.0441875231230877e-06,-0.0299999999999999,9.51300347187264e-07,-0.0298630136986302,3.402580885281646e-06,-0.0297260273972602,3.8292710927606954e-08,-0.0294520547945206,1.641116182611726e-08,1,1,1,1,1
1389,34,14:19:30,9,-0.0302739726027396,1458189.0,-0.0304109589041096,-0.0305479452054795,2.1334510373952441e-07,-0.0306849315068492,5.470387275372421e-07,-0.0308219178082191,8.752619640595873e-07,-0.0309589041095891,7.65854218552139e-07,-0.0310958904109588,6.455056984939457e-07,-0.0302739726027396,1.2581890733356568e-07,-0.0301369863013698,9.019574539634048e-07,-0.0299999999999999,9.51300347187264e-07,-0.0298630136986302,3.402580885281646e-06,-0.0297260273972602,3.8292710927606954e-08,1,1,1,1,1
1390,34,14:19:33,9,-0.0304109589041096,467223.0,-0.0303424657534246,-0.0304109589041096,5.470387275372421e-09,-0.0305479452054795,2.680489764932487e-07,-0.0306849315068492,5.470387275372421e-07,-0.0308219178082191,8.752619640595873e-07,-0.0309589041095891,7.603838312767665e-07,-0.0302739726027396,1.1487813278282086e-07,-0.0301369863013698,7.433162229776046e-07,-0.0299999999999999,9.622411217380089e-07,-0.0298630136986302,3.402580885281646e-06,-0.0297260273972602,3.8292710927606954e-08,1,1,1,1,2
1391,34,14:19:36,9,-0.0302739726027396,127419.0,-0.0303424657534246,-0.0304109589041096,5.470387275372421e-09,-0.0305479452054795,2.899305255947383e-07,-0.0306849315068492,6.126833748417112e-07,-0.0308219178082191,8.807323513349597e-07,-0.0309589041095891,7.603838312767665e-07,-0.0302739726027396,1.4770045643505538e-07,-0.0301369863013698,7.597273848037219e-07,-0.0299999999999999,9.622411217380089e-07,-0.0298630136986302,3.402580885281646e-06,-0.0297260273972602,3.8292710927606954e-08,1,0,1,1,2
1392,34,14:19:39,9,-0.0302739726027396,997961.0,-0.0303424657534246,-0.0304109589041096,5.470387275372421e-09,-0.0306849315068492,5.1968679116038e-07,-0.0308219178082191,8.97143513161077e-07,-0.0309589041095891,7.603838312767665e-07,-0.0310958904109588,6.455056984939457e-07,-0.0302739726027396,6.017426002909662e-08,-0.0301369863013698,8.417831939343081e-07,-0.0299999999999999,9.622411217380089e-07,-0.0298630136986302,3.402580885281646e-06,-0.0297260273972602,3.8292710927606954e-08,1,1,1,1,2
1393,34,14:19:42,9,-0.0305479452054795,134464.0,-0.0306164383561643,-0.0306849315068492,5.1968679116038e-07,-0.0308219178082191,9.518473859148012e-07,-0.0309589041095891,7.603838312767665e-07,-0.0310958904109588,6.455056984939457e-07,-0.0312328767123287,4.212198202036764e-07,-0.0305479452054795,9.299658368133117e-08,-0.0304109589041096,7.986765422043734e-07,-0.0302739726027396,9.299658368133117e-08,-0.0301369863013698,9.18368615789522e-07,-0.0299999999999999,9.622411217380089e-07,1,1,1,1,2
1394,34,14:19:45,9,-0.0305479452054795,268919.0,-0.0306164383561643,-0.0306849315068492,4.868644675081455e-07,-0.0308219178082191,1.0448439695961323e-06,-0.0309589041095891,7.603838312767665e-07,-0.0310958904109588,6.455056984939457e-07,-0.0312328767123287,4.212198202036764e-07,-0.0305479452054795,3.8292710927606954e-08,-0.0304109589041096,1.7724054772206644e-06,-0.0302739726027396,1.531708437104278e-07,-0.0301369863013698,1.4654073433267642e-06,-0.0299999999999999,9.348891853611468e-07,1,1,1,1,2
1395,34,14:19:48,9,-0.0305479452054795,813929.0,-0.0306164383561643,-0.0306849315068492,4.3216059475442123e-07,-0.0308219178082191,1.0448439695961323e-06,-0.0309589041095891,7.603838312767665e-07,-0.0310958904109588,6.455056984939457e-07,-0.0312328767123287,4.212198202036764e-07,-0.0305479452054795,1.2198963624080498e-06,-0.0304109589041096,1.3566560442923605e-06,-0.0302739726027396,1.859931673626623e-07,-0.0301369863013698,1.4654073433267642e-06,-0.0299999999999999,4.431013693051661e-07,1,1,1,1,2
1396,34,14:19:51,9,-0.0305479452054795,120297.0,-0.0306164383561643,-0.0306849315068492,4.868644675081455e-07,-0.0308219178082191,1.0557847441468773e-06,-0.0309589041095891,7.603838312767665e-07,-0.0310958904109588,6.455056984939457e-07,-0.0312328767123287,4.212198202036764e-07,-0.0305479452054795,1.2253667496834223e-06,-0.0304109589041096,1.4660637897998088e-06,-0.0302739726027396,1.859931673626623e-07,-0.0301369863013698,1.4654073433267642e-06,-0.0299999999999999,4.431013693051661e-07,1,1,1,1,2
1397,34,14:19:54,9,-0.0306849315068492,495346.0,-0.0306164383561643,-0.0306849315068492,3.993382711021867e-07,-0.0308219178082191,1.1706628769296982e-06,-0.0309589041095891,7.603838312767665e-07,-0.0310958904109588,6.455056984939457e-07,-0.0312328767123287,4.212198202036764e-07,-0.0305479452054795,1.0831366805237392e-06,-0.0304109589041096,1.701290442640823e-06,-0.0302739726027396,1.859931673626623e-07,-0.0301369863013698,1.4708777306021363e-06,-0.0299999999999999,4.431013693051661e-07,1,1,1,1,2
1398,34,14:19:57,9,-0.0305479452054795,1089845.0,-0.0306164383561643,-0.0306849315068492,3.391640110730901e-07,-0.0308219178082191,1.1706628769296982e-06,-0.0309589041095891,7.603838312767665e-07,-0.0310958904109588,6.455056984939457e-07,-0.0312328767123287,4.3216059475442123e-07,-0.0305479452054795,3.11812074696228e-07,-0.0304109589041096,1.7614647026699197e-06,-0.0302739726027396,2.1334510373952441e-07,-0.0301369863013698,1.4708777306021363e-06,-0.0299999999999999,4.431013693051661e-07,1,1,1,1,2
1399,34,14:20:00,9,-0.0306849315068492,205220.0,-0.0306164383561643,-0.0306849315068492,2.297562655656417e-07,-0.0308219178082191,1.1816036514804429e-06,-0.0309589041095891,7.603838312767665e-07,-0.0310958904109588,6.455056984939457e-07,-0.0312328767123287,4.3216059475442123e-07,-0.0305479452054795,4.759236929574006e-07,-0.0304109589041096,1.7778758644960367e-06,-0.0302739726027396,2.1334510373952441e-07,-0.0301369863013698,1.4708777306021363e-06,-0.0299999999999999,4.102790456529316e-07,1,1,1,1,2
1400,34,14:20:03,9,-0.0306849315068492,283053.0,-0.0306164383561643,-0.0306849315068492,8.205580913058631e-08,-0.0308219178082191,1.4496526279736915e-06,-0.0309589041095891,7.603838312767665e-07,-0.0310958904109588,6.455056984939457e-07,-0.0312328767123287,4.3216059475442123e-07,-0.0305479452054795,4.15749432928304e-07,-0.0304109589041096,1.7778758644960367e-06,-0.0302739726027396,2.1334510373952441e-07,-0.0301369863013698,1.4708777306021363e-06,-0.0299999999999999,2.4616742739175896e-07,1,1,1,1,2
1401,34,14:20:06,9,-0.0306849315068492,4400553.0,-0.0308904109589041,-0.0310958904109588,1.4770045643505538e-07,-0.0312328767123287,4.3763098202979364e-07,-0.0313698630136987,6.072129875663387e-07,-0.0315068493150684,3.085298423310045e-06,-0.0316438356164383,7.111503457984149e-08,-0.0306849315068492,1.9146355463803476e-07,-0.0304109589041096,1.7724054772206644e-06,-0.0302739726027396,2.1334510373952441e-07,-0.0301369863013698,1.4708777306021363e-06,-0.0299999999999999,2.4616742739175896e-07,1,1,1,1,2
1402,34,14:20:09,9,-0.0305479452054795,650957.0,-0.0307534246575342,-0.0308219178082191,1.641116182611726e-08,-0.0310958904109588,4.9233485478351786e-08,-0.0312328767123287,4.3763098202979364e-07,-0.0313698630136987,6.072129875663387e-07,-0.0315068493150684,3.085298423310045e-06,-0.0306849315068492,1.9583986445833265e-06,-0.0305479452054795,1.0940774550744842e-08,-0.0304109589041096,1.6848792808147057e-06,-0.0302739726027396,2.1334510373952441e-07,-0.0301369863013698,1.3888219214715502e-06,1,1,1,1,2
1403,34,14:20:12,9,-0.0306849315068492,1153388.0,-0.0307534246575342,-0.0308219178082191,1.3128929460893809e-07,-0.0309589041095891,5.525091148126145e-07,-0.0310958904109588,1.641116182611726e-08,-0.0312328767123287,4.3763098202979364e-07,-0.0313698630136987,6.072129875663387e-07,-0.0306849315068492,1.1925444260311878e-06,-0.0305479452054795,6.564464730446904e-08,-0.0304109589041096,1.73958315356843e-06,-0.0302739726027396,2.1334510373952441e-07,-0.0301369863013698,1.3778811469208053e-06,1,1,1,1,2
1404,34,14:20:15,9,-0.0306849315068492,219329.0,-0.0308219178082191,-0.0309589041095891,5.525091148126145e-07,-0.0310958904109588,1.641116182611726e-08,-0.0312328767123287,4.3763098202979364e-07,-0.0313698630136987,6.673872475954353e-07,-0.0315068493150684,3.11812074696228e-06,-0.0306849315068492,1.3238337206401255e-06,-0.0305479452054795,3.172824619716004e-07,-0.0304109589041096,1.832579737249761e-06,-0.0302739726027396,1.6958200553654506e-07,-0.0301369863013698,1.3833515341961778e-06,1,1,1,1,2
1405,34,14:20:18,9,-0.0309589041095891,983530.0,-0.0308904109589041,-0.0309589041095891,4.649829184066558e-07,-0.0310958904109588,1.641116182611726e-08,-0.0312328767123287,4.3763098202979364e-07,-0.0313698630136987,6.673872475954353e-07,-0.0315068493150684,3.11812074696228e-06,-0.0308219178082191,1.0940774550744842e-08,-0.0306849315068492,6.783280221461801e-07,-0.0305479452054795,8.260284785812356e-07,-0.0304109589041096,1.9529282573079544e-06,-0.0302739726027396,1.6958200553654506e-07,1,1,1,1,2
1406,34,14:20:21,9,-0.0309589041095891,1082547.0,-0.0308219178082191,-0.0309589041095891,2.7898975104399344e-07,-0.0310958904109588,1.641116182611726e-08,-0.0312328767123287,4.3763098202979364e-07,-0.0313698630136987,6.673872475954353e-07,-0.0315068493150684,3.129061521513025e-06,-0.0306849315068492,1.3128929460893809e-07,-0.0305479452054795,8.260284785812356e-07,-0.0304109589041096,1.9036947718296024e-06,-0.0302739726027396,1.6958200553654506e-07,-0.0301369863013698,1.3833515341961778e-06,1,1,1,1,2
1407,34,14:20:24,9,-0.0308219178082191,997755.0,-0.0307534246575342,-0.0308219178082191,2.0240432918877963e-07,-0.0309589041095891,3.610455601745798e-07,-0.0310958904109588,1.641116182611726e-08,-0.0312328767123287,4.3763098202979364e-07,-0.0313698630136987,6.783280221461801e-07,-0.0306849315068492,4.9233485478351786e-08,-0.0305479452054795,5.142164038850075e-07,-0.0304109589041096,1.9036947718296024e-06,-0.0302739726027396,1.750523928119175e-07,-0.0301369863013698,1.372410759645433e-06,1,1,1,1,2
1408,34,14:20:27,9,-0.0308219178082191,672251.0,-0.0307534246575342,-0.0308219178082191,1.3675968188431052e-07,-0.0309589041095891,3.5010478562383493e-07,-0.0310958904109588,1.641116182611726e-08,-0.0312328767123287,4.3763098202979364e-07,-0.0313698630136987,6.837984094215526e-07,-0.0306849315068492,7.65854218552139e-08,-0.0305479452054795,2.5710820194250377e-07,-0.0304109589041096,1.821638962699016e-06,-0.0302739726027396,1.750523928119175e-07,-0.0301369863013698,1.2739437886887293e-06,1,2,1,2,2
1409,34,14:20:30,9,-0.0308219178082191,466988.0,-0.0306849315068494,-0.0308219178082191,3.4463439834846253e-07,-0.0309589041095891,3.2275284924697285e-07,-0.0310958904109588,1.641116182611726e-08,-0.0312328767123287,4.3763098202979364e-07,-0.0313698630136987,6.837984094215526e-07,-0.0305479452054795,1.03937358232076e-07,-0.0304109589041096,1.7231719917423126e-06,-0.0302739726027396,1.2034852005819325e-07,-0.0301369863013698,1.2739437886887293e-06,-0.0299999999999999,2.680489764932487e-07,1,1,1,2,2
1410,34,14:20:33,9,-0.0306849315068492,389126.0,-0.0306164383561643,-0.0306849315068492,1.641116182611726e-08,-0.0308219178082191,6.017426002909662e-08,-0.0309589041095891,3.172824619716004e-07,-0.0310958904109588,1.641116182611726e-08,-0.0312328767123287,4.3763098202979364e-07,-0.0305479452054795,2.352266528410141e-07,-0.0304109589041096,1.7559943153945471e-06,-0.0302739726027396,2.352266528410141e-07,-0.0301369863013698,1.2739437886887293e-06,-0.0299999999999999,2.680489764932487e-07,1,1,1,2,2
1411,34,14:20:36,9,-0.0308219178082191,657954.0,-0.0308904109589041,-0.0309589041095891,7.111503457984149e-08,-0.0310958904109588,7.111503457984149e-08,-0.0312328767123287,1.531708437104278e-06,-0.0313698630136987,6.947391839722974e-07,-0.0315068493150684,3.495577468962977e-06,-0.0308219178082191,4.9233485478351786e-08,-0.0305479452054795,2.297562655656417e-07,-0.0304109589041096,1.7559943153945471e-06,-0.0302739726027396,2.352266528410141e-07,-0.0301369863013698,1.2739437886887293e-06,1,2,1,2,2
1412,34,14:20:39,9,-0.0309589041095891,891650.0,-0.0310273972602739,-0.0310958904109588,7.111503457984149e-08,-0.0312328767123287,1.531708437104278e-06,-0.0313698630136987,6.947391839722974e-07,-0.0315068493150684,3.5065182435137217e-06,-0.0316438356164383,7.111503457984149e-08,-0.0309589041095891,4.102790456529316e-07,-0.0308219178082191,7.65854218552139e-08,-0.0306849315068492,1.1487813278282086e-07,-0.0304109589041096,1.520767662553533e-06,-0.0302739726027396,1.2034852005819325e-07,1,2,1,2,2
1413,34,14:20:42,9,-0.0309589041095891,452723.0,-0.0310273972602739,-0.0310958904109588,5.470387275372421e-09,-0.0312328767123287,1.6848792808147057e-06,-0.0313698630136987,6.947391839722974e-07,-0.0315068493150684,3.5119886307890942e-06,-0.0316438356164383,7.111503457984149e-08,-0.0309589041095891,2.680489764932487e-07,-0.0308219178082191,6.455056984939457e-07,-0.0306849315068492,1.2034852005819325e-07,-0.0305479452054795,5.470387275372421e-08,-0.0304109589041096,1.1268997787267187e-06,2,2,1,2,2
1414,34,14:20:45,9,-0.0308219178082191,1344159.0,-0.0307534246575342,-0.0308219178082191,2.0240432918877963e-07,-0.0310958904109588,4.212198202036764e-07,-0.0312328767123287,1.662997731713216e-06,-0.0313698630136987,6.947391839722974e-07,-0.0315068493150684,3.5174590180644664e-06,-0.0306849315068492,1.2034852005819325e-07,-0.0305479452054795,5.470387275372421e-08,-0.0304109589041096,1.1214293914513463e-06,-0.0302739726027396,1.2034852005819325e-07,-0.0301369863013698,1.2903549505148466e-06,2,2,1,2,2
1415,34,14:20:48,9,-0.0310958904109588,1167318.0,-0.0310273972602739,-0.0310958904109588,2.844601383193659e-07,-0.0312328767123287,1.662997731713216e-06,-0.0313698630136987,6.947391839722974e-07,-0.0315068493150684,3.5283997926152115e-06,-0.0316438356164383,7.111503457984149e-08,-0.0309589041095891,2.1881549101489683e-08,-0.0308219178082191,1.1378405532774636e-06,-0.0305479452054795,6.564464730446904e-08,-0.0304109589041096,1.1214293914513463e-06,-0.0302739726027396,1.2034852005819325e-07,2,2,1,2,2
1416,34,14:20:51,9,-0.0309589041095891,169765.0,-0.0308904109589041,-0.0309589041095891,8.205580913058631e-08,-0.0310958904109588,2.297562655656417e-07,-0.0312328767123287,1.662997731713216e-06,-0.0313698630136987,7.002095712476699e-07,-0.0315068493150684,3.539340567165956e-06,-0.0308219178082191,1.405889529770712e-06,-0.0305479452054795,7.111503457984149e-08,-0.0304109589041096,1.105018229625229e-06,-0.0302739726027396,1.2034852005819325e-07,-0.0301369863013698,1.2794141759641018e-06,2,2,1,2,2
1417,34,14:20:54,9,-0.0301369863013698,4083252.0,-0.0305479452054795,-0.0309589041095891,6.564464730446904e-08,-0.0310958904109588,2.352266528410141e-07,-0.0312328767123287,1.6684681189885884e-06,-0.0313698630136987,7.002095712476699e-07,-0.0315068493150684,3.566692503542818e-06,-0.0301369863013698,9.56661326717129e-07,-0.0299999999999999,2.954009128701107e-07,-0.0298630136986302,3.4518143707599977e-06,-0.0297260273972602,3.282232365223452e-08,-0.0294520547945206,7.111503457984149e-08,1,1,1,2,2
1418,34,14:20:57,9,-0.0302739726027396,261744.0,-0.0302054794520547,-0.0302739726027396,2.297562655656417e-07,-0.0306849315068492,7.111503457984149e-08,-0.0309589041095891,5.743906639141042e-07,-0.0310958904109588,1.2581890733356568e-07,-0.0312328767123287,1.6684681189885884e-06,-0.0301369863013698,1.0441875231230877e-06,-0.0299999999999999,3.993382711021867e-07,-0.0298630136986302,3.4518143707599977e-06,-0.0297260273972602,3.282232365223452e-08,-0.0294520547945206,7.111503457984149e-08,1,1,1,2,2
1419,34,14:21:00,9,-0.0302739726027396,191134.0,-0.0302054794520547,-0.0302739726027396,1.03937358232076e-07,-0.0304109589041096,1.3675968188431052e-07,-0.0306849315068492,9.846697095670357e-08,-0.0308219178082191,5.470387275372421e-08,-0.0309589041095891,7.385022821752768e-07,-0.0301369863013698,1.0934210086014395e-06,-0.0299999999999999,3.993382711021867e-07,-0.0298630136986302,3.4518143707599977e-06,-0.0297260273972602,3.282232365223452e-08,-0.0294520547945206,7.111503457984149e-08,1,1,1,2,2
1420,34,14:21:03,9,-0.0304109589041096,247749.0,-0.0302739726027397,-0.0304109589041096,6.564464730446904e-08,-0.0306849315068492,1.2034852005819325e-07,-0.0308219178082191,6.564464730446904e-08,-0.0309589041095891,7.54913444001394e-07,-0.0310958904109588,1.3128929460893809e-07,-0.0301369863013698,1.1371841068044188e-06,-0.0299999999999999,4.2669020747904883e-07,-0.0298630136986302,3.4518143707599977e-06,-0.0297260273972602,3.282232365223452e-08,-0.0294520547945206,7.111503457984149e-08,1,1,1,2,2
1421,34,14:21:06,9,-0.0302739726027396,63703.0,-0.0302739726027397,-0.0304109589041096,2.1881549101489683e-08,-0.0305479452054795,5.470387275372421e-09,-0.0306849315068492,1.2034852005819325e-07,-0.0308219178082191,6.564464730446904e-08,-0.0309589041095891,7.54913444001394e-07,-0.0301369863013698,1.1371841068044188e-06,-0.0299999999999999,4.2669020747904883e-07,-0.0298630136986302,3.4518143707599977e-06,-0.0297260273972602,3.282232365223452e-08,-0.0294520547945206,7.111503457984149e-08,1,1,1,2,2
1422,34,14:21:09,9,-0.0304109589041096,332752.0,-0.0303424657534246,-0.0304109589041096,1.641116182611726e-08,-0.0305479452054795,5.470387275372421e-09,-0.0306849315068492,4.9233485478351786e-08,-0.0308219178082191,6.564464730446904e-08,-0.0309589041095891,7.54913444001394e-07,-0.0302739726027396,1.641116182611726e-08,-0.0301369863013698,9.128982285141496e-07,-0.0299999999999999,4.2669020747904883e-07,-0.0298630136986302,3.4518143707599977e-06,-0.0297260273972602,3.282232365223452e-08,1,1,1,2,2
1423,34,14:21:12,9,-0.0301369863013698,467227.0,-0.0304109589041096,-0.0305479452054795,5.470387275372421e-09,-0.0306849315068492,1.03937358232076e-07,-0.0308219178082191,6.564464730446904e-08,-0.0309589041095891,7.54913444001394e-07,-0.0310958904109588,4.0480865837755926e-07,-0.0302739726027396,1.0940774550744841e-07,-0.0301369863013698,6.940827374992528e-07,-0.0299999999999999,4.2669020747904883e-07,-0.0298630136986302,3.4518143707599977e-06,-0.0297260273972602,3.282232365223452e-08,1,1,1,2,2
1424,34,14:21:15,9,-0.0302739726027396,261897.0,-0.0302054794520547,-0.0302739726027396,2.7351936376862106e-08,-0.0304109589041096,2.7351936376862104e-07,-0.0305479452054795,5.470387275372421e-09,-0.0306849315068492,1.1487813278282086e-07,-0.0308219178082191,7.65854218552139e-08,-0.0301369863013698,6.776715756731355e-07,-0.0299999999999999,4.15749432928304e-07,-0.0298630136986302,3.473695919861487e-06,-0.0297260273972602,3.282232365223452e-08,-0.0294520547945206,1.805227800872899e-07,1,0,1,2,2
1425,34,14:21:18,9,-0.0302739726027396,92022.0,-0.0302054794520547,-0.0302739726027396,7.111503457984149e-08,-0.0304109589041096,3.282232365223453e-07,-0.0305479452054795,5.470387275372421e-09,-0.0306849315068492,1.03937358232076e-07,-0.0308219178082191,7.65854218552139e-08,-0.0301369863013698,6.667308011223907e-07,-0.0299999999999999,5.689202766387318e-07,-0.0298630136986302,3.473695919861487e-06,-0.0297260273972602,3.282232365223452e-08,-0.0294520547945206,1.805227800872899e-07,0,0,1,2,2
1426,34,14:21:21,9,-0.0301369863013698,417649.0,-0.0302054794520547,-0.0302739726027396,1.4770045643505538e-07,-0.0304109589041096,2.352266528410141e-07,-0.0305479452054795,5.470387275372421e-08,-0.0306849315068492,1.03937358232076e-07,-0.0308219178082191,7.65854218552139e-08,-0.0301369863013698,8.199016448328185e-07,-0.0299999999999999,6.673872475954353e-07,-0.0298630136986302,3.473695919861487e-06,-0.0297260273972602,3.282232365223452e-08,-0.0294520547945206,2.352266528410141e-07,0,1,1,2,2
1427,34,14:21:24,9,-0.0301369863013698,120344.0,-0.0302054794520547,-0.0302739726027396,1.6411161826117265e-07,-0.0304109589041096,2.352266528410141e-07,-0.0305479452054795,5.470387275372421e-08,-0.0306849315068492,1.03937358232076e-07,-0.0308219178082191,1.859931673626623e-07,-0.0301369863013698,8.472535812096806e-07,-0.0299999999999999,7.65854218552139e-07,-0.0298630136986302,3.473695919861487e-06,-0.0297260273972602,2.7351936376862106e-08,-0.0294520547945206,2.352266528410141e-07,0,1,1,2,2
1428,34,14:21:27,9,-0.0301369863013698,460171.0,-0.0302054794520547,-0.0302739726027396,3.063416874208556e-07,-0.0304109589041096,2.406970401163865e-07,-0.0305479452054795,9.846697095670357e-08,-0.0306849315068492,1.0940774550744841e-07,-0.0308219178082191,1.9693394191340717e-07,-0.0301369863013698,6.667308011223907e-07,-0.0299999999999999,8.807323513349597e-07,-0.0298630136986302,3.47916630713686e-06,-0.0294520547945206,2.5163781466713136e-07,-0.0293150684931506,1.3128929460893809e-07,0,1,1,2,2
1429,34,14:21:30,9,-0.0302739726027396,205304.0,-0.0302054794520547,-0.0302739726027396,2.352266528410141e-07,-0.0304109589041096,2.1334510373952441e-07,-0.0305479452054795,9.846697095670357e-08,-0.0306849315068492,1.0940774550744841e-07,-0.0308219178082191,2.07874716464152e-07,-0.0301369863013698,7.487866102529769e-07,-0.0299999999999999,9.901400968424082e-07,-0.0298630136986302,3.47916630713686e-06,-0.0294520547945206,2.5163781466713136e-07,-0.0293150684931506,1.3128929460893809e-07,0,1,1,2,2
1430,34,14:21:33,9,-0.0306849315068492,1033406.0,-0.0307534246575342,-0.0308219178082191,2.07874716464152e-07,-0.0309589041095891,9.518473859148012e-07,-0.0310958904109588,5.470387275372421e-07,-0.0312328767123287,2.029513679163168e-06,-0.0313698630136987,7.111503457984147e-07,-0.0306849315068492,7.65854218552139e-08,-0.0302739726027396,5.470387275372421e-09,-0.0301369863013698,6.612604138470182e-07,-0.0299999999999999,9.901400968424082e-07,-0.0298630136986302,3.47916630713686e-06,1,1,2,2,2
1431,34,14:21:36,9,-0.0306849315068492,580130.0,-0.0307534246575342,-0.0308219178082191,1.0940774550744842e-08,-0.0309589041095891,7.767949931028838e-07,-0.0310958904109588,5.470387275372421e-07,-0.0312328767123287,2.029513679163168e-06,-0.0313698630136987,7.111503457984147e-07,-0.0306849315068492,6.564464730446904e-08,-0.0305479452054795,7.385022821752768e-07,-0.0302739726027396,3.282232365223452e-08,-0.0301369863013698,6.065565410932941e-07,-0.0299999999999999,2.844601383193659e-07,1,1,2,2,2
1432,34,14:21:39,9,-0.0306849315068492,35380.0,-0.0307534246575342,-0.0308219178082191,2.954009128701107e-07,-0.0309589041095891,7.767949931028838e-07,-0.0310958904109588,5.470387275372421e-07,-0.0312328767123287,2.029513679163168e-06,-0.0313698630136987,7.111503457984147e-07,-0.0306849315068492,1.586412309858002e-07,-0.0305479452054795,6.509760857693181e-07,-0.0304109589041096,8.314988658566079e-07,-0.0302739726027396,1.03937358232076e-07,-0.0301369863013698,6.065565410932941e-07,1,1,2,2,2
1433,34,14:21:42,9,-0.0306849315068492,63683.0,-0.0307534246575342,-0.0308219178082191,4.0480865837755926e-07,-0.0309589041095891,7.767949931028838e-07,-0.0310958904109588,5.470387275372421e-07,-0.0312328767123287,2.029513679163168e-06,-0.0313698630136987,7.111503457984147e-07,-0.0306849315068492,1.2581890733356568e-07,-0.0305479452054795,6.783280221461801e-07,-0.0304109589041096,8.369692531319804e-07,-0.0302739726027396,1.586412309858002e-07,-0.0301369863013698,6.120269283686664e-07,1,1,2,2,2
1434,34,14:21:45,9,-0.0308219178082191,56606.0,-0.0307534246575342,-0.0308219178082191,7.27561507624532e-07,-0.0309589041095891,7.93206154929001e-07,-0.0310958904109588,5.470387275372421e-07,-0.0312328767123287,2.029513679163168e-06,-0.0313698630136987,7.111503457984147e-07,-0.0306849315068492,3.4463439834846253e-07,-0.0305479452054795,6.783280221461801e-07,-0.0304109589041096,8.369692531319804e-07,-0.0302739726027396,3.008713001454831e-07,-0.0301369863013698,4.36974535556749e-07,1,1,2,2,2
1435,34,14:21:48,9,-0.0306849315068492,1181547.0,-0.0307534246575342,-0.0308219178082191,9.573177731901736e-07,-0.0309589041095891,7.93206154929001e-07,-0.0310958904109588,5.470387275372421e-07,-0.0312328767123287,2.029513679163168e-06,-0.0313698630136987,7.111503457984147e-07,-0.0306849315068492,2.352266528410141e-07,-0.0305479452054795,6.783280221461801e-07,-0.0304109589041096,8.369692531319804e-07,-0.0302739726027396,7.494430567260217e-07,-0.0301369863013698,4.3150414828137654e-07,1,1,2,2,2
1436,34,14:21:51,9,-0.0308219178082191,714669.0,-0.0306849315068494,-0.0308219178082191,1.312892946089381e-06,-0.0309589041095891,7.93206154929001e-07,-0.0310958904109588,5.470387275372421e-07,-0.0312328767123287,2.029513679163168e-06,-0.0313698630136987,7.111503457984147e-07,-0.0305479452054795,9.518473859148012e-07,-0.0304109589041096,8.369692531319804e-07,-0.0302739726027396,7.603838312767665e-07,-0.0301369863013698,4.479153101074938e-07,-0.0299999999999999,2.844601383193659e-07,1,2,2,2,2
1437,34,14:21:54,9,-0.0305479452054795,91993.0,-0.0306164383561643,-0.0306849315068492,2.1881549101489683e-08,-0.0308219178082191,1.37853759339385e-06,-0.0309589041095891,7.986765422043734e-07,-0.0310958904109588,5.470387275372421e-07,-0.0312328767123287,2.029513679163168e-06,-0.0305479452054795,1.1816036514804429e-06,-0.0304109589041096,8.369692531319804e-07,-0.0302739726027396,6.947391839722974e-07,-0.0301369863013698,4.533856973828662e-07,-0.0299999999999999,2.844601383193659e-07,1,2,2,2,1
1438,34,14:21:57,9,-0.0306849315068492,283056.0,-0.0306164383561643,-0.0306849315068492,4.978052420588903e-07,-0.0308219178082191,9.682585477409186e-07,-0.0309589041095891,7.986765422043734e-07,-0.0310958904109588,5.470387275372421e-07,-0.0312328767123287,2.0349840664385407e-06,-0.0305479452054795,1.0612551314222496e-06,-0.0304109589041096,8.533804149580977e-07,-0.0302739726027396,6.892687966969251e-07,-0.0301369863013698,6.174973156440389e-07,-0.0299999999999999,2.844601383193659e-07,1,2,2,2,1
1439,34,14:22:00,9,-0.0306849315068492,106148.0,-0.0306164383561643,-0.0306849315068492,4.978052420588903e-07,-0.0308219178082191,9.682585477409186e-07,-0.0309589041095891,7.986765422043734e-07,-0.0310958904109588,5.470387275372421e-07,-0.0312328767123287,2.040454453713913e-06,-0.0305479452054795,1.1104886169006014e-06,-0.0304109589041096,8.533804149580977e-07,-0.0302739726027396,6.892687966969251e-07,-0.0301369863013698,6.174973156440389e-07,-0.0299999999999999,2.844601383193659e-07,1,2,2,2,1
1440,34,14:22:03,9,-0.0306849315068492,311345.0,-0.0306164383561643,-0.0306849315068492,3.2275284924697285e-07,-0.0308219178082191,9.73728935016291e-07,-0.0309589041095891,8.041469294797458e-07,-0.0310958904109588,5.470387275372421e-07,-0.0312328767123287,2.045924840989285e-06,-0.0305479452054795,1.105018229625229e-06,-0.0304109589041096,5.142164038850075e-07,-0.0302739726027396,6.892687966969251e-07,-0.0301369863013698,6.174973156440389e-07,-0.0299999999999999,2.844601383193659e-07,1,2,2,2,1
1441,34,14:22:06,9,-0.0306849315068492,254746.0,-0.0306164383561643,-0.0306849315068492,4.3763098202979364e-07,-0.0308219178082191,1.19801481330656e-06,-0.0309589041095891,8.041469294797458e-07,-0.0310958904109588,5.743906639141042e-07,-0.0312328767123287,2.045924840989285e-06,-0.0305479452054795,1.0886070677991118e-06,-0.0304109589041096,5.142164038850075e-07,-0.0302739726027396,7.822653803782562e-07,-0.0301369863013698,7.159642866007424e-07,-0.0299999999999999,2.844601383193659e-07,2,2,2,2,1
1442,34,14:22:09,9,-0.0306849315068492,141537.0,-0.0306164383561643,-0.0306849315068492,1.132370166002091e-06,-0.0308219178082191,1.2527186860602843e-06,-0.0309589041095891,7.494430567260217e-07,-0.0310958904109588,5.743906639141042e-07,-0.0312328767123287,2.045924840989285e-06,-0.0305479452054795,9.956104841177803e-07,-0.0304109589041096,5.142164038850075e-07,-0.0302739726027396,7.822653803782562e-07,-0.0301369863013698,7.159642866007424e-07,-0.0299999999999999,2.844601383193659e-07,2,2,2,2,1
1443,34,14:22:12,9,-0.0306849315068492,2031145.0,-0.0306164383561643,-0.0306849315068492,1.0229624204946427e-06,-0.0308219178082191,1.2527186860602843e-06,-0.0309589041095891,7.494430567260217e-07,-0.0310958904109588,5.798610511894766e-07,-0.0312328767123287,2.045924840989285e-06,-0.0305479452054795,1.4770045643505538e-07,-0.0304109589041096,1.3675968188431052e-07,-0.0302739726027396,7.822653803782562e-07,-0.0301369863013698,7.378458357022321e-07,-0.0299999999999999,2.844601383193659e-07,2,2,2,2,1
1444,34,14:22:15,9,-0.0306849315068492,1408264.0,-0.0306164383561643,-0.0306849315068492,4.540421438559109e-07,-0.0308219178082191,1.2964817842632638e-06,-0.0309589041095891,7.494430567260217e-07,-0.0310958904109588,5.798610511894766e-07,-0.0312328767123287,2.045924840989285e-06,-0.0305479452054795,4.9233485478351786e-08,-0.0304109589041096,2.7351936376862106e-08,-0.0302739726027396,7.220911203491596e-07,-0.0301369863013698,7.378458357022321e-07,-0.0299999999999999,2.844601383193659e-07,2,2,2,2,1
1445,34,14:22:18,9,-0.0301369863013698,2052975.0,-0.0303424657534246,-0.0305479452054795,2.406970401163865e-07,-0.0306849315068492,4.649829184066558e-07,-0.0308219178082191,1.3293041079154983e-06,-0.0309589041095891,7.494430567260217e-07,-0.0310958904109588,5.798610511894766e-07,-0.0301369863013698,2.1225102628444997e-08,-0.0299999999999999,2.844601383193659e-07,-0.0298630136986302,3.4408735962092526e-06,-0.0294520547945206,2.680489764932487e-07,-0.0293150684931506,1.3128929460893809e-07,2,2,2,2,0
1446,34,14:22:21,9,-0.0301369863013698,885006.0,-0.0300684931506848,-0.0301369863013698,5.470387275372421e-09,-0.0302739726027396,5.579795020879869e-07,-0.0304109589041096,3.391640110730901e-07,-0.0305479452054795,9.35436224088684e-07,-0.0306849315068492,6.783280221461801e-07,-0.0299999999999999,1.7439594633887277e-07,-0.0298630136986302,3.4408735962092526e-06,-0.0294520547945206,2.680489764932487e-07,-0.0293150684931506,1.3128929460893809e-07,-0.0291780821917807,2.1881549101489682e-07,2,2,2,2,0
1447,34,14:22:24,9,-0.0298630136986302,1232158.0,-0.0299999999999999,-0.0301369863013698,6.837984094215526e-07,-0.0302739726027396,5.689202766387318e-07,-0.0304109589041096,3.4463439834846253e-07,-0.0305479452054795,7.385022821752768e-07,-0.0306849315068492,8.369692531319804e-07,-0.0298630136986302,2.997115780431042e-06,-0.0294520547945206,2.680489764932487e-07,-0.0293150684931506,1.3128929460893809e-07,-0.0291780821917807,2.1881549101489682e-07,-0.029041095890411,2.1881549101489682e-07,2,2,2,2,0
1448,34,14:22:27,9,-0.0294520547945206,4425494.0,-0.0296575342465754,-0.0298630136986302,3.452908448215072e-07,-0.0299999999999999,3.2275284924697285e-07,-0.0301369863013698,7.93206154929001e-07,-0.0302739726027396,2.899305255947383e-07,-0.0304109589041096,6.23624149392456e-07,-0.0294520547945206,2.1881549101489683e-08,-0.0293150684931506,1.3128929460893809e-07,-0.0291780821917807,2.1881549101489682e-07,-0.029041095890411,2.1881549101489682e-07,-0.0289041095890411,5.470387275372421e-08,1,1,2,2,0
1449,34,14:22:30,9,-0.0297260273972602,99175.0,-0.0295205479452055,-0.0297260273972602,4.3763098202979367e-08,-0.0298630136986302,2.1997521311727577e-06,-0.0299999999999999,8.97143513161077e-07,-0.0301369863013698,6.072129875663387e-07,-0.0302739726027396,2.899305255947383e-07,-0.0293150684931506,1.3128929460893809e-07,-0.0291780821917807,2.1881549101489682e-07,-0.029041095890411,2.1881549101489682e-07,-0.0289041095890411,5.470387275372421e-08,-0.0287671232876711,1.0995478423498563e-06,1,1,2,2,0
1450,34,14:22:33,9,-0.029041095890411,1190336.0,-0.0291095890410958,-0.0291780821917807,1.6411161826117265e-07,-0.0297260273972602,5.470387275372421e-09,-0.0298630136986302,3.0914252570584624e-06,-0.0299999999999999,7.439726694506492e-07,-0.0301369863013698,4.212198202036764e-07,-0.029041095890411,1.2034852005819325e-07,-0.0289041095890411,5.470387275372421e-08,-0.0287671232876711,1.0995478423498563e-06,-0.0286301369863014,3.282232365223452e-08,-0.0284931506849315,1.750523928119175e-07,1,1,1,1,0
1451,34,14:22:36,9,-0.029041095890411,340223.0,-0.0289726027397261,-0.029041095890411,2.1881549101489683e-08,-0.0291780821917807,2.7351936376862104e-07,-0.0293150684931506,5.470387275372421e-08,-0.0298630136986302,2.976547124275641e-06,-0.0299999999999999,7.439726694506492e-07,-0.0289041095890411,5.470387275372421e-08,-0.0287671232876711,1.0940774550744842e-06,-0.0286301369863014,3.282232365223452e-08,-0.0284931506849315,1.750523928119175e-07,-0.0283561643835615,1.805227800872899e-07,1,1,1,1,0
1452,34,14:22:39,9,-0.0294520547945206,800812.0,-0.0289726027397261,-0.029041095890411,1.0940774550744842e-08,-0.0294520547945206,8.205580913058631e-07,-0.0298630136986302,2.331041425781696e-06,-0.0299999999999999,7.439726694506492e-07,-0.0301369863013698,1.1487813278282086e-07,-0.0289041095890411,5.470387275372421e-08,-0.0287671232876711,1.0940774550744842e-06,-0.0286301369863014,3.282232365223452e-08,-0.0284931506849315,1.750523928119175e-07,-0.0283561643835615,1.805227800872899e-07,1,1,1,1,0
1453,34,14:22:42,9,-0.0294520547945206,28348.0,-0.0291780821917807,-0.0294520547945206,8.150877040304907e-07,-0.0298630136986302,2.194281743897385e-06,-0.0299999999999999,7.439726694506492e-07,-0.0301369863013698,3.8292710927606954e-08,-0.0304109589041096,2.954009128701107e-07,-0.0289041095890411,3.719863347253246e-07,-0.0287671232876711,1.7505239281191746e-06,-0.0286301369863014,3.282232365223452e-08,-0.0284931506849315,1.750523928119175e-07,-0.0283561643835615,1.805227800872899e-07,1,1,2,1,0
1454,34,14:22:45,9,-0.0289041095890411,517470.0,-0.0291095890410958,-0.0293150684931506,5.470387275372421e-09,-0.0294520547945206,8.096173167551183e-07,-0.0295890410958903,5.470387275372421e-09,-0.0297260273972602,1.0940774550744842e-08,-0.0298630136986302,2.194281743897385e-06,-0.0289041095890411,1.641116182611726e-08,-0.0287671232876711,1.7505239281191746e-06,-0.0286301369863014,3.282232365223452e-08,-0.0284931506849315,1.750523928119175e-07,-0.0283561643835615,1.805227800872899e-07,1,2,2,1,0
1455,34,14:22:48,9,-0.0289041095890411,212688.0,-0.0291780821917807,-0.0293150684931506,1.3128929460893809e-07,-0.0294520547945206,8.150877040304907e-07,-0.0295890410958903,5.470387275372421e-09,-0.0297260273972602,1.0940774550744842e-08,-0.0298630136986302,1.7183580509399849e-06,-0.029041095890411,4.3763098202979367e-08,-0.0289041095890411,6.509760857693181e-07,-0.0287671232876711,1.728642379017685e-06,-0.0286301369863014,3.282232365223452e-08,-0.0284931506849315,1.750523928119175e-07,1,2,2,1,0
1456,34,14:22:51,9,-0.0289041095890411,1013703.0,-0.0291095890410958,-0.0293150684931506,3.063416874208556e-07,-0.0294520547945206,8.205580913058631e-07,-0.0295890410958903,5.470387275372421e-09,-0.0297260273972602,1.6958200553654506e-07,-0.0298630136986302,1.7183580509399849e-06,-0.0289041095890411,4.15749432928304e-07,-0.0287671232876711,1.7177016044669402e-06,-0.0286301369863014,3.282232365223452e-08,-0.0284931506849315,1.750523928119175e-07,-0.0283561643835615,2.07874716464152e-07,1,2,1,1,0
1457,34,14:22:54,9,-0.0289041095890411,2500838.0,-0.0289726027397261,-0.029041095890411,3.282232365223452e-08,-0.0293150684931506,5.470387275372421e-09,-0.0294520547945206,5.470387275372421e-09,-0.0298630136986302,1.231493583431839e-06,-0.0299999999999999,5.743906639141042e-07,-0.0289041095890411,3.2275284924697285e-07,-0.0287671232876711,1.7450535408438022e-06,-0.0286301369863014,3.282232365223452e-08,-0.0284931506849315,1.750523928119175e-07,-0.0283561643835615,2.07874716464152e-07,1,2,1,1,0
1458,34,14:22:57,9,-0.0289041095890411,255149.0,-0.0291780821917807,-0.0293150684931506,1.641116182611726e-08,-0.0297260273972602,1.0940774550744842e-06,-0.0298630136986302,1.231493583431839e-06,-0.0299999999999999,5.743906639141042e-07,-0.0301369863013698,1.2034852005819325e-07,-0.029041095890411,1.0940774550744841e-07,-0.0289041095890411,2.5710820194250377e-07,-0.0287671232876711,1.8489908990758784e-06,-0.0286301369863014,3.282232365223452e-08,-0.0284931506849315,1.750523928119175e-07,1,2,1,1,0
1459,34,14:23:00,9,-0.0287671232876711,637981.0,-0.029041095890411,-0.0293150684931506,3.282232365223452e-08,-0.0295890410958903,5.470387275372421e-08,-0.0297260273972602,1.105018229625229e-06,-0.0298630136986302,1.231493583431839e-06,-0.0299999999999999,5.743906639141042e-07,-0.0287671232876711,1.7669350899452918e-06,-0.0286301369863014,3.282232365223452e-08,-0.0284931506849315,1.750523928119175e-07,-0.0283561643835615,2.07874716464152e-07,-0.0282191780821917,3.282232365223452e-08,2,2,1,0,0
1460,34,14:23:03,9,-0.029041095890411,410958.0,-0.0288356164383559,-0.0289041095890411,7.65854218552139e-08,-0.0293150684931506,5.470387275372421e-09,-0.0297260273972602,1.001080871393153e-06,-0.0298630136986302,1.231493583431839e-06,-0.0299999999999999,5.743906639141042e-07,-0.0287671232876711,1.8489908990758784e-06,-0.0286301369863014,1.3675968188431052e-07,-0.0284931506849315,2.0240432918877963e-07,-0.0283561643835615,2.07874716464152e-07,-0.0282191780821917,3.282232365223452e-08,1,2,1,0,0
1461,34,14:23:06,9,-0.0289041095890411,49623.0,-0.0288356164383559,-0.0289041095890411,3.8292710927606954e-08,-0.029041095890411,8.205580913058631e-08,-0.0293150684931506,2.620315504903389e-06,-0.0295890410958903,5.470387275372421e-08,-0.0297260273972602,1.001080871393153e-06,-0.0287671232876711,1.9146355463803477e-06,-0.0286301369863014,1.3675968188431052e-07,-0.0284931506849315,2.0240432918877963e-07,-0.0283561643835615,2.07874716464152e-07,-0.0282191780821917,3.282232365223452e-08,1,2,1,0,0
1462,34,14:23:09,9,-0.0287671232876711,2687098.0,-0.0286986301369862,-0.0287671232876711,8.424396404073528e-07,-0.0289041095890411,1.586412309858002e-07,-0.029041095890411,3.8292710927606954e-08,-0.0293150684931506,2.620315504903389e-06,-0.0294520547945206,9.299658368133117e-08,-0.0286301369863014,8.205580913058631e-08,-0.0284931506849315,2.0240432918877963e-07,-0.0283561643835615,2.07874716464152e-07,-0.0282191780821917,3.282232365223452e-08,-0.0280821917808218,1.0940774550744842e-08,1,1,1,0,0
1463,34,14:23:12,9,-0.0289041095890411,1538506.0,-0.0289726027397261,-0.029041095890411,6.564464730446904e-08,-0.0293150684931506,2.620315504903389e-06,-0.0294520547945206,9.299658368133117e-08,-0.0295890410958903,1.03937358232076e-07,-0.0297260273972602,1.028432807770015e-06,-0.0289041095890411,1.0940774550744842e-08,-0.0287671232876711,2.1881549101489683e-08,-0.0284931506849315,2.0240432918877963e-07,-0.0283561643835615,2.07874716464152e-07,-0.0282191780821917,3.282232365223452e-08,2,2,1,0,0
1464,34,14:23:15,9,-0.0284931506849315,460946.0,-0.0284246575342463,-0.0284931506849315,1.3675968188431052e-07,-0.0286301369863014,1.6958200553654506e-07,-0.0287671232876711,5.470387275372421e-08,-0.0289041095890411,2.7351936376862106e-08,-0.029041095890411,6.564464730446904e-08,-0.0283561643835615,2.07874716464152e-07,-0.0282191780821917,3.282232365223452e-08,-0.0280821917808218,1.0940774550744842e-08,-0.0279452054794521,1.859931673626623e-07,-0.0278082191780821,2.7351936376862106e-08,1,2,1,0,0
1465,34,14:23:18,9,-0.0284931506849315,304984.0,-0.0284246575342463,-0.0284931506849315,9.846697095670357e-08,-0.0286301369863014,1.750523928119175e-07,-0.0287671232876711,1.3675968188431052e-07,-0.0289041095890411,3.8292710927606954e-08,-0.029041095890411,7.65854218552139e-08,-0.0283561643835615,5.470387275372421e-08,-0.0282191780821917,1.6411161826117265e-07,-0.0280821917808218,1.0940774550744842e-08,-0.0279452054794521,1.859931673626623e-07,-0.0278082191780821,2.7351936376862106e-08,1,1,1,0,0
1466,34,14:23:21,9,-0.0283561643835615,773146.0,-0.0283561643835615,-0.0284931506849315,2.844601383193659e-07,-0.0286301369863014,3.11812074696228e-07,-0.0287671232876711,2.07874716464152e-07,-0.0289041095890411,3.282232365223452e-08,-0.029041095890411,8.205580913058631e-08,-0.0282191780821917,1.641116182611726e-08,-0.0280821917808218,1.0940774550744842e-08,-0.0279452054794521,1.9693394191340717e-07,-0.0278082191780821,2.7351936376862106e-08,-0.0276712328767122,4.595125311312834e-07,1,1,1,0,0
1467,34,14:23:24,9,-0.0284931506849315,78012.0,-0.0284246575342463,-0.0284931506849315,5.579795020879869e-07,-0.0286301369863014,2.0240432918877963e-07,-0.0287671232876711,2.07874716464152e-07,-0.0289041095890411,3.282232365223452e-08,-0.029041095890411,8.205580913058631e-08,-0.0283561643835615,3.8292710927606954e-08,-0.0282191780821917,2.899305255947383e-07,-0.0280821917808218,1.0940774550744842e-08,-0.0279452054794521,1.9693394191340717e-07,-0.0278082191780821,2.7351936376862106e-08,1,1,1,0,0
1468,34,14:23:27,9,-0.0282191780821917,319201.0,-0.0282876712328766,-0.0283561643835615,8.205580913058631e-08,-0.0284931506849315,5.579795020879869e-07,-0.0286301369863014,2.5710820194250377e-07,-0.0287671232876711,2.352266528410141e-07,-0.0289041095890411,3.282232365223452e-08,-0.0282191780821917,1.4770045643505538e-07,-0.0280821917808218,1.0940774550744842e-08,-0.0279452054794521,1.9693394191340717e-07,-0.0278082191780821,2.7351936376862106e-08,-0.0276712328767122,4.595125311312834e-07,1,1,1,0,0
1469,34,14:23:30,9,-0.0283561643835615,333358.0,-0.0283561643835615,-0.0284931506849315,3.829271092760695e-07,-0.0286301369863014,2.5710820194250377e-07,-0.0287671232876711,2.352266528410141e-07,-0.0289041095890411,2.7351936376862106e-08,-0.029041095890411,6.564464730446904e-08,-0.0282191780821917,1.3675968188431052e-07,-0.0280821917808218,8.314988658566079e-07,-0.0279452054794521,1.805227800872899e-07,-0.0278082191780821,2.7351936376862106e-08,-0.0276712328767122,4.595125311312834e-07,1,1,1,0,0
1470,34,14:23:33,9,-0.0283561643835615,134767.0,-0.0282876712328766,-0.0283561643835615,1.03937358232076e-07,-0.0284931506849315,3.829271092760695e-07,-0.0286301369863014,2.6257858921787617e-07,-0.0287671232876711,2.352266528410141e-07,-0.0289041095890411,2.7351936376862106e-08,-0.0282191780821917,1.9693394191340717e-07,-0.0280821917808218,9.62788160465546e-07,-0.0279452054794521,1.805227800872899e-07,-0.0278082191780821,2.7351936376862106e-08,-0.0276712328767122,4.595125311312834e-07,1,1,1,0,0
1471,34,14:23:36,9,-0.0282191780821917,141872.0,-0.0282876712328766,-0.0283561643835615,6.017426002909662e-08,-0.0284931506849315,3.829271092760695e-07,-0.0286301369863014,2.7351936376862104e-07,-0.0287671232876711,2.899305255947383e-07,-0.0289041095890411,2.7351936376862106e-08,-0.0282191780821917,1.859931673626623e-07,-0.0280821917808218,9.62788160465546e-07,-0.0279452054794521,1.805227800872899e-07,-0.0278082191780821,2.7351936376862106e-08,-0.0276712328767122,4.595125311312834e-07,1,1,1,0,0
1472,34,14:23:39,9,-0.0284931506849315,801460.0,-0.0285616438356165,-0.0286301369863014,2.7351936376862104e-07,-0.0287671232876711,2.899305255947383e-07,-0.0289041095890411,2.7351936376862106e-08,-0.029041095890411,4.81394080232773e-07,-0.0293150684931506,2.631256279454134e-06,-0.0284931506849315,7.65854218552139e-08,-0.0282191780821917,3.2275284924697285e-07,-0.0280821917808218,1.1104886169006014e-06,-0.0279452054794521,1.805227800872899e-07,-0.0278082191780821,3.8292710927606954e-08,1,2,1,0,0
1473,34,14:23:42,9,-0.0279452054794521,2319955.0,-0.027876712328767,-0.0279452054794521,9.846697095670357e-08,-0.0282191780821917,9.846697095670357e-08,-0.0286301369863014,2.680489764932487e-07,-0.0287671232876711,2.954009128701107e-07,-0.0289041095890411,2.7351936376862106e-08,-0.0278082191780821,3.8292710927606954e-08,-0.0276712328767122,4.595125311312834e-07,-0.0275342465753425,2.7569657790421925e-06,-0.0273972602739726,1.043208323800796e-05,-0.0272602739726026,1.3128929460893809e-07,0,1,0,0,0
1474,34,14:23:45,9,-0.0279452054794521,92248.0,-0.027876712328767,-0.0279452054794521,2.7351936376862106e-08,-0.0282191780821917,1.6411161826117265e-07,-0.0283561643835615,1.1487813278282086e-07,-0.0284931506849315,5.470387275372421e-09,-0.0286301369863014,6.455056984939457e-07,-0.0278082191780821,7.65854218552139e-08,-0.0276712328767122,5.634498893633593e-07,-0.0275342465753425,2.7569657790421925e-06,-0.0273972602739726,1.047584633621094e-05,-0.0272602739726026,1.3128929460893809e-07,1,1,0,0,0
1475,34,14:23:48,9,-0.0286301369863014,3347380.0,-0.0281506849315069,-0.0283561643835615,5.470387275372421e-09,-0.0286301369863014,2.587493181251155e-06,-0.0287671232876711,3.008713001454831e-07,-0.0289041095890411,2.7351936376862106e-08,-0.029041095890411,4.81394080232773e-07,-0.0279452054794521,5.743906639141042e-07,-0.0278082191780821,7.65854218552139e-08,-0.0276712328767122,6.619168603200629e-07,-0.0275342465753425,2.921077397303365e-06,-0.0273972602739726,1.0481316723486312e-05,1,1,0,0,0
1476,34,14:23:51,9,-0.0280821917808218,99320.0,-0.0281506849315069,-0.0282191780821917,5.470387275372421e-09,-0.0283561643835615,1.0940774550744842e-08,-0.0284931506849315,5.470387275372421e-09,-0.0286301369863014,2.587493181251155e-06,-0.0287671232876711,4.102790456529316e-07,-0.0280821917808218,5.470387275372421e-08,-0.0279452054794521,5.743906639141042e-07,-0.0278082191780821,3.5557517289920734e-07,-0.0276712328767122,6.072129875663387e-07,-0.0275342465753425,2.921077397303365e-06,1,1,0,0,0
1477,34,14:23:54,9,-0.0279452054794521,489507.0,-0.0281506849315069,-0.0282191780821917,2.7351936376862106e-08,-0.0286301369863014,2.494496597569824e-06,-0.0287671232876711,4.15749432928304e-07,-0.0289041095890411,2.7351936376862106e-08,-0.029041095890411,4.81394080232773e-07,-0.0280821917808218,5.470387275372421e-08,-0.0279452054794521,4.102790456529316e-07,-0.0278082191780821,3.282232365223453e-07,-0.0276712328767122,6.072129875663387e-07,-0.0275342465753425,2.921077397303365e-06,1,1,0,0,0
1478,34,14:23:57,9,-0.0282191780821917,3297458.0,-0.0284246575342463,-0.0284931506849315,7.65854218552139e-08,-0.0286301369863014,1.9146355463803476e-07,-0.0287671232876711,4.15749432928304e-07,-0.0289041095890411,2.7351936376862106e-08,-0.029041095890411,4.649829184066558e-07,-0.0283561643835615,1.641116182611726e-08,-0.0280821917808218,7.111503457984149e-08,-0.0279452054794521,4.102790456529316e-07,-0.0278082191780821,3.282232365223453e-07,-0.0276712328767122,6.126833748417112e-07,1,1,0,0,0
1479,34,14:24:00,9,-0.0282191780821917,971845.0,-0.0281506849315069,-0.0282191780821917,3.1782950069913767e-06,-0.0283561643835615,5.470387275372421e-09,-0.0284931506849315,8.205580913058631e-08,-0.0286301369863014,2.0240432918877963e-07,-0.0287671232876711,4.15749432928304e-07,-0.0280821917808218,5.853314384648491e-07,-0.0279452054794521,4.102790456529316e-07,-0.0278082191780821,7.111503457984149e-08,-0.0276712328767122,5.306275657111248e-07,-0.0275342465753425,2.921077397303365e-06,1,1,0,0,0
1480,34,14:24:03,9,-0.0282191780821917,134789.0,-0.0281506849315069,-0.0282191780821917,3.194706168817493e-06,-0.0283561643835615,5.470387275372421e-09,-0.0284931506849315,9.846697095670358e-07,-0.0286301369863014,2.0240432918877963e-07,-0.0287671232876711,4.649829184066558e-07,-0.0280821917808218,9.299658368133116e-07,-0.0279452054794521,5.1968679116038e-07,-0.0278082191780821,7.111503457984149e-08,-0.0276712328767122,5.579795020879869e-07,-0.0275342465753425,2.9374885591294825e-06,1,0,0,0,0
1481,34,14:24:06,9,-0.0282191780821917,2206554.0,-0.0281506849315069,-0.0282191780821917,3.134531908788397e-06,-0.0283561643835615,5.470387275372421e-09,-0.0284931506849315,9.846697095670358e-07,-0.0286301369863014,2.1881549101489682e-07,-0.0287671232876711,4.649829184066558e-07,-0.0280821917808218,5.470387275372421e-09,-0.0279452054794521,4.102790456529316e-07,-0.0278082191780821,7.111503457984149e-08,-0.0276712328767122,5.579795020879869e-07,-0.0275342465753425,2.8444919754481514e-06,1,0,0,0,0
1482,34,14:24:09,9,-0.0280821917808218,191564.0,-0.028013698630137,-0.0280821917808218,2.1881549101489683e-08,-0.0282191780821917,3.260350816121962e-06,-0.0283561643835615,5.470387275372421e-09,-0.0284931506849315,9.956104841177803e-07,-0.0286301369863014,2.4616742739175896e-07,-0.0279452054794521,4.102790456529316e-07,-0.0278082191780821,7.111503457984149e-08,-0.0276712328767122,5.908018257402214e-07,-0.0275342465753425,2.8444919754481514e-06,-0.0273972602739726,1.0656369116298229e-05,1,0,0,0,0
1483,34,14:24:12,9,-0.0279452054794521,127722.0,-0.028013698630137,-0.0280821917808218,1.0940774550744842e-08,-0.0282191780821917,3.249410041571218e-06,-0.0283561643835615,5.470387275372421e-09,-0.0284931506849315,9.956104841177803e-07,-0.0286301369863014,2.5163781466713136e-07,-0.0279452054794521,4.759236929574006e-07,-0.0278082191780821,9.846697095670357e-08,-0.0276712328767122,5.908018257402214e-07,-0.0275342465753425,2.8444919754481514e-06,-0.0273972602739726,1.0667309890848974e-05,1,0,0,0,0
1484,34,14:24:15,9,-0.0282191780821917,134800.0,-0.0281506849315069,-0.0282191780821917,3.222058105194356e-06,-0.0283561643835615,5.470387275372421e-09,-0.0284931506849315,9.956104841177803e-07,-0.0286301369863014,2.5163781466713136e-07,-0.0287671232876711,4.759236929574006e-07,-0.0280821917808218,1.750523928119175e-07,-0.0279452054794521,5.032756293342627e-07,-0.0278082191780821,9.846697095670357e-08,-0.0276712328767122,5.908018257402214e-07,-0.0275342465753425,2.8444919754481514e-06,1,0,0,0,0
1485,34,14:24:18,9,-0.0280821917808218,290892.0,-0.0281506849315069,-0.0282191780821917,3.3041139143249423e-06,-0.0283561643835615,1.0940774550744842e-08,-0.0284931506849315,9.682585477409186e-07,-0.0286301369863014,2.5163781466713136e-07,-0.0287671232876711,5.032756293342627e-07,-0.0280821917808218,1.03937358232076e-06,-0.0279452054794521,5.634498893633593e-07,-0.0278082191780821,1.586412309858002e-07,-0.0276712328767122,5.908018257402214e-07,-0.0275342465753425,2.8444919754481514e-06,0,0,0,0,0
1486,34,14:24:21,9,-0.0279452054794521,2794798.0,-0.028013698630137,-0.0280821917808218,1.2915037318426749e-06,-0.0282191780821917,3.238469267020473e-06,-0.0283561643835615,1.0940774550744842e-08,-0.0284931506849315,9.682585477409186e-07,-0.0286301369863014,2.5163781466713136e-07,-0.0279452054794521,3.883974965514419e-07,-0.0278082191780821,2.0240432918877963e-07,-0.0276712328767122,5.908018257402214e-07,-0.0275342465753425,2.8444919754481514e-06,-0.0273972602739726,1.063448756719674e-05,0,0,0,0,0
1487,34,14:24:24,9,-0.0282191780821917,3427331.0,-0.0281506849315069,-0.0282191780821917,2.177214135598224e-06,-0.0283561643835615,1.750523928119175e-07,-0.0284931506849315,9.682585477409186e-07,-0.0286301369863014,2.297562655656417e-07,-0.0287671232876711,5.142164038850075e-07,-0.0280821917808218,8.528880801033142e-07,-0.0279452054794521,6.509760857693181e-07,-0.0278082191780821,2.0240432918877963e-07,-0.0276712328767122,5.908018257402214e-07,-0.0275342465753425,2.8444919754481514e-06,0,0,0,0,0
1488,34,14:24:27,9,-0.0282191780821917,1780635.0,-0.0281506849315069,-0.0282191780821917,1.028432807770015e-06,-0.0283561643835615,1.750523928119175e-07,-0.0284931506849315,9.682585477409186e-07,-0.0286301369863014,2.4616742739175896e-07,-0.0287671232876711,5.142164038850075e-07,-0.0280821917808218,7.544211091466106e-07,-0.0279452054794521,7.822653803782562e-07,-0.0278082191780821,2.680489764932487e-07,-0.0276712328767122,5.908018257402214e-07,-0.0275342465753425,2.8444919754481514e-06,0,0,0,0,0
1489,34,14:24:30,9,-0.0280821917808218,2851705.0,-0.0282876712328766,-0.0284931506849315,7.713246058275113e-07,-0.0286301369863014,2.4616742739175896e-07,-0.0287671232876711,5.142164038850075e-07,-0.0289041095890411,4.3763098202979367e-08,-0.029041095890411,4.704533056820282e-07,-0.0280821917808218,8.692992419294313e-07,-0.0279452054794521,8.807323513349597e-07,-0.0278082191780821,2.680489764932487e-07,-0.0276712328767122,5.908018257402214e-07,-0.0275342465753425,2.8444919754481514e-06,0,0,0,0,0
1490,34,14:24:33,9,-0.0286301369863014,1787097.0,-0.0286986301369862,-0.0287671232876711,4.485717565805385e-07,-0.0289041095890411,4.3763098202979367e-08,-0.029041095890411,4.704533056820282e-07,-0.0293150684931506,2.6476674412802515e-06,-0.0294520547945206,5.470387275372421e-08,-0.0286301369863014,1.2034852005819325e-06,-0.0283561643835615,1.641116182611726e-08,-0.0282191780821917,6.400353112185732e-07,-0.0280821917808218,1.213933640277894e-06,-0.0279452054794521,1.03937358232076e-06,0,0,0,0,0
1491,34,14:24:36,9,-0.0286301369863014,999772.0,-0.0286986301369862,-0.0287671232876711,1.2581890733356568e-07,-0.0289041095890411,4.3763098202979367e-08,-0.029041095890411,4.704533056820282e-07,-0.0293150684931506,2.6476674412802515e-06,-0.0294520547945206,5.470387275372421e-08,-0.0286301369863014,1.662997731713216e-06,-0.0284931506849315,6.564464730446905e-07,-0.0283561643835615,1.03937358232076e-07,-0.0282191780821917,6.728576348708078e-07,-0.0280821917808218,1.2741079003069904e-06,0,0,0,0,0
1492,34,14:24:39,9,-0.0287671232876711,482076.0,-0.0288356164383559,-0.0289041095890411,1.0940774550744842e-08,-0.029041095890411,3.77456722000697e-07,-0.0293150684931506,2.653137828555624e-06,-0.0294520547945206,5.470387275372421e-08,-0.0295890410958903,6.564464730446904e-08,-0.0287671232876711,3.282232365223452e-08,-0.0286301369863014,1.8106981881482715e-06,-0.0284931506849315,6.564464730446905e-07,-0.0283561643835615,1.859931673626623e-07,-0.0282191780821917,6.728576348708078e-07,0,0,0,0,0
1493,34,14:24:42,9,-0.029041095890411,2375346.0,-0.0289041095890411,-0.029041095890411,3.719863347253246e-07,-0.0293150684931506,2.653137828555624e-06,-0.0294520547945206,5.470387275372421e-08,-0.0295890410958903,6.564464730446904e-08,-0.0297260273972602,1.03937358232076e-06,-0.0287671232876711,1.2581890733356568e-07,-0.0286301369863014,4.868644675081455e-07,-0.0284931506849315,7.220911203491596e-07,-0.0283561643835615,1.859931673626623e-07,-0.0282191780821917,1.0120216459438978e-06,0,0,0,0,0
1494,34,14:24:45,9,-0.0289041095890411,1821330.0,-0.0289726027397261,-0.029041095890411,1.0940774550744841e-07,-0.0293150684931506,1.7997574135975264e-06,-0.0294520547945206,5.470387275372421e-08,-0.0295890410958903,6.564464730446904e-08,-0.0297260273972602,1.03937358232076e-06,-0.0289041095890411,3.5010478562383493e-07,-0.0287671232876711,4.540421438559109e-07,-0.0286301369863014,4.649829184066558e-07,-0.0284931506849315,7.27561507624532e-07,-0.0283561643835615,1.750523928119175e-07,0,0,0,0,0
1495,34,14:24:48,9,-0.0293150684931506,3912199.0,-0.0293835616438357,-0.0294520547945206,5.470387275372421e-08,-0.0295890410958903,6.564464730446904e-08,-0.0297260273972602,1.03937358232076e-06,-0.0298630136986302,1.2647535380661037e-07,-0.0299999999999999,6.126833748417112e-07,-0.0293150684931506,3.282232365223452e-08,-0.029041095890411,9.299658368133117e-08,-0.0289041095890411,8.314988658566079e-07,-0.0287671232876711,2.7351936376862104e-07,-0.0286301369863014,4.3763098202979364e-07,0,0,0,0,0
1496,34,14:24:51,9,-0.0297260273972602,850297.0,-0.0296575342465752,-0.0297260273972602,9.35436224088684e-07,-0.0298630136986302,1.2647535380661037e-07,-0.0299999999999999,6.126833748417112e-07,-0.0301369863013698,3.77456722000697e-07,-0.0302739726027396,5.470387275372421e-09,-0.0295890410958903,2.7351936376862104e-07,-0.0293150684931506,1.3183633333647534e-06,-0.0291780821917807,6.455056984939457e-07,-0.029041095890411,5.470387275372421e-09,-0.0289041095890411,8.150877040304907e-07,0,0,0,0,0
1497,34,14:24:54,9,-0.0295890410958903,2238092.0,-0.0296575342465752,-0.0297260273972602,1.641116182611726e-08,-0.0299999999999999,1.86649613835707e-07,-0.0301369863013698,3.938678838268143e-07,-0.0302739726027396,5.470387275372421e-09,-0.0304109589041096,2.954009128701107e-07,-0.0295890410958903,8.752619640595873e-08,-0.0294520547945206,9.299658368133117e-08,-0.0293150684931506,1.340244882466243e-06,-0.0291780821917807,6.619168603200629e-07,-0.029041095890411,2.297562655656417e-07,0,0,0,0,0
1498,34,14:24:57,9,-0.0295890410958903,1175878.0,-0.0297945205479454,-0.0298630136986302,3.282232365223452e-08,-0.0301369863013698,2.687054229662933e-07,-0.0302739726027396,5.470387275372421e-09,-0.0304109589041096,1.641116182611726e-08,-0.0305479452054795,3.336936237977177e-07,-0.0297260273972602,3.282232365223452e-08,-0.0295890410958903,1.0940774550744841e-07,-0.0294520547945206,1.03937358232076e-07,-0.0293150684931506,9.682585477409186e-07,-0.0291780821917807,5.470387275372421e-07,0,0,0,0,0
1499,34,14:25:00,9,-0.0302739726027396,666283.0,-0.0304109589041096,-0.0305479452054795,1.805227800872899e-07,-0.0306849315068492,1.3675968188431052e-07,-0.0308219178082191,6.072129875663387e-07,-0.0309589041095891,3.4463439834846253e-07,-0.0310958904109588,5.1968679116038e-07,-0.0302739726027396,1.0940774550744842e-08,-0.0301369863013698,2.318787758284862e-06,-0.0298630136986302,4.485717565805385e-07,-0.0297260273972602,1.3675968188431052e-07,-0.0295890410958903,2.954009128701107e-07,0,0,0,0,0
1500,34,14:25:03,9,-0.0310958904109588,2546900.0,-0.0311643835616438,-0.0312328767123287,2.0349840664385407e-06,-0.0313698630136987,7.111503457984147e-07,-0.0315068493150684,4.130142392906178e-06,-0.0316438356164383,1.531708437104278e-07,-0.0317808219178081,1.416830304321457e-06,-0.0310958904109588,6.564464730446905e-07,-0.0302739726027396,2.7351936376862104e-07,-0.0301369863013698,2.636070220256462e-06,-0.0298630136986302,5.470387275372421e-09,-0.0297260273972602,3.8292710927606954e-08,1,1,0,0,0
1501,34,14:25:06,9,-0.0312328767123287,480905.0,-0.0311643835616438,-0.0312328767123287,1.7122312171915677e-06,-0.0313698630136987,7.111503457984147e-07,-0.0315068493150684,4.130142392906178e-06,-0.0316438356164383,1.531708437104278e-07,-0.0317808219178081,1.416830304321457e-06,-0.0310958904109588,6.947391839722974e-07,-0.0309589041095891,4.15749432928304e-07,-0.0305479452054795,4.15749432928304e-07,-0.0304109589041096,1.0940774550744841e-07,-0.0302739726027396,1.6411161826117265e-07,1,1,0,0,0
1502,34,14:25:09,9,-0.0310958904109588,3189329.0,-0.0311643835616438,-0.0312328767123287,1.0940774550744842e-08,-0.0315068493150684,4.091849681978571e-06,-0.0316438356164383,1.531708437104278e-07,-0.0317808219178081,1.416830304321457e-06,-0.0319178082191781,2.680489764932487e-07,-0.0310958904109588,8.096173167551183e-07,-0.0309589041095891,4.704533056820282e-07,-0.0305479452054795,4.15749432928304e-07,-0.0304109589041096,1.1487813278282086e-07,-0.0302739726027396,6.564464730446904e-08,1,1,0,0,0
1503,34,14:25:12,9,-0.0309589041095891,3514518.0,-0.0312328767123287,-0.0315068493150684,2.828190221367541e-06,-0.0316438356164383,1.531708437104278e-07,-0.0317808219178081,1.416830304321457e-06,-0.0319178082191781,2.680489764932487e-07,-0.032054794520548,2.844601383193659e-07,-0.0309589041095891,4.704533056820282e-07,-0.0306849315068492,9.299658368133117e-08,-0.0305479452054795,5.470387275372421e-09,-0.0304109589041096,1.2034852005819325e-07,-0.0302739726027396,6.564464730446904e-08,1,1,0,0,0
1504,34,14:25:15,9,-0.0317808219178081,4927879.0,-0.0315068493150684,-0.0317808219178081,1.2253667496834223e-06,-0.0319178082191781,2.680489764932487e-07,-0.032054794520548,2.844601383193659e-07,-0.0321917808219177,8.752619640595873e-08,-0.0324657534246576,3.883974965514419e-07,-0.0312328767123287,5.470387275372421e-08,-0.0310958904109588,1.4770045643505538e-07,-0.0309589041095891,4.704533056820282e-07,-0.0308219178082191,3.8292710927606954e-08,-0.0306849315068492,9.299658368133117e-08,1,1,0,0,0
1505,34,14:25:18,9,-0.0315068493150684,699882.0,-0.0316438356164383,-0.0317808219178081,1.0940774550744842e-06,-0.0319178082191781,2.680489764932487e-07,-0.032054794520548,2.844601383193659e-07,-0.0321917808219177,8.752619640595873e-08,-0.0324657534246576,3.883974965514419e-07,-0.0315068493150684,4.102790456529316e-07,-0.0312328767123287,1.3128929460893809e-07,-0.0310958904109588,1.4770045643505538e-07,-0.0309589041095891,4.978052420588903e-07,-0.0308219178082191,3.8292710927606954e-08,1,1,0,0,0
1506,34,14:25:21,9,-0.0317808219178081,883626.0,-0.0316438356164383,-0.0317808219178081,9.901400968424082e-07,-0.0319178082191781,2.680489764932487e-07,-0.032054794520548,2.844601383193659e-07,-0.0321917808219177,9.299658368133117e-08,-0.0324657534246576,3.883974965514419e-07,-0.0315068493150684,1.2034852005819325e-07,-0.0313698630136987,2.4616742739175896e-07,-0.0312328767123287,8.752619640595873e-08,-0.0310958904109588,1.750523928119175e-07,-0.0309589041095891,2.7351936376862106e-08,1,1,0,0,0
1507,34,14:25:24,9,-0.0312328767123287,1074707.0,-0.0313698630136984,-0.0315068493150684,1.641116182611726e-08,-0.0316438356164383,5.470387275372421e-07,-0.0317808219178081,8.643211895088425e-07,-0.0319178082191781,2.680489764932487e-07,-0.032054794520548,2.844601383193659e-07,-0.0312328767123287,2.7351936376862106e-08,-0.0310958904109588,1.4223006915968298e-07,-0.0309589041095891,2.7351936376862106e-08,-0.0306849315068492,9.299658368133117e-08,-0.0305479452054795,3.8292710927606954e-08,1,0,0,0,0
1508,34,14:25:27,9,-0.0316438356164383,862544.0,-0.0314383561643836,-0.0316438356164383,3.610455601745798e-07,-0.0317808219178081,8.752619640595873e-07,-0.0319178082191781,2.680489764932487e-07,-0.032054794520548,2.844601383193659e-07,-0.0321917808219177,7.111503457984149e-08,-0.0312328767123287,1.0940774550744842e-08,-0.0310958904109588,1.2581890733356568e-07,-0.0306849315068492,9.299658368133117e-08,-0.0305479452054795,3.8292710927606954e-08,-0.0304109589041096,1.1487813278282086e-07,1,0,0,0,0
1509,34,14:25:30,9,-0.0315068493150684,1003798.0,-0.0313698630136984,-0.0315068493150684,5.634498893633593e-07,-0.0316438356164383,2.2428587829026925e-07,-0.0317808219178081,4.431013693051661e-07,-0.0319178082191781,3.008713001454831e-07,-0.032054794520548,2.844601383193659e-07,-0.0312328767123287,1.0940774550744842e-08,-0.0310958904109588,1.2581890733356568e-07,-0.0306849315068492,9.299658368133117e-08,-0.0305479452054795,1.641116182611726e-08,-0.0304109589041096,1.1487813278282086e-07,1,0,0,0,0
1510,34,14:25:33,9,-0.0315068493150684,318164.0,-0.0314383561643836,-0.0315068493150684,4.102790456529316e-07,-0.0316438356164383,2.352266528410141e-07,-0.0317808219178081,4.81394080232773e-07,-0.0319178082191781,3.336936237977177e-07,-0.032054794520548,2.844601383193659e-07,-0.0313698630136987,9.846697095670357e-08,-0.0312328767123287,1.0940774550744842e-08,-0.0310958904109588,1.2581890733356568e-07,-0.0306849315068492,9.299658368133117e-08,-0.0305479452054795,1.641116182611726e-08,0,0,0,0,0
1511,34,14:25:36,9,-0.0315068493150684,438360.0,-0.0314383561643836,-0.0315068493150684,1.859931673626623e-07,-0.0316438356164383,3.5010478562383493e-07,-0.0317808219178081,6.290945366678284e-07,-0.0319178082191781,3.336936237977177e-07,-0.032054794520548,2.844601383193659e-07,-0.0313698630136987,6.017426002909662e-08,-0.0312328767123287,1.750523928119175e-07,-0.0310958904109588,1.2581890733356568e-07,-0.0306849315068492,9.299658368133117e-08,-0.0305479452054795,1.641116182611726e-08,1,0,0,0,0
1512,34,14:25:39,9,-0.0315068493150684,523210.0,-0.0315753424657535,-0.0316438356164383,3.5557517289920734e-07,-0.0317808219178081,6.290945366678284e-07,-0.0319178082191781,3.336936237977177e-07,-0.032054794520548,2.844601383193659e-07,-0.0321917808219177,7.111503457984149e-08,-0.0315068493150684,4.431013693051661e-07,-0.0312328767123287,1.9693394191340717e-07,-0.0310958904109588,1.2581890733356568e-07,-0.0309589041095891,2.7351936376862106e-08,-0.0306849315068492,9.299658368133117e-08,0,0,0,0,0
1513,34,14:25:42,9,-0.0316438356164383,812981.0,-0.0317123287671232,-0.0317808219178081,6.947391839722974e-07,-0.0319178082191781,3.336936237977177e-07,-0.032054794520548,2.844601383193659e-07,-0.0321917808219177,7.111503457984149e-08,-0.0324657534246576,3.883974965514419e-07,-0.0316438356164383,3.4463439834846253e-07,-0.0315068493150684,2.5163781466713136e-07,-0.0312328767123287,1.9693394191340717e-07,-0.0310958904109588,1.2581890733356568e-07,-0.0309589041095891,2.7351936376862106e-08,0,0,0,0,0
1514,34,14:25:45,9,-0.0319178082191781,1463023.0,-0.0318493150684929,-0.0319178082191781,4.9233485478351786e-08,-0.032054794520548,2.899305255947383e-07,-0.0321917808219177,7.111503457984149e-08,-0.0324657534246576,3.883974965514419e-07,-0.0326027397260273,2.5710820194250377e-07,-0.0317808219178081,1.2581890733356568e-07,-0.0316438356164383,4.15749432928304e-07,-0.0315068493150684,4.759236929574006e-07,-0.0313698630136987,3.282232365223452e-08,-0.0312328767123287,1.9693394191340717e-07,1,0,0,0,0
1515,34,14:25:48,9,-0.0319178082191781,629014.0,-0.0319863013698631,-0.032054794520548,2.954009128701107e-07,-0.0321917808219177,7.111503457984149e-08,-0.0324657534246576,3.883974965514419e-07,-0.0326027397260273,2.5710820194250377e-07,-0.0327397260273972,7.385022821752768e-07,-0.0319178082191781,5.360979529864973e-07,-0.0317808219178081,1.641116182611726e-08,-0.0316438356164383,6.673872475954353e-07,-0.0315068493150684,3.216587717918984e-06,-0.0313698630136987,3.8292710927606954e-08,0,0,0,0,0
1516,34,14:25:51,9,-0.0317808219178081,2042510.0,-0.0319178082191781,-0.032054794520548,9.846697095670357e-08,-0.0321917808219177,7.111503457984149e-08,-0.0324657534246576,3.883974965514419e-07,-0.0326027397260273,2.5710820194250377e-07,-0.0327397260273972,7.385022821752768e-07,-0.0317808219178081,1.974809806409444e-06,-0.0316438356164383,1.805227800872899e-07,-0.0315068493150684,3.216587717918984e-06,-0.0313698630136987,3.8292710927606954e-08,-0.0312328767123287,9.846697095670357e-08,0,0,0,0,0
1517,34,14:25:54,9,-0.0321917808219177,388611.0,-0.0323287671232876,-0.0324657534246576,3.883974965514419e-07,-0.0326027397260273,2.5710820194250377e-07,-0.0327397260273972,7.439726694506492e-07,-0.0328767123287672,7.220911203491596e-07,-0.0331506849315068,9.573177731901736e-07,-0.0321917808219177,7.439726694506492e-07,-0.0319178082191781,1.641116182611726e-08,-0.0317808219178081,2.0349840664385407e-06,-0.0316438356164383,2.5163781466713136e-07,-0.0315068493150684,3.27676197794808e-06,0,0,1,0,0
1518,34,14:25:57,9,-0.0321917808219177,282558.0,-0.0323287671232876,-0.0324657534246576,2.7351936376862104e-07,-0.0326027397260273,2.5710820194250377e-07,-0.0327397260273972,7.439726694506492e-07,-0.0328767123287672,7.220911203491596e-07,-0.0331506849315068,1.0776662932483669e-06,-0.0321917808219177,7.330318948999044e-07,-0.032054794520548,1.531708437104278e-07,-0.0319178082191781,4.3763098202979367e-08,-0.0317808219178081,2.149862199221361e-06,-0.0316438356164383,1.9693394191340717e-07,0,0,1,0,0
1519,34,14:26:00,9,-0.0321917808219177,748769.0,-0.0323287671232876,-0.0324657534246576,1.1487813278282086e-07,-0.0326027397260273,2.297562655656417e-07,-0.0327397260273972,7.439726694506492e-07,-0.0328767123287672,7.220911203491596e-07,-0.0331506849315068,1.0831366805237392e-06,-0.0321917808219177,1.8380501245251333e-06,-0.032054794520548,1.9693394191340717e-07,-0.0319178082191781,3.282232365223452e-08,-0.0317808219178081,2.149862199221361e-06,-0.0316438356164383,1.9693394191340717e-07,0,0,0,0,0
1520,34,14:26:03,9,-0.0321917808219177,4053956.0,-0.0327397260273972,-0.0328767123287672,4.3763098202979367e-08,-0.0331506849315068,1.0831366805237392e-06,-0.0332876712328767,1.586412309858002e-07,-0.0334246575342465,3.2275284924697285e-07,-0.0335616438356164,3.3752289489047835e-06,-0.0326027397260273,1.0940774550744842e-08,-0.0321917808219177,5.470387275372421e-07,-0.032054794520548,2.297562655656417e-07,-0.0319178082191781,3.282232365223452e-08,-0.0317808219178081,2.149862199221361e-06,1,0,1,0,0
1521,34,14:26:06,9,-0.0328767123287672,571757.0,-0.0330136986301369,-0.0331506849315068,7.93206154929001e-07,-0.0332876712328767,1.586412309858002e-07,-0.0334246575342465,3.2275284924697285e-07,-0.0335616438356164,3.3314658507018043e-06,-0.0336986301369862,2.7351936376862106e-08,-0.0328767123287672,1.531708437104278e-07,-0.0326027397260273,2.7898975104399344e-07,-0.0324657534246576,3.993382711021867e-07,-0.0321917808219177,5.032756293342627e-07,-0.032054794520548,3.758156058180853e-06,1,0,1,0,0
1522,34,14:26:09,9,-0.0331506849315068,1404604.0,-0.0332191780821919,-0.0332876712328767,1.586412309858002e-07,-0.0334246575342465,3.2275284924697285e-07,-0.0335616438356164,3.3314658507018043e-06,-0.0336986301369862,2.7351936376862106e-08,-0.0338356164383562,1.3128929460893809e-07,-0.0331506849315068,7.767949931028838e-07,-0.0328767123287672,1.531708437104278e-07,-0.0326027397260273,2.2428587829026925e-07,-0.0324657534246576,4.540421438559109e-07,-0.0321917808219177,5.032756293342627e-07,0,1,1,0,0
1523,34,14:26:12,9,-0.0332876712328767,1100998.0,-0.0333561643835617,-0.0334246575342465,3.391640110730901e-07,-0.0335616438356164,3.3314658507018043e-06,-0.0336986301369862,2.7351936376862106e-08,-0.0338356164383562,1.3128929460893809e-07,-0.0339726027397261,1.0229624204946427e-06,-0.0332876712328767,2.352266528410141e-07,-0.0331506849315068,5.1968679116038e-07,-0.0330136986301369,1.3675968188431052e-07,-0.0328767123287672,6.564464730446904e-08,-0.0327397260273972,1.641116182611726e-08,1,0,1,1,0
1524,34,14:26:15,9,-0.0330136986301369,3640973.0,-0.0332876712328767,-0.0335616438356164,1.9802801936848164e-06,-0.0336986301369862,2.7351936376862106e-08,-0.0338356164383562,1.3128929460893809e-07,-0.0339726027397261,1.0229624204946427e-06,-0.0341095890410958,6.345649239432008e-07,-0.0330136986301369,9.846697095670357e-08,-0.0328767123287672,6.564464730446904e-08,-0.0327397260273972,1.641116182611726e-08,-0.0326027397260273,1.0940774550744841e-07,-0.0324657534246576,2.2428587829026925e-07,1,0,1,0,0
1525,34,14:26:18,9,-0.0332876712328767,1326413.0,-0.0331506849315068,-0.0332876712328767,7.111503457984149e-08,-0.0335616438356164,1.1651924896543256e-06,-0.0336986301369862,2.7351936376862106e-08,-0.0338356164383562,1.3128929460893809e-07,-0.0339726027397261,1.0229624204946427e-06,-0.0330136986301369,8.752619640595873e-08,-0.0328767123287672,6.564464730446904e-08,-0.0327397260273972,2.1881549101489683e-08,-0.0326027397260273,9.846697095670357e-08,-0.0324657534246576,1.805227800872899e-07,1,1,1,0,0
1526,34,14:26:21,9,-0.0331506849315068,1968410.0,-0.0330821917808218,-0.0331506849315068,4.485717565805385e-07,-0.0332876712328767,1.0940774550744842e-08,-0.0336986301369862,2.7351936376862106e-08,-0.0338356164383562,1.3128929460893809e-07,-0.0339726027397261,1.0229624204946427e-06,-0.0330136986301369,8.752619640595873e-08,-0.0328767123287672,1.859931673626623e-07,-0.0327397260273972,2.1881549101489683e-08,-0.0326027397260273,2.5163781466713136e-07,-0.0324657534246576,3.4463439834846253e-07,0,1,1,0,0
1527,34,14:26:24,9,-0.0338356164383562,2729884.0,-0.033904109589041,-0.0339726027397261,7.713246058275113e-07,-0.0341095890410958,6.345649239432008e-07,-0.0342465753424657,5.147634426125448e-06,-0.0343835616438357,9.846697095670357e-08,-0.0345205479452054,7.603838312767665e-07,-0.0338356164383562,1.4759104868954793e-07,-0.0336986301369862,1.859931673626623e-07,-0.0335616438356164,2.1881549101489683e-08,-0.0331506849315068,3.8292710927606954e-08,-0.0330136986301369,1.2034852005819325e-07,2,2,1,1,1
1528,34,14:26:27,9,-0.0338356164383562,303141.0,-0.0337671232876712,-0.0338356164383562,3.720957424708321e-07,-0.0339726027397261,7.713246058275113e-07,-0.0341095890410958,6.345649239432008e-07,-0.0342465753424657,5.158575200676193e-06,-0.0343835616438357,9.846697095670357e-08,-0.0336986301369862,1.9693394191340717e-07,-0.0335616438356164,4.3763098202979367e-08,-0.0332876712328767,2.7351936376862106e-08,-0.0331506849315068,3.8292710927606954e-08,-0.0330136986301369,1.2581890733356568e-07,1,2,1,1,0
1529,34,14:26:30,9,-0.0336986301369862,1128611.0,-0.0337671232876712,-0.0338356164383562,2.243952860357767e-07,-0.0339726027397261,7.713246058275113e-07,-0.0341095890410958,6.619168603200629e-07,-0.0342465753424657,5.229690235256035e-06,-0.0343835616438357,9.846697095670357e-08,-0.0336986301369862,6.619168603200629e-07,-0.0335616438356164,5.53603192267689e-06,-0.0332876712328767,2.7351936376862106e-08,-0.0331506849315068,3.8292710927606954e-08,-0.0330136986301369,1.2581890733356568e-07,1,1,1,1,0
1530,34,14:26:33,9,-0.0335616438356164,2419722.0,-0.0336301369863013,-0.0336986301369862,6.564464730446904e-08,-0.0338356164383562,1.696914132820525e-07,-0.0339726027397261,7.767949931028838e-07,-0.0341095890410958,6.892687966969251e-07,-0.0342465753424657,5.229690235256035e-06,-0.0335616438356164,4.545891825834482e-06,-0.0332876712328767,2.7351936376862106e-08,-0.0331506849315068,9.299658368133117e-08,-0.0330136986301369,1.3128929460893809e-07,-0.0328767123287672,2.07874716464152e-07,1,1,1,0,0
1531,34,14:26:36,9,-0.0338356164383562,740552.0,-0.0336301369863013,-0.0336986301369862,5.470387275372421e-08,-0.0339726027397261,5.690296843842392e-07,-0.0341095890410958,7.111503457984147e-07,-0.0342465753424657,5.229690235256035e-06,-0.0343835616438357,6.564464730446904e-08,-0.0335616438356164,4.589654924037461e-06,-0.0332876712328767,2.7351936376862106e-08,-0.0331506849315068,9.299658368133117e-08,-0.0330136986301369,1.3128929460893809e-07,-0.0328767123287672,2.5710820194250377e-07,1,1,1,0,0
1532,34,14:26:39,9,-0.0332876712328767,6645696.0,-0.0333561643835617,-0.0334246575342465,2.1334510373952441e-07,-0.0335616438356164,5.470387275372421e-09,-0.0336986301369862,2.5710820194250377e-07,-0.0339726027397261,4.213292279491839e-07,-0.0341095890410958,7.111503457984147e-07,-0.0332876712328767,2.1881549101489683e-08,-0.0331506849315068,9.299658368133117e-08,-0.0330136986301369,1.3128929460893809e-07,-0.0328767123287672,2.5710820194250377e-07,-0.0327397260273972,1.641116182611726e-08,1,1,1,0,0
1533,34,14:26:42,9,-0.0338356164383562,2419118.0,-0.0339726027397259,-0.0341095890410958,2.7351936376862106e-08,-0.0342465753424657,5.37739069169109e-06,-0.0343835616438357,6.564464730446904e-08,-0.0345205479452054,7.713246058275113e-07,-0.0346575342465753,7.603838312767665e-07,-0.0338356164383562,1.2570949958805822e-07,-0.0336986301369862,4.540421438559109e-07,-0.0334246575342465,9.846697095670357e-08,-0.0332876712328767,2.1881549101489683e-08,-0.0331506849315068,1.859931673626623e-07,2,1,1,1,0
1534,34,14:26:45,9,-0.0335616438356164,2010139.0,-0.0340410958904109,-0.0342465753424657,5.399272240792579e-06,-0.0343835616438357,7.111503457984149e-08,-0.0345205479452054,7.767949931028838e-07,-0.0346575342465753,7.603838312767665e-07,-0.0347945205479452,2.844601383193659e-07,-0.0338356164383562,5.470387275372421e-08,-0.0335616438356164,5.360979529864972e-09,-0.0334246575342465,2.0240432918877963e-07,-0.0332876712328767,2.1881549101489683e-08,-0.0331506849315068,9.846697095670357e-08,2,2,1,1,0
1535,34,14:26:48,9,-0.0332876712328767,2899873.0,-0.0332191780821919,-0.0332876712328767,1.1324795737475986e-06,-0.0336986301369862,4.595125311312834e-07,-0.0338356164383562,1.1487813278282086e-07,-0.0339726027397261,1.0940774550744842e-08,-0.0341095890410958,9.299658368133117e-08,-0.0331506849315068,9.299658368133117e-08,-0.0330136986301369,9.846697095670357e-08,-0.0328767123287672,2.5710820194250377e-07,-0.0327397260273972,1.641116182611726e-08,-0.0326027397260273,2.680489764932487e-07,1,1,1,0,0
1536,34,14:26:51,9,-0.0332876712328767,987983.0,-0.0332191780821919,-0.0332876712328767,4.10388453398439e-07,-0.0335616438356164,2.1881549101489683e-08,-0.0336986301369862,5.032756293342627e-07,-0.0338356164383562,1.4223006915968298e-07,-0.0339726027397261,1.641116182611726e-08,-0.0331506849315068,7.65854218552139e-08,-0.0330136986301369,8.205580913058631e-08,-0.0328767123287672,2.07874716464152e-07,-0.0327397260273972,1.641116182611726e-08,-0.0326027397260273,2.680489764932487e-07,1,1,1,0,0
1537,34,14:26:54,9,-0.0331506849315068,515162.0,-0.0332191780821919,-0.0332876712328767,2.199095684699713e-08,-0.0334246575342465,1.6411161826117262e-06,-0.0335616438356164,2.1881549101489683e-08,-0.0336986301369862,5.032756293342627e-07,-0.0338356164383562,2.0240432918877963e-07,-0.0331506849315068,2.4616742739175896e-07,-0.0330136986301369,1.859931673626623e-07,-0.0328767123287672,3.2275284924697285e-07,-0.0327397260273972,1.641116182611726e-08,-0.0326027397260273,2.680489764932487e-07,1,1,1,0,0
1538,34,14:26:57,9,-0.0334246575342465,613884.0,-0.0332191780821919,-0.0332876712328767,5.470387275372421e-09,-0.0334246575342465,1.2090649956028123e-06,-0.0335616438356164,5.798610511894766e-07,-0.0336986301369862,1.050314356871505e-06,-0.0338356164383562,2.352266528410141e-07,-0.0331506849315068,2.352266528410141e-07,-0.0330136986301369,2.899305255947383e-07,-0.0328767123287672,3.2275284924697285e-07,-0.0327397260273972,1.641116182611726e-08,-0.0326027397260273,2.680489764932487e-07,1,1,1,0,0
1539,34,14:27:00,9,-0.0334246575342465,2102933.0,-0.0334931506849314,-0.0335616438356164,5.962722130155939e-07,-0.0336986301369862,1.2253667496834223e-06,-0.0338356164383562,2.899305255947383e-07,-0.0339726027397261,6.564464730446904e-08,-0.0341095890410958,1.2581890733356569e-06,-0.0334246575342465,6.344555161976934e-07,-0.0331506849315068,2.5710820194250377e-07,-0.0330136986301369,2.7898975104399344e-07,-0.0328767123287672,3.2275284924697285e-07,-0.0327397260273972,1.641116182611726e-08,1,1,1,0,0
1540,34,14:27:03,9,-0.0334246575342465,105830.0,-0.0334931506849314,-0.0335616438356164,5.525091148126145e-07,-0.0336986301369862,1.2253667496834223e-06,-0.0338356164383562,3.063416874208556e-07,-0.0339726027397261,6.564464730446904e-08,-0.0341095890410958,1.635645795336354e-06,-0.0334246575342465,6.9462977622679e-07,-0.0332876712328767,2.2428587829026925e-07,-0.0331506849315068,1.586412309858002e-07,-0.0330136986301369,2.7898975104399344e-07,-0.0328767123287672,3.2275284924697285e-07,1,1,1,0,0
1541,34,14:27:06,9,-0.0335616438356164,197544.0,-0.0334931506849314,-0.0335616438356164,4.212198202036764e-07,-0.0336986301369862,1.2253667496834223e-06,-0.0338356164383562,3.11812074696228e-07,-0.0339726027397261,6.564464730446904e-08,-0.0341095890410958,1.635645795336354e-06,-0.0334246575342465,7.657448108066314e-07,-0.0332876712328767,7.002095712476699e-07,-0.0331506849315068,1.586412309858002e-07,-0.0330136986301369,2.7898975104399344e-07,-0.0328767123287672,3.2275284924697285e-07,1,1,1,0,0
1542,34,14:27:09,9,-0.0332876712328767,1538276.0,-0.0334246575342465,-0.0335616438356164,6.290945366678284e-07,-0.0336986301369862,1.3074225588140089e-06,-0.0338356164383562,3.11812074696228e-07,-0.0339726027397261,1.03937358232076e-07,-0.0341095890410958,1.706760829916195e-06,-0.0332876712328767,1.5151878675326531e-06,-0.0331506849315068,1.586412309858002e-07,-0.0330136986301369,2.7898975104399344e-07,-0.0328767123287672,3.2275284924697285e-07,-0.0327397260273972,1.641116182611726e-08,1,0,1,0,0
1543,34,14:27:12,9,-0.0335616438356164,797358.0,-0.0334931506849314,-0.0335616438356164,4.431013693051661e-07,-0.0336986301369862,1.3074225588140089e-06,-0.0338356164383562,3.11812074696228e-07,-0.0339726027397261,1.03937358232076e-07,-0.0341095890410958,1.706760829916195e-06,-0.0334246575342465,2.680489764932487e-07,-0.0332876712328767,1.3784281856483426e-06,-0.0331506849315068,2.1334510373952441e-07,-0.0330136986301369,2.7898975104399344e-07,-0.0328767123287672,3.2275284924697285e-07,1,1,1,0,0
1544,34,14:27:15,9,-0.0334246575342465,373921.0,-0.0334931506849314,-0.0335616438356164,6.892687966969251e-07,-0.0336986301369862,1.3074225588140089e-06,-0.0338356164383562,4.102790456529316e-07,-0.0339726027397261,1.586412309858002e-07,-0.0341095890410958,1.7122312171915677e-06,-0.0334246575342465,5.251571784357523e-07,-0.0332876712328767,1.2361981164886595e-06,-0.0331506849315068,1.859931673626623e-07,-0.0330136986301369,7.65854218552139e-08,-0.0328767123287672,3.336936237977177e-07,1,0,1,0,0
1545,34,14:27:18,9,-0.0335616438356164,141116.0,-0.0334931506849314,-0.0335616438356164,8.041469294797458e-07,-0.0336986301369862,1.3074225588140089e-06,-0.0338356164383562,4.102790456529316e-07,-0.0339726027397261,2.6257858921787617e-07,-0.0341095890410958,1.7122312171915677e-06,-0.0334246575342465,6.455056984939457e-07,-0.0332876712328767,1.2361981164886595e-06,-0.0331506849315068,1.859931673626623e-07,-0.0330136986301369,7.65854218552139e-08,-0.0328767123287672,3.336936237977177e-07,1,1,1,0,0
1546,34,14:27:21,9,-0.0335616438356164,2440967.0,-0.0336301369863013,-0.0336986301369862,6.23624149392456e-07,-0.0338356164383562,4.649829184066558e-07,-0.0339726027397261,3.172824619716004e-07,-0.0341095890410958,1.7122312171915677e-06,-0.0342465753424657,5.886136708300725e-06,-0.0335616438356164,1.0940774550744842e-08,-0.0334246575342465,3.063416874208556e-07,-0.0332876712328767,1.4276616711266944e-06,-0.0331506849315068,1.859931673626623e-07,-0.0330136986301369,1.0940774550744842e-08,1,0,1,0,0
1547,34,14:27:24,9,-0.0335616438356164,550323.0,-0.0336301369863013,-0.0336986301369862,5.743906639141042e-07,-0.0338356164383562,4.649829184066558e-07,-0.0339726027397261,3.172824619716004e-07,-0.0341095890410958,1.7122312171915677e-06,-0.0342465753424657,6.104952199315621e-06,-0.0335616438356164,1.0831366805237392e-06,-0.0334246575342465,1.03937358232076e-07,-0.0332876712328767,1.4276616711266944e-06,-0.0331506849315068,1.859931673626623e-07,-0.0330136986301369,1.0940774550744842e-08,0,1,1,0,0
1548,34,14:27:27,9,-0.0336986301369862,1058151.0,-0.0336301369863013,-0.0336986301369862,3.8292710927606954e-08,-0.0338356164383562,4.649829184066558e-07,-0.0339726027397261,3.172824619716004e-07,-0.0341095890410958,1.7122312171915677e-06,-0.0342465753424657,5.990074066532801e-06,-0.0335616438356164,1.2144259751326774e-06,-0.0334246575342465,1.03937358232076e-07,-0.0332876712328767,1.4276616711266944e-06,-0.0331506849315068,1.859931673626623e-07,-0.0330136986301369,1.0940774550744842e-08,1,1,1,0,0
1549,34,14:27:30,9,-0.0338356164383562,409130.0,-0.0336986301369863,-0.0338356164383562,3.282232365223453e-07,-0.0339726027397261,4.2669020747904883e-07,-0.0341095890410958,1.73958315356843e-06,-0.0342465753424657,6.230771106649187e-06,-0.0343835616438357,2.1334510373952441e-07,-0.0335616438356164,1.1542517151035809e-06,-0.0334246575342465,3.883974965514419e-07,-0.0332876712328767,1.3237243128946184e-06,-0.0331506849315068,1.1487813278282086e-07,-0.0330136986301369,1.0940774550744842e-08,1,1,1,0,0
1550,34,14:27:33,9,-0.0335616438356164,550140.0,-0.0336986301369863,-0.0338356164383562,2.1881549101489683e-08,-0.0339726027397261,3.719863347253246e-07,-0.0341095890410958,1.7505239281191746e-06,-0.0342465753424657,6.411293886736477e-06,-0.0343835616438357,2.1334510373952441e-07,-0.0335616438356164,1.5152972752781606e-06,-0.0334246575342465,5.579795020879869e-07,-0.0332876712328767,1.3237243128946184e-06,-0.0331506849315068,1.1487813278282086e-07,-0.0330136986301369,1.0940774550744842e-08,1,1,0,0,0
1551,34,14:27:36,9,-0.0335616438356164,536086.0,-0.0336301369863013,-0.0336986301369862,4.9233485478351786e-08,-0.0339726027397261,2.352266528410141e-07,-0.0341095890410958,1.7724054772206644e-06,-0.0342465753424657,6.411293886736477e-06,-0.0343835616438357,2.1334510373952441e-07,-0.0335616438356164,1.351185657016988e-06,-0.0334246575342465,5.579795020879869e-07,-0.0332876712328767,1.3237243128946184e-06,-0.0331506849315068,1.1487813278282086e-07,-0.0330136986301369,1.0940774550744842e-08,0,0,0,0,0
1552,34,14:27:39,9,-0.0341095890410958,3807787.0,-0.0341780821917808,-0.0342465753424657,6.400353112185732e-06,-0.0343835616438357,2.1334510373952441e-07,-0.0345205479452054,1.2034852005819325e-06,-0.0346575342465753,8.041469294797458e-07,-0.0347945205479452,2.5710820194250377e-07,-0.0341095890410958,5.470387275372421e-08,-0.0336986301369862,1.586412309858002e-07,-0.0335616438356164,1.6848792808147057e-06,-0.0334246575342465,6.619168603200629e-07,-0.0332876712328767,1.318253925619246e-06,1,1,1,1,0
1553,34,14:27:42,9,-0.0338356164383562,817933.0,-0.0339726027397259,-0.0341095890410958,3.282232365223452e-08,-0.0342465753424657,6.805161770563292e-06,-0.0343835616438357,2.1334510373952441e-07,-0.0345205479452054,1.247248298784912e-06,-0.0346575342465753,8.041469294797458e-07,-0.0338356164383562,3.282232365223452e-08,-0.0336986301369862,3.008713001454831e-07,-0.0335616438356164,1.6192346335102366e-06,-0.0334246575342465,3.008713001454831e-07,-0.0332876712328767,1.301952171538636e-06,1,1,1,0,0
1554,34,14:27:45,9,-0.0342465753424657,2206683.0,-0.0340410958904109,-0.0342465753424657,5.289864495285131e-06,-0.0343835616438357,2.1334510373952441e-07,-0.0345205479452054,1.247248298784912e-06,-0.0346575342465753,8.041469294797458e-07,-0.0347945205479452,2.5710820194250377e-07,-0.0338356164383562,8.752619640595873e-08,-0.0336986301369862,3.665159474499522e-07,-0.0335616438356164,1.1925444260311878e-06,-0.0334246575342465,3.008713001454831e-07,-0.0332876712328767,1.301952171538636e-06,1,1,1,0,0
1555,34,14:27:48,9,-0.0338356164383562,1156241.0,-0.033904109589041,-0.0339726027397261,1.3128929460893809e-07,-0.0342465753424657,4.5787141494867164e-06,-0.0343835616438357,2.1334510373952441e-07,-0.0345205479452054,1.247248298784912e-06,-0.0346575342465753,8.041469294797458e-07,-0.0338356164383562,1.2034852005819325e-07,-0.0336986301369862,3.829271092760695e-07,-0.0335616438356164,9.463769986394288e-07,-0.0334246575342465,3.008713001454831e-07,-0.0332876712328767,1.301952171538636e-06,1,0,1,0,0
1556,34,14:27:51,9,-0.0342465753424657,2023434.0,-0.0341780821917808,-0.0342465753424657,3.473695919861487e-06,-0.0343835616438357,2.07874716464152e-07,-0.0345205479452054,1.2527186860602843e-06,-0.0346575342465753,8.041469294797458e-07,-0.0347945205479452,2.5163781466713136e-07,-0.0341095890410958,7.986765422043734e-07,-0.0339726027397261,1.531708437104278e-07,-0.0338356164383562,1.4223006915968298e-07,-0.0336986301369862,8.97143513161077e-07,-0.0335616438356164,9.463769986394288e-07,1,1,1,1,0
1557,34,14:27:54,9,-0.0341095890410958,3342152.0,-0.0340410958904109,-0.0341095890410958,1.028432807770015e-06,-0.0342465753424657,2.625785892178762e-06,-0.0343835616438357,2.07874716464152e-07,-0.0345205479452054,1.2527186860602843e-06,-0.0346575342465753,8.041469294797458e-07,-0.0339726027397261,8.260284785812356e-07,-0.0336986301369862,6.619168603200629e-07,-0.0335616438356164,9.299658368133116e-07,-0.0334246575342465,1.531708437104278e-07,-0.0332876712328767,1.2964817842632638e-06,1,1,1,1,0
1558,34,14:27:57,9,-0.0341095890410958,1452516.0,-0.0340410958904109,-0.0341095890410958,1.3128929460893809e-07,-0.0342465753424657,2.795367897715307e-06,-0.0343835616438357,2.07874716464152e-07,-0.0345205479452054,1.2581890733356569e-06,-0.0346575342465753,8.588508022334701e-07,-0.0339726027397261,1.1268997787267187e-06,-0.0336986301369862,6.619168603200629e-07,-0.0335616438356164,9.026139004364496e-07,-0.0334246575342465,1.531708437104278e-07,-0.0332876712328767,1.2964817842632638e-06,1,1,1,0,0
1559,34,14:28:00,9,-0.0341095890410958,2547903.0,-0.0340410958904109,-0.0341095890410958,1.3484504633793017e-07,-0.0342465753424657,2.8883644813966384e-06,-0.0343835616438357,2.2428587829026925e-07,-0.0345205479452054,1.2144259751326774e-06,-0.0346575342465753,8.588508022334701e-07,-0.0339726027397261,1.066725518697622e-06,-0.0336986301369862,1.2034852005819325e-07,-0.0335616438356164,9.026139004364496e-07,-0.0334246575342465,1.531708437104278e-07,-0.0332876712328767,1.0995478423498563e-06,1,0,1,0,0
1560,34,14:28:03,9,-0.0339726027397261,3998003.0,-0.033904109589041,-0.0339726027397261,1.6411161826117265e-07,-0.0342465753424657,1.8142539398772636e-06,-0.0343835616438357,2.2428587829026925e-07,-0.0345205479452054,1.247248298784912e-06,-0.0346575342465753,8.588508022334701e-07,-0.0338356164383562,6.017426002909662e-08,-0.0336986301369862,1.2034852005819325e-07,-0.0335616438356164,9.299658368133116e-07,-0.0334246575342465,7.65854218552139e-08,-0.0332876712328767,1.0995478423498563e-06,0,0,1,0,0
1561,34,14:28:06,9,-0.0342465753424657,1212697.0,-0.0341780821917808,-0.0342465753424657,1.185159403209435e-06,-0.0343835616438357,2.2428587829026925e-07,-0.0345205479452054,1.247248298784912e-06,-0.0346575342465753,8.588508022334701e-07,-0.0347945205479452,2.7351936376862104e-07,-0.0341095890410958,1.2034852005819325e-07,-0.0338356164383562,1.1487813278282086e-07,-0.0336986301369862,1.2034852005819325e-07,-0.0335616438356164,9.299658368133116e-07,-0.0334246575342465,7.65854218552139e-08,1,0,1,0,0
1562,34,14:28:09,9,-0.0342465753424657,3818615.0,-0.0343150684931505,-0.0343835616438357,1.3128929460893809e-07,-0.0345205479452054,1.2527186860602843e-06,-0.0346575342465753,8.588508022334701e-07,-0.0347945205479452,2.7351936376862104e-07,-0.034931506849315,1.5262380498289051e-06,-0.0342465753424657,4.067232939239395e-07,-0.0341095890410958,2.1334510373952441e-07,-0.0339726027397261,2.7351936376862106e-08,-0.0338356164383562,6.017426002909662e-08,-0.0336986301369862,1.2034852005819325e-07,1,0,1,0,0
1563,34,14:28:12,9,-0.0342465753424657,2758962.0,-0.0343150684931505,-0.0343835616438357,1.641116182611726e-08,-0.0345205479452054,9.280512012669312e-07,-0.0346575342465753,8.588508022334701e-07,-0.0347945205479452,2.7351936376862104e-07,-0.034931506849315,1.5262380498289051e-06,-0.0342465753424657,1.0035425456670705e-06,-0.0341095890410958,1.9146355463803476e-07,-0.0339726027397261,6.017426002909662e-08,-0.0338356164383562,6.017426002909662e-08,-0.0336986301369862,1.2034852005819325e-07,1,1,1,1,0
1564,34,14:28:15,9,-0.0343835616438357,239679.0,-0.0344520547945205,-0.0345205479452054,9.335215885423036e-07,-0.0346575342465753,8.588508022334701e-07,-0.0347945205479452,2.7351936376862104e-07,-0.034931506849315,1.5481195989303952e-06,-0.0350684931506849,2.5710820194250377e-07,-0.0343835616438357,2.2428587829026925e-07,-0.0342465753424657,1.0418352565946776e-06,-0.0341095890410958,1.9693394191340717e-07,-0.0339726027397261,1.0940774550744841e-07,-0.0338356164383562,7.111503457984149e-08,1,1,1,0,0
1565,34,14:28:18,9,-0.0343835616438357,359499.0,-0.0344520547945205,-0.0345205479452054,9.335215885423036e-07,-0.0346575342465753,8.697915767842149e-07,-0.0347945205479452,2.7898975104399344e-07,-0.034931506849315,1.5481195989303952e-06,-0.0350684931506849,2.5710820194250377e-07,-0.0343835616438357,4.3763098202979367e-08,-0.0342465753424657,1.216887649406595e-06,-0.0341095890410958,2.0240432918877963e-07,-0.0339726027397261,1.1487813278282086e-07,-0.0338356164383562,4.3763098202979367e-08,1,1,1,0,0
1566,34,14:28:21,9,-0.0343835616438357,169156.0,-0.0344520547945205,-0.0345205479452054,7.858211321072482e-07,-0.0346575342465753,8.697915767842149e-07,-0.0347945205479452,2.844601383193659e-07,-0.034931506849315,1.5535899862057675e-06,-0.0350684931506849,2.5710820194250377e-07,-0.0343835616438357,7.111503457984149e-08,-0.0342465753424657,1.216887649406595e-06,-0.0341095890410958,9.299658368133117e-08,-0.0339726027397261,1.1487813278282086e-07,-0.0338356164383562,4.3763098202979367e-08,1,1,1,0,0
1567,34,14:28:24,9,-0.0343835616438357,620286.0,-0.0344520547945205,-0.0345205479452054,6.709429993244274e-07,-0.0346575342465753,8.697915767842149e-07,-0.0347945205479452,3.063416874208556e-07,-0.034931506849315,1.55906037348114e-06,-0.0350684931506849,2.5710820194250377e-07,-0.0343835616438357,7.603838312767665e-07,-0.0342465753424657,1.2715915221603192e-06,-0.0341095890410958,1.6411161826117265e-07,-0.0339726027397261,1.1487813278282086e-07,-0.0338356164383562,4.3763098202979367e-08,1,1,1,0,0
1568,34,14:28:27,9,-0.0343835616438357,1726923.0,-0.0343150684931505,-0.0343835616438357,5.470387275372421e-08,-0.0345205479452054,2.169008554685165e-07,-0.0346575342465753,7.713246058275113e-07,-0.0347945205479452,3.063416874208556e-07,-0.034931506849315,1.5918826971333744e-06,-0.0342465753424657,4.759236929574006e-07,-0.0341095890410958,1.6411161826117265e-07,-0.0339726027397261,1.1487813278282086e-07,-0.0338356164383562,4.3763098202979367e-08,-0.0336986301369862,9.299658368133117e-08,1,0,1,0,0
1569,34,14:28:30,9,-0.0343835616438357,1259358.0,-0.0345890410958904,-0.0346575342465753,8.096173167551183e-07,-0.0347945205479452,4.212198202036764e-07,-0.034931506849315,1.5918826971333744e-06,-0.0350684931506849,2.5710820194250377e-07,-0.0352054794520546,3.282232365223453e-07,-0.0345205479452054,1.1679276832920119e-07,-0.0343835616438357,3.8292710927606954e-08,-0.0342465753424657,9.846697095670357e-08,-0.0341095890410958,9.299658368133117e-08,-0.0339726027397261,1.1487813278282086e-07,1,1,1,0,0
1570,34,14:28:33,9,-0.0347945205479452,1550327.0,-0.0347260273972602,-0.0347945205479452,1.9693394191340717e-07,-0.034931506849315,1.630175408060981e-06,-0.0350684931506849,2.5710820194250377e-07,-0.0352054794520546,3.282232365223453e-07,-0.0353424657534245,3.4463439834846253e-07,-0.0346575342465753,1.641116182611726e-08,-0.0345205479452054,5.787669737344021e-07,-0.0343835616438357,7.65854218552139e-08,-0.0342465753424657,1.2581890733356568e-07,-0.0341095890410958,9.299658368133117e-08,1,1,1,0,0
1571,34,14:28:36,9,-0.0347945205479452,408690.0,-0.0348630136986302,-0.034931506849315,1.6192346335102366e-06,-0.0350684931506849,2.5710820194250377e-07,-0.0352054794520546,3.282232365223453e-07,-0.0353424657534245,3.4463439834846253e-07,-0.0354794520547945,4.452895242153151e-06,-0.0347945205479452,2.4616742739175896e-07,-0.0346575342465753,9.135546749871944e-07,-0.0345205479452054,6.827043319664781e-07,-0.0343835616438357,1.03937358232076e-07,-0.0342465753424657,1.03937358232076e-07,1,1,1,0,0
1572,34,14:28:39,9,-0.0347945205479452,591886.0,-0.0348630136986302,-0.034931506849315,1.635645795336354e-06,-0.0350684931506849,2.5710820194250377e-07,-0.0352054794520546,3.282232365223453e-07,-0.0353424657534245,3.4463439834846253e-07,-0.0354794520547945,4.452895242153151e-06,-0.0347945205479452,4.212198202036764e-07,-0.0346575342465753,8.862027386103322e-07,-0.0345205479452054,8.249344011261611e-07,-0.0343835616438357,1.03937358232076e-07,-0.0342465753424657,1.1487813278282086e-07,1,1,1,0,0
1573,34,14:28:42,9,-0.0347945205479452,810268.0,-0.0347260273972602,-0.0347945205479452,1.750523928119175e-07,-0.034931506849315,1.624705020785609e-06,-0.0350684931506849,2.5710820194250377e-07,-0.0352054794520546,3.282232365223453e-07,-0.0353424657534245,3.5557517289920734e-07,-0.0346575342465753,9.190250622625668e-07,-0.0345205479452054,9.343421466336094e-07,-0.0343835616438357,7.65854218552139e-08,-0.0342465753424657,9.846697095670357e-08,-0.0341095890410958,9.299658368133117e-08,1,1,1,0,0
1574,34,14:28:45,9,-0.0346575342465753,1155672.0,-0.0347260273972602,-0.0347945205479452,2.7898975104399344e-07,-0.034931506849315,1.613764246234864e-06,-0.0350684931506849,2.5710820194250377e-07,-0.0352054794520546,3.282232365223453e-07,-0.0353424657534245,3.5557517289920734e-07,-0.0346575342465753,6.219830332098443e-07,-0.0345205479452054,9.343421466336094e-07,-0.0343835616438357,7.65854218552139e-08,-0.0342465753424657,2.680489764932487e-07,-0.0341095890410958,2.1881549101489683e-08,1,1,1,0,0
1575,34,14:28:48,9,-0.0347945205479452,683464.0,-0.0347260273972602,-0.0347945205479452,8.97143513161077e-07,-0.034931506849315,1.613764246234864e-06,-0.0350684931506849,2.5710820194250377e-07,-0.0352054794520546,3.282232365223453e-07,-0.0353424657534245,3.5557517289920734e-07,-0.0346575342465753,1.8254682337917767e-06,-0.0345205479452054,9.343421466336094e-07,-0.0343835616438357,7.65854218552139e-08,-0.0342465753424657,2.680489764932487e-07,-0.0341095890410958,2.1881549101489683e-08,1,1,1,0,0
1576,34,14:28:51,9,-0.0347945205479452,373473.0,-0.0347260273972602,-0.0347945205479452,8.479100276827252e-07,-0.034931506849315,1.6794088935393331e-06,-0.0350684931506849,2.5710820194250377e-07,-0.0352054794520546,3.4463439834846253e-07,-0.0353424657534245,3.77456722000697e-07,-0.0346575342465753,1.7817051355887975e-06,-0.0345205479452054,1.1695687994746237e-06,-0.0343835616438357,7.65854218552139e-08,-0.0342465753424657,2.680489764932487e-07,-0.0341095890410958,2.1881549101489683e-08,1,1,1,0,0
1577,34,14:28:54,9,-0.0346575342465753,697564.0,-0.0347260273972602,-0.0347945205479452,4.759236929574006e-07,-0.034931506849315,2.0732767773661474e-06,-0.0350684931506849,2.5710820194250377e-07,-0.0352054794520546,3.4463439834846253e-07,-0.0353424657534245,6.728576348708078e-07,-0.0346575342465753,1.7324716501104457e-06,-0.0345205479452054,9.726348575612164e-07,-0.0343835616438357,7.65854218552139e-08,-0.0342465753424657,2.5710820194250377e-07,-0.0341095890410958,2.1881549101489683e-08,1,1,1,0,0
1578,34,14:28:57,9,-0.034931506849315,725734.0,-0.0348630136986302,-0.034931506849315,2.2155068465258303e-06,-0.0350684931506849,2.5710820194250377e-07,-0.0352054794520546,3.172824619716004e-07,-0.0353424657534245,7.111503457984147e-07,-0.0354794520547945,4.452895242153151e-06,-0.0347945205479452,4.3763098202979367e-08,-0.0346575342465753,1.7926459101395422e-06,-0.0345205479452054,9.726348575612164e-07,-0.0343835616438357,7.65854218552139e-08,-0.0342465753424657,3.172824619716004e-07,1,1,1,0,0
1579,34,14:29:00,9,-0.034931506849315,324080.0,-0.0348630136986302,-0.034931506849315,2.051395228264658e-06,-0.0350684931506849,2.680489764932487e-07,-0.0352054794520546,3.172824619716004e-07,-0.0353424657534245,7.111503457984147e-07,-0.0354794520547945,4.540421438559109e-06,-0.0347945205479452,4.102790456529316e-07,-0.0346575342465753,1.294840668080652e-06,-0.0345205479452054,1.0273387303149406e-06,-0.0343835616438357,7.65854218552139e-08,-0.0342465753424657,3.172824619716004e-07,1,1,1,0,0
1580,34,14:29:03,9,-0.034931506849315,1423120.0,-0.0348630136986302,-0.034931506849315,1.1104886169006014e-06,-0.0350684931506849,2.680489764932487e-07,-0.0352054794520546,9.080842877118218e-07,-0.0353424657534245,7.111503457984147e-07,-0.0354794520547945,4.540421438559109e-06,-0.0347945205479452,9.791993222916633e-07,-0.0346575342465753,2.345155024952157e-06,-0.0345205479452054,1.005457181213451e-06,-0.0343835616438357,9.846697095670357e-08,-0.0342465753424657,3.172824619716004e-07,1,1,1,0,0
1581,34,14:29:06,9,-0.034931506849315,767960.0,-0.0348630136986302,-0.034931506849315,1.3730672061184775e-06,-0.0350684931506849,2.680489764932487e-07,-0.0352054794520546,9.080842877118218e-07,-0.0353424657534245,7.385022821752768e-07,-0.0354794520547945,4.540421438559109e-06,-0.0347945205479452,8.862027386103322e-07,-0.0346575342465753,2.345155024952157e-06,-0.0345205479452054,1.005457181213451e-06,-0.0343835616438357,9.846697095670357e-08,-0.0342465753424657,3.5010478562383493e-07,1,1,1,0,0
1582,34,14:29:09,9,-0.034931506849315,2367146.0,-0.0350000000000001,-0.0350684931506849,2.7898975104399344e-07,-0.0352054794520546,9.080842877118218e-07,-0.0353424657534245,7.877357676536286e-07,-0.0354794520547945,4.540421438559109e-06,-0.0356164383561643,4.318980161652034e-06,-0.034931506849315,1.1487813278282086e-07,-0.0347945205479452,8.449013146812704e-07,-0.0346575342465753,2.3670365740536467e-06,-0.0345205479452054,9.452829211843544e-07,-0.0343835616438357,9.846697095670357e-08,1,1,1,0,0
1583,34,14:29:12,9,-0.0350684931506849,655103.0,-0.0351369863013698,-0.0352054794520546,9.080842877118218e-07,-0.0353424657534245,7.877357676536286e-07,-0.0354794520547945,4.540421438559109e-06,-0.0356164383561643,4.35727287257964e-06,-0.0357534246575342,9.573177731901736e-07,-0.0350684931506849,3.282232365223452e-08,-0.034931506849315,1.2581890733356568e-07,-0.0347945205479452,1.1731245512036156e-06,-0.0346575342465753,2.32874386312604e-06,-0.0345205479452054,9.452829211843544e-07,1,1,1,0,0
1584,34,14:29:15,9,-0.0352054794520546,1049463.0,-0.0351369863013698,-0.0352054794520546,4.212198202036764e-07,-0.0353424657534245,8.533804149580977e-07,-0.0354794520547945,4.545891825834482e-06,-0.0356164383561643,4.3682136471303855e-06,-0.0357534246575342,9.573177731901736e-07,-0.0350684931506849,3.8292710927606954e-08,-0.034931506849315,3.336936237977177e-07,-0.0347945205479452,1.1293614530006363e-06,-0.0346575342465753,2.32874386312604e-06,-0.0345205479452054,9.288717593582372e-07,1,1,1,0,0
1585,34,14:29:18,9,-0.034931506849315,267677.0,-0.0350684931506849,-0.0352054794520546,3.883974965514419e-07,-0.0353424657534245,8.643211895088425e-07,-0.0354794520547945,4.5513622131098544e-06,-0.0356164383561643,4.373684034405758e-06,-0.0357534246575342,9.573177731901736e-07,-0.034931506849315,2.7898975104399344e-07,-0.0347945205479452,1.1293614530006363e-06,-0.0346575342465753,2.317803088575295e-06,-0.0345205479452054,9.288717593582372e-07,-0.0343835616438357,6.564464730446904e-08,1,1,1,0,0
1586,34,14:29:21,9,-0.0350684931506849,204275.0,-0.0350000000000001,-0.0350684931506849,4.978052420588903e-07,-0.0352054794520546,9.244954495379392e-07,-0.0353424657534245,9.682585477409186e-07,-0.0354794520547945,4.5513622131098544e-06,-0.0356164383561643,4.379154421681131e-06,-0.034931506849315,2.954009128701107e-07,-0.0347945205479452,1.102009516623774e-06,-0.0346575342465753,2.317803088575295e-06,-0.0345205479452054,9.288717593582372e-07,-0.0343835616438357,6.017426002909662e-08,1,1,1,0,0
1587,34,14:29:24,9,-0.034931506849315,3627491.0,-0.0348630136986302,-0.034931506849315,6.564464730446904e-08,-0.0350684931506849,2.7351936376862106e-08,-0.0353424657534245,3.938678838268143e-07,-0.0354794520547945,4.5513622131098544e-06,-0.0356164383561643,4.340861710753524e-06,-0.0347945205479452,8.503717019566428e-07,-0.0346575342465753,2.317803088575295e-06,-0.0345205479452054,9.080842877118218e-07,-0.0343835616438357,6.017426002909662e-08,-0.0342465753424657,4.102790456529316e-07,1,1,1,0,0
1588,34,14:29:27,9,-0.0347945205479452,732686.0,-0.0348630136986302,-0.034931506849315,1.0940774550744841e-07,-0.0350684931506849,3.8292710927606954e-08,-0.0352054794520546,5.470387275372421e-07,-0.0353424657534245,4.102790456529316e-07,-0.0354794520547945,4.5513622131098544e-06,-0.0347945205479452,8.230197655797807e-07,-0.0346575342465753,2.317803088575295e-06,-0.0345205479452054,9.080842877118218e-07,-0.0343835616438357,6.017426002909662e-08,-0.0342465753424657,4.102790456529316e-07,1,1,0,0,0
1589,34,14:29:30,9,-0.0350684931506849,908618.0,-0.0351369863013698,-0.0352054794520546,5.962722130155939e-07,-0.0353424657534245,4.868644675081455e-07,-0.0354794520547945,4.5513622131098544e-06,-0.0356164383561643,4.40103597078262e-06,-0.0357534246575342,1.5043565007274155e-06,-0.0350684931506849,7.65854218552139e-08,-0.034931506849315,3.8292710927606954e-08,-0.0347945205479452,8.831940256088774e-07,-0.0346575342465753,2.350625412227529e-06,-0.0345205479452054,9.080842877118218e-07,1,1,1,0,0
1590,34,14:29:33,9,-0.034931506849315,662188.0,-0.0350000000000001,-0.0350684931506849,1.641116182611726e-08,-0.0352054794520546,6.072129875663387e-07,-0.0353424657534245,5.142164038850075e-07,-0.0354794520547945,4.5513622131098544e-06,-0.0356164383561643,4.406506358057993e-06,-0.034931506849315,2.1881549101489683e-08,-0.0347945205479452,8.613124765073876e-07,-0.0346575342465753,2.345155024952157e-06,-0.0345205479452054,9.080842877118218e-07,-0.0343835616438357,2.1881549101489683e-08,1,1,1,0,0
1591,34,14:29:36,9,-0.0350684931506849,154968.0,-0.0350000000000001,-0.0350684931506849,7.111503457984149e-08,-0.0352054794520546,6.181537621170835e-07,-0.0353424657534245,9.682585477409186e-07,-0.0354794520547945,4.556832600385226e-06,-0.0356164383561643,4.417447132608737e-06,-0.034931506849315,2.1334510373952441e-07,-0.0347945205479452,9.871313838409534e-07,-0.0346575342465753,2.345155024952157e-06,-0.0345205479452054,9.026139004364496e-07,-0.0343835616438357,2.1881549101489683e-08,1,1,1,0,0
1592,34,14:29:39,9,-0.034931506849315,605866.0,-0.0350000000000001,-0.0350684931506849,1.4770045643505538e-07,-0.0352054794520546,7.002095712476699e-07,-0.0353424657534245,9.682585477409186e-07,-0.0354794520547945,4.562302987660599e-06,-0.0356164383561643,4.384624808956502e-06,-0.034931506849315,3.063416874208556e-07,-0.0347945205479452,9.871313838409534e-07,-0.0346575342465753,2.345155024952157e-06,-0.0345205479452054,9.026139004364496e-07,-0.0343835616438357,2.1881549101489683e-08,1,1,0,0,0
1593,34,14:29:42,9,-0.034931506849315,887479.0,-0.0350000000000001,-0.0350684931506849,3.8292710927606954e-08,-0.0352054794520546,3.665159474499522e-07,-0.0353424657534245,9.73728935016291e-07,-0.0354794520547945,4.562302987660599e-06,-0.0356164383561643,4.931663536493744e-06,-0.034931506849315,5.1968679116038e-07,-0.0347945205479452,8.777236383335049e-07,-0.0346575342465753,2.345155024952157e-06,-0.0345205479452054,8.97143513161077e-07,-0.0343835616438357,2.1881549101489683e-08,1,1,0,0,0
1594,34,14:29:45,9,-0.034931506849315,859418.0,-0.0350684931506849,-0.0352054794520546,3.391640110730901e-07,-0.0353424657534245,1.416830304321457e-06,-0.0354794520547945,4.562302987660599e-06,-0.0356164383561643,4.986367409247469e-06,-0.0357534246575342,1.5043565007274155e-06,-0.034931506849315,1.531708437104278e-07,-0.0347945205479452,8.831940256088774e-07,-0.0346575342465753,2.345155024952157e-06,-0.0345205479452054,8.096173167551183e-07,-0.0343835616438357,2.1881549101489683e-08,1,1,0,0,0
1595,34,14:29:48,9,-0.0353424657534245,1309225.0,-0.0352054794520546,-0.0353424657534245,1.2533751325333291e-06,-0.0354794520547945,4.567773374935971e-06,-0.0356164383561643,5.008248958348959e-06,-0.0357534246575342,1.5043565007274155e-06,-0.0358904109589042,7.056799585230423e-07,-0.0350684931506849,7.65854218552139e-08,-0.034931506849315,8.424396404073528e-07,-0.0347945205479452,8.831940256088774e-07,-0.0346575342465753,1.6941789391828388e-06,-0.0345205479452054,8.150877040304907e-07,1,1,0,0,0
1596,34,14:29:51,9,-0.034931506849315,4040244.0,-0.034794520547945,-0.034931506849315,1.288276203350205e-07,-0.0350684931506849,1.9146355463803476e-07,-0.0352054794520546,2.7898975104399344e-07,-0.0353424657534245,1.2588455198087015e-06,-0.0354794520547945,4.567773374935971e-06,-0.0346575342465753,1.6941789391828388e-06,-0.0345205479452054,8.150877040304907e-07,-0.0343835616438357,2.1881549101489683e-08,-0.0342465753424657,6.345649239432008e-07,-0.0341095890410958,4.9233485478351786e-08,1,0,0,0,0
1597,34,14:29:54,9,-0.0352054794520546,1345524.0,-0.034931506849315,-0.0352054794520546,3.9140620955289673e-07,-0.0353424657534245,1.0892635142721564e-06,-0.0354794520547945,4.567773374935971e-06,-0.0356164383561643,5.041071282001193e-06,-0.0357534246575342,1.5043565007274155e-06,-0.0346575342465753,1.78717552286417e-06,-0.0345205479452054,8.150877040304907e-07,-0.0343835616438357,2.1881549101489683e-08,-0.0342465753424657,6.345649239432008e-07,-0.0341095890410958,4.9233485478351786e-08,1,0,0,0,0
1598,34,14:29:57,9,-0.0353424657534245,6232337.0,-0.0352054794520546,-0.0353424657534245,1.641116182611726e-08,-0.0354794520547945,2.0058269022608056e-06,-0.0356164383561643,5.057482443827311e-06,-0.0357534246575342,1.5043565007274155e-06,-0.0358904109589042,7.056799585230423e-07,-0.0350684931506849,2.1334510373952441e-07,-0.034931506849315,3.8292710927606954e-08,-0.0346575342465753,1.2127848589500656e-06,-0.0345205479452054,8.150877040304907e-07,-0.0343835616438357,2.1881549101489683e-08,1,0,0,0,0
1599,34,14:30:00,9,-0.0350684931506849,2141087.0,-0.0351369863013698,-0.0352054794520546,3.282232365223452e-08,-0.0353424657534245,5.470387275372421e-09,-0.0354794520547945,1.85812644582575e-06,-0.0356164383561643,6.009329829742112e-06,-0.0357534246575342,1.7669350899452918e-06,-0.0350684931506849,2.352266528410141e-07,-0.034931506849315,1.0940774550744842e-08,-0.0346575342465753,1.1690217607470863e-06,-0.0345205479452054,8.150877040304907e-07,-0.0343835616438357,2.1881549101489683e-08,1,0,0,0,0
1600,34,14:30:03,9,-0.0350684931506849,1535426.0,-0.0351369863013698,-0.0352054794520546,5.470387275372421e-08,-0.0353424657534245,5.470387275372421e-07,-0.0354794520547945,1.710425989390695e-06,-0.0356164383561643,6.047622540669719e-06,-0.0357534246575342,1.7669350899452918e-06,-0.0350684931506849,2.5710820194250377e-07,-0.034931506849315,2.2756811065549272e-06,-0.0346575342465753,1.1580809861963414e-06,-0.0345205479452054,8.150877040304907e-07,-0.0343835616438357,2.1881549101489683e-08,1,0,0,0,0
1601,34,14:30:06,9,-0.0353424657534245,1535259.0,-0.0352054794520546,-0.0353424657534245,4.3763098202979367e-08,-0.0354794520547945,1.830774509448888e-06,-0.0356164383561643,6.080444864321953e-06,-0.0357534246575342,1.7669350899452918e-06,-0.0358904109589042,7.166207330737871e-07,-0.0350684931506849,3.172824619716004e-07,-0.034931506849315,2.2756811065549272e-06,-0.0346575342465753,1.163551373471714e-06,-0.0345205479452054,8.150877040304907e-07,-0.0343835616438357,2.1881549101489683e-08,1,0,0,0,0
1602,34,14:30:09,9,-0.0353424657534245,5912305.0,-0.0354109589041097,-0.0354794520547945,9.204473629541636e-07,-0.0356164383561643,6.107796800698815e-06,-0.0357534246575342,1.520767662553533e-06,-0.0358904109589042,7.166207330737871e-07,-0.0360273972602739,1.985750580960189e-06,-0.0353424657534245,9.299658368133117e-08,-0.0352054794520546,7.65854218552139e-08,-0.0350684931506849,3.8292710927606954e-08,-0.034931506849315,3.008713001454831e-07,-0.0346575342465753,1.1799625352978313e-06,1,0,0,0,0
1603,34,14:30:12,9,-0.0353424657534245,1140894.0,-0.0351369863013698,-0.0352054794520546,5.470387275372421e-09,-0.0353424657534245,6.017426002909662e-08,-0.0354794520547945,8.383915538235772e-07,-0.0356164383561643,6.1187375752495605e-06,-0.0357534246575342,1.520767662553533e-06,-0.0350684931506849,1.2581890733356568e-07,-0.034931506849315,1.340244882466243e-06,-0.0346575342465753,1.1471402116455967e-06,-0.0345205479452054,8.150877040304907e-07,-0.0343835616438357,2.1881549101489683e-08,0,0,0,0,0
1604,34,14:30:15,9,-0.0354794520547945,4057463.0,-0.0355479452054794,-0.0356164383561643,6.129678349800305e-06,-0.0357534246575342,1.520767662553533e-06,-0.0358904109589042,7.166207330737871e-07,-0.0360273972602739,1.985750580960189e-06,-0.0361643835616438,3.938678838268143e-07,-0.0354794520547945,7.261392069329352e-07,-0.0353424657534245,7.111503457984149e-08,-0.0352054794520546,3.282232365223452e-08,-0.0350684931506849,1.531708437104278e-06,-0.034931506849315,2.5546708575989204e-06,1,0,0,0,0
1605,34,14:30:18,9,-0.0354794520547945,2413050.0,-0.0355479452054794,-0.0356164383561643,5.108138229997259e-06,-0.0357534246575342,1.7888166390467817e-06,-0.0358904109589042,8.424396404073528e-07,-0.0360273972602739,1.991220968235561e-06,-0.0361643835616438,3.938678838268143e-07,-0.0354794520547945,2.7351936376862106e-08,-0.0353424657534245,6.017426002909662e-08,-0.0352054794520546,5.360979529864973e-08,-0.0350684931506849,1.8271093499743888e-06,-0.034931506849315,3.3861697234555286e-06,1,0,0,0,0
1606,34,14:30:21,9,-0.0356164383561643,8573628.0,-0.0356849315068491,-0.0357534246575342,1.6848792808147057e-06,-0.0358904109589042,8.588508022334701e-07,-0.0360273972602739,1.9966913555109336e-06,-0.0361643835616438,3.938678838268143e-07,-0.0363013698630138,6.455056984939457e-07,-0.0356164383561643,1.0509817441191002e-05,-0.0353424657534245,2.1881549101489683e-08,-0.0350684931506849,1.098453764894782e-06,-0.034931506849315,3.3861697234555286e-06,-0.0347945205479452,5.470387275372421e-09,1,0,0,0,0
1607,34,14:30:24,9,-0.0357534246575342,3061937.0,-0.0358219178082193,-0.0358904109589042,5.032756293342627e-07,-0.0360273972602739,1.9966913555109336e-06,-0.0361643835616438,3.938678838268143e-07,-0.0363013698630138,7.056799585230423e-07,-0.0364383561643835,8.205580913058631e-08,-0.0357534246575342,1.2198963624080498e-06,-0.0356164383561643,4.3380171093703295e-06,-0.0354794520547945,5.470387275372421e-08,-0.0353424657534245,2.1881549101489683e-08,-0.0350684931506849,1.114864926720899e-06,1,0,0,0,0
1608,34,14:30:27,9,-0.0360273972602739,3124764.0,-0.0358904109589042,-0.0360273972602739,1.1159590041759738e-06,-0.0361643835616438,4.15749432928304e-07,-0.0363013698630138,7.111503457984147e-07,-0.0364383561643835,8.205580913058631e-08,-0.0365753424657534,8.479100276827252e-07,-0.0357534246575342,7.002095712476699e-07,-0.0356164383561643,4.327076334819585e-06,-0.0354794520547945,5.470387275372421e-08,-0.0353424657534245,2.1881549101489683e-08,-0.0350684931506849,1.114864926720899e-06,1,0,0,0,0
1609,34,14:30:30,9,-0.0357534246575342,499672.0,-0.0358904109589042,-0.0360273972602739,9.463769986394288e-07,-0.0361643835616438,4.15749432928304e-07,-0.0363013698630138,7.111503457984147e-07,-0.0364383561643835,8.205580913058631e-08,-0.0365753424657534,8.479100276827252e-07,-0.0357534246575342,1.0940774550744842e-06,-0.0356164383561643,4.917878160559806e-06,-0.0354794520547945,5.470387275372421e-08,-0.0353424657534245,2.7351936376862106e-08,-0.0352054794520546,7.111503457984149e-08,1,0,0,0,0
1610,34,14:30:33,9,-0.0357534246575342,626361.0,-0.0358904109589042,-0.0360273972602739,7.713246058275113e-07,-0.0361643835616438,4.923348547835179e-07,-0.0363013698630138,9.573177731901736e-07,-0.0364383561643835,8.205580913058631e-08,-0.0365753424657534,8.479100276827252e-07,-0.0357534246575342,2.23738839562732e-06,-0.0356164383561643,4.939759709661296e-06,-0.0354794520547945,6.564464730446904e-08,-0.0353424657534245,8.205580913058631e-08,-0.0352054794520546,7.111503457984149e-08,1,0,0,0,0
1611,34,14:30:36,9,-0.0358904109589042,302593.0,-0.035958904109589,-0.0360273972602739,5.470387275372421e-07,-0.0361643835616438,4.923348547835179e-07,-0.0363013698630138,1.001080871393153e-06,-0.0364383561643835,8.752619640595873e-08,-0.0365753424657534,8.479100276827252e-07,-0.0358904109589042,6.564464730446904e-08,-0.0357534246575342,2.2975626556564166e-06,-0.0356164383561643,4.715473831371027e-06,-0.0354794520547945,7.111503457984149e-08,-0.0353424657534245,8.205580913058631e-08,0,0,0,0,0
1612,34,14:30:39,9,-0.0360273972602739,1111802.0,-0.0360958904109587,-0.0361643835616438,2.5710820194250377e-07,-0.0363013698630138,1.0339031950453876e-06,-0.0364383561643835,8.752619640595873e-08,-0.0365753424657534,8.096173167551183e-07,-0.0367123287671233,1.7450535408438022e-06,-0.0360273972602739,4.469306403979268e-06,-0.0358904109589042,3.008713001454831e-07,-0.0357534246575342,3.11812074696228e-06,-0.0356164383561643,4.704533056820282e-06,-0.0354794520547945,7.111503457984149e-08,1,0,0,0,0
1613,34,14:30:42,9,-0.0361643835616438,499565.0,-0.0362328767123288,-0.0363013698630138,1.0721959059729943e-06,-0.0364383561643835,9.846697095670357e-08,-0.0365753424657534,8.205580913058631e-07,-0.0367123287671233,1.7450535408438022e-06,-0.036849315068493,8.588508022334701e-07,-0.0361643835616438,1.6411161826117265e-07,-0.0360273972602739,4.638888409515813e-06,-0.0358904109589042,6.892687966969251e-07,-0.0357534246575342,3.134531908788397e-06,-0.0356164383561643,4.731884993197144e-06,1,0,0,0,0
1614,34,14:30:45,9,-0.0361643835616438,372860.0,-0.0362328767123288,-0.0363013698630138,8.479100276827252e-07,-0.0364383561643835,9.846697095670357e-08,-0.0365753424657534,8.205580913058631e-07,-0.0367123287671233,1.7450535408438022e-06,-0.036849315068493,8.588508022334701e-07,-0.0361643835616438,6.947391839722974e-07,-0.0360273972602739,4.6443587967911855e-06,-0.0358904109589042,6.892687966969251e-07,-0.0357534246575342,2.729723250410838e-06,-0.0356164383561643,4.704533056820282e-06,1,0,0,0,0
1615,34,14:30:48,9,-0.0361643835616438,787962.0,-0.0362328767123288,-0.0363013698630138,4.923348547835179e-07,-0.0364383561643835,9.846697095670357e-08,-0.0365753424657534,9.791993222916633e-07,-0.0367123287671233,1.7450535408438022e-06,-0.036849315068493,8.588508022334701e-07,-0.0361643835616438,2.23738839562732e-06,-0.0360273972602739,4.524010276732992e-06,-0.0358904109589042,7.002095712476699e-07,-0.0357534246575342,2.6695489903817413e-06,-0.0356164383561643,4.534951051283737e-06,0,0,0,0,0
1616,34,14:30:51,9,-0.0365753424657534,1645956.0,-0.0365068493150684,-0.0365753424657534,3.719863347253246e-07,-0.0367123287671233,1.7450535408438022e-06,-0.036849315068493,8.588508022334701e-07,-0.036986301369863,1.2445131051472258e-05,-0.0371232876712327,5.470387275372421e-08,-0.0364383561643835,5.470387275372421e-09,-0.0363013698630138,2.7898975104399344e-07,-0.0361643835616438,2.538259695772803e-06,-0.0360273972602739,4.545891825834482e-06,-0.0358904109589042,7.002095712476699e-07,1,0,0,0,0
1617,34,14:30:54,9,-0.0364383561643835,422037.0,-0.0365068493150684,-0.0365753424657534,3.883974965514419e-07,-0.0367123287671233,1.7450535408438022e-06,-0.036849315068493,8.588508022334701e-07,-0.036986301369863,1.2510775698776729e-05,-0.0371232876712327,5.470387275372421e-08,-0.0364383561643835,5.853314384648491e-07,-0.0363013698630138,5.525091148126145e-07,-0.0361643835616438,2.1006287137430094e-06,-0.0360273972602739,4.545891825834482e-06,-0.0358904109589042,6.017426002909662e-07,1,0,0,0,0
1618,34,14:30:57,9,-0.0365753424657534,1047937.0,-0.0365068493150684,-0.0365753424657534,5.470387275372421e-08,-0.0367123287671233,2.051395228264658e-06,-0.036849315068493,1.2308371369587949e-06,-0.036986301369863,1.2527186860602845e-05,-0.0371232876712327,5.470387275372421e-08,-0.0364383561643835,1.001080871393153e-06,-0.0363013698630138,6.017426002909662e-07,-0.0361643835616438,1.5481195989303952e-06,-0.0360273972602739,4.097320069253944e-06,-0.0358904109589042,6.017426002909662e-07,1,0,0,0,0
1619,34,14:31:00,9,-0.0367123287671233,569685.0,-0.0366438356164384,-0.0367123287671233,2.0349840664385407e-06,-0.036849315068493,1.2581890733356569e-06,-0.036986301369863,1.2554538796979706e-05,-0.0371232876712327,5.470387275372421e-08,-0.0372602739726026,9.409066113640564e-07,-0.0365753424657534,6.017426002909662e-08,-0.0364383561643835,1.0065512586685254e-06,-0.0363013698630138,6.345649239432008e-07,-0.0361643835616438,1.821638962699016e-06,-0.0360273972602739,4.042616196500219e-06,1,0,0,0,0
1620,34,14:31:03,9,-0.036849315068493,3902744.0,-0.0367808219178082,-0.036849315068493,1.050314356871505e-06,-0.036986301369863,1.2581890733356569e-05,-0.0371232876712327,5.470387275372421e-08,-0.0372602739726026,9.409066113640564e-07,-0.0373972602739726,1.2308371369587949e-06,-0.0367123287671233,3.883974965514419e-07,-0.0365753424657534,1.662997731713216e-06,-0.0364383561643835,8.643211895088425e-07,-0.0363013698630138,7.056799585230423e-07,-0.0361643835616438,1.7997574135975264e-06,1,0,0,0,0
1621,34,14:31:06,9,-0.036849315068493,1413292.0,-0.0367808219178082,-0.036849315068493,2.899305255947383e-07,-0.036986301369863,1.4425411245157074e-05,-0.0371232876712327,5.470387275372421e-08,-0.0372602739726026,9.409066113640564e-07,-0.0373972602739726,1.2308371369587949e-06,-0.0367123287671233,7.002095712476699e-07,-0.0365753424657534,1.0448439695961323e-06,-0.0364383561643835,6.455056984939457e-07,-0.0363013698630138,6.619168603200629e-07,-0.0361643835616438,1.4934157261766708e-06,1,0,0,0,0
1622,34,14:31:09,9,-0.036849315068493,5110899.0,-0.036917808219178,-0.036986301369863,1.1033771134426172e-05,-0.0371232876712327,5.470387275372421e-08,-0.0372602739726026,9.409066113640564e-07,-0.0373972602739726,1.2308371369587949e-06,-0.0375342465753424,8.752619640595873e-08,-0.036849315068493,1.0776662932483669e-06,-0.0367123287671233,1.0229624204946427e-06,-0.0365753424657534,1.455123015249064e-06,-0.0364383561643835,6.455056984939457e-07,-0.0363013698630138,6.345649239432008e-07,1,0,0,0,0
1623,34,14:31:12,9,-0.036986301369863,1820828.0,-0.036917808219178,-0.036986301369863,9.841226708394985e-06,-0.0371232876712327,6.017426002909662e-08,-0.0372602739726026,9.409066113640564e-07,-0.0373972602739726,1.2308371369587949e-06,-0.0375342465753424,8.752619640595873e-08,-0.036849315068493,1.066725518697622e-06,-0.0367123287671233,1.5645307607565124e-06,-0.0365753424657534,1.706760829916195e-06,-0.0364383561643835,3.5557517289920734e-07,-0.0363013698630138,6.345649239432008e-07,1,0,0,0,0
1624,34,14:31:15,9,-0.036986301369863,10939554.0,-0.036917808219178,-0.036986301369863,2.5158858118165302e-06,-0.0371232876712327,6.017426002909662e-08,-0.0372602739726026,1.050314356871505e-06,-0.0373972602739726,1.2308371369587949e-06,-0.0375342465753424,8.752619640595873e-08,-0.036849315068493,2.0185729046124235e-06,-0.0367123287671233,1.5754715353072571e-06,-0.0365753424657534,1.925576320931092e-06,-0.0364383561643835,3.5557517289920734e-07,-0.0363013698630138,8.424396404073528e-07,1,0,0,0,0
1625,34,14:31:18,9,-0.036986301369863,4315724.0,-0.0371232876712329,-0.0372602739726026,8.752619640595873e-07,-0.0373972602739726,1.2308371369587949e-06,-0.0375342465753424,8.752619640595873e-08,-0.0376712328767123,3.4244624343831358e-06,-0.0378082191780823,2.680489764932487e-07,-0.036986301369863,1.3626187664225163e-06,-0.036849315068493,1.969339419134072e-06,-0.0367123287671233,7.713246058275113e-07,-0.0365753424657534,4.513069502182247e-06,-0.0364383561643835,3.5557517289920734e-07,1,0,0,0,0
1626,34,14:31:21,9,-0.036986301369863,6615109.0,-0.0371232876712329,-0.0372602739726026,5.470387275372421e-07,-0.0373972602739726,1.2417779115095396e-06,-0.0375342465753424,8.752619640595873e-08,-0.0376712328767123,3.4244624343831358e-06,-0.0378082191780823,2.680489764932487e-07,-0.036986301369863,2.046417175844069e-06,-0.036849315068493,2.532789308497431e-06,-0.0367123287671233,7.494430567260217e-07,-0.0365753424657534,4.5513622131098544e-06,-0.0364383561643835,3.5557517289920734e-07,1,0,0,0,0
1627,34,14:31:24,9,-0.0372602739726026,1272228.0,-0.0373287671232875,-0.0373972602739726,1.2417779115095396e-06,-0.0375342465753424,8.752619640595873e-08,-0.0376712328767123,3.4244624343831358e-06,-0.0378082191780823,2.680489764932487e-07,-0.037945205479452,8.205580913058631e-08,-0.0372602739726026,2.7898975104399344e-07,-0.036986301369863,2.084709886771676e-06,-0.036849315068493,1.701290442640823e-06,-0.0367123287671233,7.494430567260217e-07,-0.0365753424657534,1.7997574135975264e-06,1,0,0,0,0
1628,34,14:31:27,9,-0.0373972602739726,456802.0,-0.0373287671232875,-0.0373972602739726,1.143310940552836e-06,-0.0375342465753424,8.752619640595873e-08,-0.0376712328767123,3.4244624343831358e-06,-0.0378082191780823,2.680489764932487e-07,-0.037945205479452,8.205580913058631e-08,-0.0372602739726026,7.439726694506492e-07,-0.0371232876712327,1.641116182611726e-08,-0.036986301369863,1.1143671214788404e-05,-0.036849315068493,1.4441822406983192e-06,-0.0367123287671233,7.166207330737871e-07,1,0,0,0,0
1629,34,14:31:30,9,-0.0372602739726026,372445.0,-0.0373287671232875,-0.0373972602739726,1.1651924896543256e-06,-0.0375342465753424,8.752619640595873e-08,-0.0376712328767123,3.4244624343831358e-06,-0.0378082191780823,2.680489764932487e-07,-0.037945205479452,8.205580913058631e-08,-0.0372602739726026,1.0612551314222496e-06,-0.0371232876712327,1.641116182611726e-08,-0.036986301369863,1.1712591491427136e-05,-0.036849315068493,1.4441822406983192e-06,-0.0367123287671233,7.65854218552139e-07,0,0,0,0,0
1630,34,14:31:33,9,-0.0373972602739726,1862371.0,-0.0373287671232875,-0.0373972602739726,1.0065512586685254e-06,-0.0375342465753424,1.531708437104278e-07,-0.0376712328767123,3.429932821658508e-06,-0.0378082191780823,2.406970401163865e-07,-0.037945205479452,1.4223006915968298e-07,-0.0372602739726026,5.634498893633593e-07,-0.0371232876712327,1.641116182611726e-08,-0.036986301369863,1.1734473040528626e-05,-0.036849315068493,1.4496526279736915e-06,-0.0367123287671233,5.962722130155939e-07,0,0,0,0,0
1631,34,14:31:36,9,-0.0372602739726026,4307015.0,-0.0374657534246575,-0.0376712328767123,1.9036947718296024e-06,-0.0378082191780823,2.406970401163865e-07,-0.037945205479452,1.4223006915968298e-07,-0.0380821917808219,1.6028234716841191e-06,-0.0382191780821918,6.345649239432008e-07,-0.0372602739726026,9.682585477409186e-07,-0.0371232876712327,2.1881549101489683e-08,-0.036986301369863,1.1778236138731603e-05,-0.036849315068493,1.4496526279736915e-06,-0.0367123287671233,5.962722130155939e-07,0,0,0,0,0
1632,34,14:31:39,9,-0.0375342465753424,4011001.0,-0.0374657534246575,-0.0375342465753424,2.5163781466713136e-07,-0.0376712328767123,6.017426002909662e-08,-0.0380821917808219,1.3566560442923605e-06,-0.0382191780821918,6.345649239432008e-07,-0.0383561643835616,3.536769485146531e-06,-0.0373972602739726,3.938678838268143e-07,-0.0372602739726026,1.2144259751326774e-06,-0.0371232876712327,8.205580913058631e-08,-0.036986301369863,1.124760857302048e-05,-0.036849315068493,1.3894783679445948e-06,0,0,0,0,0
1633,34,14:31:42,9,-0.0375342465753424,4825053.0,-0.0376712328767123,-0.0378082191780823,5.470387275372421e-09,-0.037945205479452,7.65854218552139e-08,-0.0382191780821918,5.470387275372421e-09,-0.0383561643835616,3.115549664942854e-06,-0.0384931506849315,3.11812074696228e-07,-0.0375342465753424,2.6257858921787617e-07,-0.0373972602739726,4.649829184066558e-07,-0.0372602739726026,8.916731258857046e-07,-0.0371232876712327,1.3675968188431052e-07,-0.036986301369863,1.1253078960295852e-05,0,0,0,0,0
1634,34,14:31:45,9,-0.0383561643835616,4307168.0,-0.0384246575342466,-0.0384931506849315,3.11812074696228e-07,-0.0386301369863012,1.706760829916195e-06,-0.0387671232876711,1.1597221023789532e-06,-0.0389041095890411,4.485717565805385e-07,-0.0390410958904108,1.312892946089381e-06,-0.0383561643835616,2.25090025219749e-06,-0.0375342465753424,6.072129875663387e-07,-0.0373972602739726,1.2308371369587949e-06,-0.0372602739726026,9.35436224088684e-07,-0.0371232876712327,1.3675968188431052e-07,1,0,0,0,1
1635,34,14:31:48,9,-0.0384931506849315,1333786.0,-0.0384246575342466,-0.0384931506849315,2.352266528410141e-07,-0.0386301369863012,1.706760829916195e-06,-0.0387671232876711,1.1597221023789532e-06,-0.0389041095890411,4.485717565805385e-07,-0.0390410958904108,1.3347744951908706e-06,-0.0383561643835616,2.043025535733338e-06,-0.0380821917808219,6.619168603200629e-07,-0.0376712328767123,5.470387275372421e-09,-0.0375342465753424,4.212198202036764e-07,-0.0373972602739726,1.208955587857305e-06,1,0,0,0,1
1636,34,14:31:51,9,-0.0383561643835616,210585.0,-0.0384246575342466,-0.0384931506849315,7.111503457984147e-07,-0.0386301369863012,1.706760829916195e-06,-0.0387671232876711,1.1597221023789532e-06,-0.0389041095890411,4.485717565805385e-07,-0.0390410958904108,1.3347744951908706e-06,-0.0383561643835616,2.327485674052704e-06,-0.0382191780821918,1.6411161826117265e-07,-0.0380821917808219,6.619168603200629e-07,-0.037945205479452,2.7351936376862106e-08,-0.0378082191780823,2.1881549101489683e-08,0,0,0,0,1
1637,34,14:31:54,9,-0.0383561643835616,533491.0,-0.0384246575342466,-0.0384931506849315,6.072129875663387e-07,-0.0386301369863012,1.7122312171915677e-06,-0.0387671232876711,1.1597221023789532e-06,-0.0389041095890411,4.485717565805385e-07,-0.0390410958904108,1.3347744951908706e-06,-0.0383561643835616,2.502538066864621e-06,-0.0382191780821918,1.6411161826117265e-07,-0.0380821917808219,6.619168603200629e-07,-0.037945205479452,2.7351936376862106e-08,-0.0378082191780823,2.1881549101489683e-08,0,0,0,0,1
1638,34,14:31:57,9,-0.0384931506849315,603671.0,-0.0384246575342466,-0.0384931506849315,3.665159474499522e-07,-0.0386301369863012,1.7341127662930575e-06,-0.0387671232876711,1.1597221023789532e-06,-0.0389041095890411,4.485717565805385e-07,-0.0390410958904108,1.340244882466243e-06,-0.0383561643835616,2.6228865869228146e-06,-0.0382191780821918,1.6411161826117265e-07,-0.0380821917808219,1.1487813278282086e-07,-0.037945205479452,2.7351936376862106e-08,-0.0378082191780823,2.1881549101489683e-08,0,0,0,0,1
1639,34,14:32:00,9,-0.0384931506849315,5417960.0,-0.0386301369863012,-0.0387671232876711,1.3675968188431052e-07,-0.0389041095890411,4.485717565805385e-07,-0.0390410958904108,1.340244882466243e-06,-0.0391780821917807,1.3457152697416156e-06,-0.0393150684931506,4.212198202036764e-07,-0.0384931506849315,2.5163781466713136e-07,-0.0383561643835616,2.896405950691436e-06,-0.0382191780821918,1.6411161826117265e-07,-0.0380821917808219,1.3675968188431052e-07,-0.037945205479452,2.7351936376862106e-08,0,0,0,0,1
1640,34,14:32:03,9,-0.0387671232876711,772028.0,-0.0388356164383563,-0.0389041095890411,4.595125311312834e-07,-0.0390410958904108,1.340244882466243e-06,-0.0391780821917807,1.3457152697416156e-06,-0.0393150684931506,4.212198202036764e-07,-0.0394520547945205,5.142164038850075e-07,-0.0387671232876711,1.0940774550744841e-07,-0.0386301369863012,6.564464730446904e-08,-0.0384931506849315,2.406970401163865e-07,-0.0383561643835616,2.836231690662339e-06,-0.0382191780821918,1.6411161826117265e-07,0,0,0,1,1
1641,34,14:32:06,9,-0.0390410958904108,6369618.0,-0.0391095890410957,-0.0391780821917807,9.026139004364496e-07,-0.0393150684931506,4.212198202036764e-07,-0.0394520547945205,5.142164038850075e-07,-0.0395890410958904,2.040454453713913e-06,-0.0397260273972603,4.239550138413626e-06,-0.0390410958904108,1.105018229625229e-06,-0.0389041095890411,2.1334510373952441e-07,-0.0387671232876711,7.166207330737871e-07,-0.0386301369863012,1.2034852005819325e-07,-0.0384931506849315,6.017426002909662e-07,1,0,0,1,1
1642,34,14:32:09,9,-0.0391780821917807,996012.0,-0.0391095890410957,-0.0391780821917807,2.844601383193659e-07,-0.0393150684931506,4.3763098202979364e-07,-0.0394520547945205,5.142164038850075e-07,-0.0395890410958904,2.040454453713913e-06,-0.0397260273972603,4.255961300239744e-06,-0.0390410958904108,1.586412309858002e-06,-0.0389041095890411,2.7351936376862106e-08,-0.0387671232876711,8.752619640595873e-07,-0.0386301369863012,5.142164038850075e-07,-0.0384931506849315,7.385022821752768e-07,1,1,1,1,1
1643,34,14:32:12,9,-0.0393150684931506,512033.0,-0.0392465753424658,-0.0393150684931506,4.102790456529316e-07,-0.0394520547945205,5.142164038850075e-07,-0.0395890410958904,2.040454453713913e-06,-0.0397260273972603,4.27237246206586e-06,-0.0398630136986301,9.080842877118218e-07,-0.0391780821917807,8.205580913058631e-08,-0.0390410958904108,1.690349668090078e-06,-0.0389041095890411,7.65854218552139e-08,-0.0387671232876711,9.135546749871944e-07,-0.0386301369863012,6.947391839722974e-07,1,1,1,1,1
1644,34,14:32:15,9,-0.0391780821917807,273542.0,-0.0392465753424658,-0.0393150684931506,6.564464730446905e-07,-0.0394520547945205,7.002095712476699e-07,-0.0395890410958904,2.05686561554003e-06,-0.0397260273972603,4.277842849341233e-06,-0.0398630136986301,9.080842877118218e-07,-0.0391780821917807,2.6257858921787617e-07,-0.0390410958904108,1.3238337206401255e-06,-0.0389041095890411,6.23624149392456e-07,-0.0387671232876711,3.665159474499522e-07,-0.0386301369863012,2.795367897715307e-06,1,0,1,1,1
1645,34,14:32:18,9,-0.0393150684931506,7880660.0,-0.0393835616438356,-0.0394520547945205,5.470387275372421e-09,-0.0397260273972603,2.133451037395244e-06,-0.0398630136986301,9.080842877118218e-07,-0.04,4.939759709661296e-06,-0.0401369863013699,1.0557847441468773e-06,-0.0393150684931506,1.3675968188431052e-07,-0.0391780821917807,7.494430567260217e-07,-0.0390410958904108,1.143310940552836e-06,-0.0389041095890411,6.23624149392456e-07,-0.0387671232876711,2.899305255947383e-07,1,1,1,1,1
1646,34,14:32:21,9,-0.0394520547945205,1598549.0,-0.0395205479452053,-0.0395890410958904,2.07874716464152e-07,-0.0397260273972603,2.171743748322851e-06,-0.0398630136986301,9.080842877118218e-07,-0.04,4.950700484212041e-06,-0.0401369863013699,1.0557847441468773e-06,-0.0394520547945205,5.470387275372421e-09,-0.0393150684931506,1.2581890733356568e-07,-0.0391780821917807,8.533804149580977e-07,-0.0390410958904108,1.001080871393153e-06,-0.0389041095890411,6.23624149392456e-07,1,1,1,1,1
1647,34,14:32:24,9,-0.0394520547945205,1093936.0,-0.0395205479452053,-0.0395890410958904,1.0831366805237392e-06,-0.0397260273972603,2.855542157744404e-06,-0.0398630136986301,9.080842877118218e-07,-0.04,4.950700484212041e-06,-0.0401369863013699,1.001080871393153e-06,-0.0394520547945205,1.4770045643505538e-07,-0.0393150684931506,1.1925444260311878e-06,-0.0391780821917807,8.369692531319804e-07,-0.0390410958904108,7.220911203491596e-07,-0.0389041095890411,5.908018257402214e-07,1,1,1,1,1
1648,34,14:32:27,9,-0.0393150684931506,1591553.0,-0.0394520547945205,-0.0395890410958904,1.7669350899452918e-06,-0.0397260273972603,2.954009128701107e-06,-0.0398630136986301,9.244954495379392e-07,-0.04,4.923348547835179e-06,-0.0401369863013699,9.518473859148012e-07,-0.0393150684931506,1.3293041079154983e-06,-0.0391780821917807,8.369692531319804e-07,-0.0390410958904108,5.634498893633593e-07,-0.0389041095890411,5.908018257402214e-07,-0.0387671232876711,3.282232365223453e-07,1,1,1,1,1
1649,34,14:32:30,9,-0.0394520547945205,2264596.0,-0.0395205479452053,-0.0395890410958904,4.978052420588903e-07,-0.0397260273972603,2.9868314523533416e-06,-0.0398630136986301,9.244954495379392e-07,-0.04,4.9124077732844336e-06,-0.0401369863013699,9.518473859148012e-07,-0.0394520547945205,7.27561507624532e-07,-0.0393150684931506,2.434322337540728e-06,-0.0391780821917807,8.369692531319804e-07,-0.0390410958904108,5.743906639141042e-07,-0.0389041095890411,5.908018257402214e-07,1,1,1,1,1
1650,34,14:32:33,9,-0.0395890410958904,1444216.0,-0.0396575342465754,-0.0397260273972603,3.3095843016003144e-06,-0.0398630136986301,9.463769986394288e-07,-0.04,4.928818935110551e-06,-0.0401369863013699,9.518473859148012e-07,-0.0402739726027396,2.25926994472881e-06,-0.0395890410958904,1.2198963624080498e-06,-0.0394520547945205,6.947391839722974e-07,-0.0393150684931506,2.4890262102944517e-06,-0.0391780821917807,8.096173167551183e-07,-0.0390410958904108,5.798610511894766e-07,1,1,1,1,1
1651,34,14:32:36,9,-0.0395890410958904,2131186.0,-0.0396575342465754,-0.0397260273972603,2.560141244874293e-06,-0.0398630136986301,1.001080871393153e-06,-0.04,4.917878160559806e-06,-0.0401369863013699,9.518473859148012e-07,-0.0402739726027396,2.25926994472881e-06,-0.0395890410958904,8.916731258857046e-07,-0.0394520547945205,1.0448439695961323e-06,-0.0393150684931506,2.538259695772803e-06,-0.0391780821917807,8.096173167551183e-07,-0.0390410958904108,5.798610511894766e-07,1,1,1,1,1
1652,34,14:32:39,9,-0.0394520547945205,4388594.0,-0.0395205479452053,-0.0395890410958904,5.470387275372421e-09,-0.0397260273972603,6.673872475954353e-07,-0.0398630136986301,1.001080871393153e-06,-0.04,4.890526224182944e-06,-0.0401369863013699,9.518473859148012e-07,-0.0394520547945205,7.330318948999044e-07,-0.0393150684931506,2.948538741425735e-06,-0.0391780821917807,7.822653803782562e-07,-0.0390410958904108,5.798610511894766e-07,-0.0389041095890411,5.908018257402214e-07,1,0,1,1,1
1653,34,14:32:42,9,-0.0395890410958904,1934860.0,-0.0397260273972603,-0.0398630136986301,8.752619640595873e-07,-0.04,4.890526224182944e-06,-0.0401369863013699,9.518473859148012e-07,-0.0402739726027396,2.264740332004182e-06,-0.0404109589041096,9.56223695735099e-06,-0.0395890410958904,7.822653803782562e-07,-0.0394520547945205,6.728576348708078e-07,-0.0393150684931506,2.5984339558019e-06,-0.0391780821917807,7.822653803782562e-07,-0.0390410958904108,5.798610511894766e-07,1,1,1,1,1
1654,34,14:32:45,9,-0.0397260273972603,8143758.0,-0.0398630136986301,-0.04,6.072129875663387e-07,-0.0401369863013699,9.518473859148012e-07,-0.0402739726027396,2.264740332004182e-06,-0.0404109589041096,9.56223695735099e-06,-0.0405479452054793,8.096173167551183e-07,-0.0397260273972603,1.2581890733356568e-07,-0.0395890410958904,1.0557847441468773e-06,-0.0394520547945205,9.518473859148012e-07,-0.0393150684931506,2.5984339558019e-06,-0.0391780821917807,7.822653803782562e-07,1,1,1,2,1
1655,34,14:32:48,9,-0.0397260273972603,1303842.0,-0.0397945205479451,-0.0398630136986301,4.868644675081455e-07,-0.04,6.072129875663387e-07,-0.0401369863013699,9.518473859148012e-07,-0.0402739726027396,2.264740332004182e-06,-0.0404109589041096,9.56223695735099e-06,-0.0397260273972603,2.7817466333996298e-06,-0.0395890410958904,3.883974965514419e-07,-0.0394520547945205,9.518473859148012e-07,-0.0393150684931506,2.5984339558019e-06,-0.0391780821917807,7.54913444001394e-07,1,0,1,2,1
1656,34,14:32:51,9,-0.0398630136986301,820156.0,-0.0397945205479451,-0.0398630136986301,5.853314384648491e-07,-0.04,6.072129875663387e-07,-0.0401369863013699,9.573177731901736e-07,-0.0402739726027396,2.264740332004182e-06,-0.0404109589041096,9.56223695735099e-06,-0.0397260273972603,2.94038786438543e-06,-0.0395890410958904,1.92010593365572e-06,-0.0394520547945205,9.463769986394288e-07,-0.0393150684931506,2.560141244874293e-06,-0.0391780821917807,7.439726694506492e-07,1,0,1,2,1
1657,34,14:32:54,9,-0.04,3869288.0,-0.039931506849315,-0.04,3.610455601745798e-07,-0.0401369863013699,1.3949487552199674e-06,-0.0402739726027396,2.2920922683810445e-06,-0.0404109589041096,9.606000055553971e-06,-0.0405479452054793,8.041469294797458e-07,-0.0398630136986301,1.6411161826117265e-07,-0.0397260273972603,2.91850631528394e-06,-0.0395890410958904,1.974809806409444e-06,-0.0394520547945205,9.463769986394288e-07,-0.0393150684931506,2.5929635685265275e-06,1,1,1,2,1
1658,34,14:32:57,9,-0.0398630136986301,869089.0,-0.039931506849315,-0.04,2.2428587829026925e-07,-0.0401369863013699,1.3840079806692225e-06,-0.0402739726027396,2.483555823019079e-06,-0.0404109589041096,9.6005296682786e-06,-0.0405479452054793,8.041469294797458e-07,-0.0398630136986301,2.954009128701107e-07,-0.0397260273972603,2.7242528631354657e-06,-0.0395890410958904,1.925576320931092e-06,-0.0394520547945205,1.0995478423498563e-06,-0.0393150684931506,2.5710820194250377e-06,1,1,1,2,1
1659,34,14:33:00,9,-0.0397260273972603,6026434.0,-0.039931506849315,-0.04,2.5163781466713136e-07,-0.0402739726027396,8.643211895088425e-07,-0.0404109589041096,9.6005296682786e-06,-0.0405479452054793,8.041469294797458e-07,-0.0406849315068492,2.910246030498128e-06,-0.0398630136986301,3.11812074696228e-07,-0.0397260273972603,2.23738839562732e-06,-0.0395890410958904,1.925576320931092e-06,-0.0394520547945205,1.0995478423498563e-06,-0.0393150684931506,2.5163781466713137e-06,1,1,1,2,1
1660,34,14:33:03,9,-0.0398630136986301,1408753.0,-0.04,-0.0401369863013699,5.634498893633593e-07,-0.0402739726027396,9.682585477409186e-07,-0.0404109589041096,9.611470442829344e-06,-0.0405479452054793,7.93206154929001e-07,-0.0406849315068492,2.910246030498128e-06,-0.0398630136986301,3.282232365223452e-08,-0.0397260273972603,2.565611632149665e-06,-0.0395890410958904,1.925576320931092e-06,-0.0394520547945205,1.0995478423498563e-06,-0.0393150684931506,2.5163781466713137e-06,1,1,1,2,1
1661,34,14:33:06,9,-0.04,1443495.0,-0.0401369863013699,-0.0402739726027396,8.260284785812356e-07,-0.0404109589041096,9.616940830104716e-06,-0.0405479452054793,7.93206154929001e-07,-0.0406849315068492,2.910246030498128e-06,-0.0408219178082192,2.3960296266131203e-06,-0.04,2.7351936376862106e-08,-0.0398630136986301,2.297562655656417e-07,-0.0397260273972603,2.5163781466713137e-06,-0.0395890410958904,1.89822438455423e-06,-0.0394520547945205,1.0995478423498563e-06,1,1,1,2,1
1662,34,14:33:09,9,-0.04,1086150.0,-0.040068493150685,-0.0401369863013699,3.8292710927606954e-08,-0.0402739726027396,7.603838312767665e-07,-0.0404109589041096,9.638822379206203e-06,-0.0405479452054793,7.93206154929001e-07,-0.0406849315068492,2.910246030498128e-06,-0.04,3.829271092760695e-07,-0.0398630136986301,5.1968679116038e-07,-0.0397260273972603,2.631256279454134e-06,-0.0395890410958904,1.887283610003485e-06,-0.0394520547945205,1.0995478423498563e-06,1,1,1,2,1
1663,34,14:33:12,9,-0.0401369863013699,350384.0,-0.0402054794520547,-0.0402739726027396,7.877357676536286e-07,-0.0404109589041096,9.638822379206203e-06,-0.0405479452054793,7.93206154929001e-07,-0.0406849315068492,2.910246030498128e-06,-0.0408219178082192,2.4233815629899822e-06,-0.0401369863013699,2.1881549101489683e-08,-0.04,5.962722130155939e-07,-0.0398630136986301,5.415683402618696e-07,-0.0397260273972603,2.631256279454134e-06,-0.0395890410958904,1.887283610003485e-06,1,1,1,2,1
1664,34,14:33:15,9,-0.0402739726027396,721709.0,-0.0402054794520547,-0.0402739726027396,1.3730672061184775e-06,-0.0404109589041096,9.644292766481578e-06,-0.0405479452054793,7.93206154929001e-07,-0.0406849315068492,2.910246030498128e-06,-0.0408219178082192,2.478085435743706e-06,-0.0401369863013699,6.564464730446904e-08,-0.04,3.282232365223453e-07,-0.0398630136986301,6.181537621170835e-07,-0.0397260273972603,1.5371788243796505e-06,-0.0395890410958904,1.887283610003485e-06,1,1,1,2,1
1665,34,14:33:18,9,-0.0404109589041096,3103733.0,-0.0403424657534245,-0.0404109589041096,9.540355408249502e-06,-0.0405479452054793,7.93206154929001e-07,-0.0406849315068492,2.910246030498128e-06,-0.0408219178082192,2.478085435743706e-06,-0.040958904109589,9.004257455263004e-06,-0.0402739726027396,5.415683402618696e-07,-0.0401369863013699,1.03937358232076e-07,-0.04,3.391640110730901e-07,-0.0398630136986301,6.673872475954353e-07,-0.0397260273972603,1.520767662553533e-06,2,1,1,2,1
1666,34,14:33:21,9,-0.0402739726027396,1758520.0,-0.0403424657534245,-0.0404109589041096,9.392654951814446e-06,-0.0405479452054793,7.93206154929001e-07,-0.0406849315068492,2.910246030498128e-06,-0.0408219178082192,2.478085435743706e-06,-0.040958904109589,8.976905518886143e-06,-0.0402739726027396,5.251571784357523e-07,-0.0401369863013699,8.205580913058631e-08,-0.04,3.11812074696228e-07,-0.0398630136986301,9.518473859148012e-07,-0.0397260273972603,1.482474951625926e-06,1,1,1,2,1
1667,34,14:33:24,9,-0.04,1492477.0,-0.039931506849315,-0.04,4.704533056820282e-07,-0.0401369863013699,1.641116182611726e-08,-0.0402739726027396,4.9233485478351786e-08,-0.0404109589041096,9.387184564539074e-06,-0.0405479452054793,7.93206154929001e-07,-0.0398630136986301,8.97143513161077e-07,-0.0397260273972603,1.5152972752781606e-06,-0.0395890410958904,2.7133120885847205e-06,-0.0394520547945205,8.424396404073528e-07,-0.0393150684931506,1.3457152697416156e-06,1,1,1,1,1
1668,34,14:33:27,9,-0.04,1927260.0,-0.039931506849315,-0.04,7.822653803782562e-07,-0.0401369863013699,1.9146355463803476e-07,-0.0402739726027396,2.844601383193659e-07,-0.0404109589041096,9.42000688819131e-06,-0.0405479452054793,7.93206154929001e-07,-0.0398630136986301,6.072129875663387e-07,-0.0397260273972603,1.2034852005819325e-06,-0.0395890410958904,2.7570751867877e-06,-0.0394520547945205,8.424396404073528e-07,-0.0393150684931506,1.3457152697416156e-06,1,1,1,1,1
1669,34,14:33:30,9,-0.0398630136986301,1534961.0,-0.039931506849315,-0.04,1.6411161826117262e-06,-0.0401369863013699,1.9693394191340717e-07,-0.0402739726027396,1.3840079806692225e-06,-0.0404109589041096,9.452829211843545e-06,-0.0405479452054793,7.93206154929001e-07,-0.0398630136986301,6.564464730446904e-08,-0.0397260273972603,9.573177731901736e-07,-0.0395890410958904,2.7351936376862104e-06,-0.0394520547945205,8.424396404073528e-07,-0.0393150684931506,1.3457152697416156e-06,1,1,1,1,1
1670,34,14:33:33,9,-0.04,2838943.0,-0.0397945205479451,-0.04,1.9583986445833265e-06,-0.0401369863013699,2.2428587829026925e-07,-0.0402739726027396,1.7724054772206644e-06,-0.0404109589041096,9.452829211843545e-06,-0.0405479452054793,7.93206154929001e-07,-0.0395890410958904,2.324914592033279e-06,-0.0394520547945205,8.369692531319804e-07,-0.0393150684931506,1.3457152697416156e-06,-0.0391780821917807,7.439726694506492e-07,-0.0390410958904108,4.9233485478351786e-08,1,1,1,1,1
1671,34,14:33:36,9,-0.0398630136986301,1731306.0,-0.039931506849315,-0.04,1.985750580960189e-06,-0.0401369863013699,2.406970401163865e-07,-0.0402739726027396,1.9583986445833265e-06,-0.0404109589041096,9.452829211843545e-06,-0.0405479452054793,8.369692531319804e-07,-0.0398630136986301,1.19801481330656e-06,-0.0397260273972603,1.750523928119175e-07,-0.0395890410958904,2.127980650119872e-06,-0.0394520547945205,8.369692531319804e-07,-0.0393150684931506,1.3457152697416156e-06,1,1,1,1,2
1672,34,14:33:39,9,-0.0398630136986301,3300957.0,-0.039931506849315,-0.04,7.494430567260217e-07,-0.0401369863013699,4.3216059475442123e-07,-0.0402739726027396,2.390559239337748e-06,-0.0404109589041096,9.87404903204722e-06,-0.0405479452054793,8.369692531319804e-07,-0.0398630136986301,2.07874716464152e-07,-0.0397260273972603,1.750523928119175e-07,-0.0395890410958904,2.352266528410141e-06,-0.0394520547945205,6.837984094215526e-07,-0.0393150684931506,1.3457152697416156e-06,1,1,1,1,2
1673,34,14:33:42,9,-0.0398630136986301,1065302.0,-0.039931506849315,-0.04,5.853314384648491e-07,-0.0401369863013699,4.649829184066558e-07,-0.0402739726027396,2.41791117571461e-06,-0.0404109589041096,9.928752904800944e-06,-0.0405479452054793,8.369692531319804e-07,-0.0398630136986301,1.2581890733356568e-07,-0.0397260273972603,1.750523928119175e-07,-0.0395890410958904,2.352266528410141e-06,-0.0394520547945205,6.837984094215526e-07,-0.0393150684931506,1.3457152697416156e-06,1,1,1,1,2
1674,34,14:33:45,9,-0.0398630136986301,1086389.0,-0.0397945205479451,-0.0398630136986301,1.1378405532774636e-06,-0.04,5.853314384648491e-07,-0.0401369863013699,4.649829184066558e-07,-0.0402739726027396,2.855542157744404e-06,-0.0404109589041096,9.961575228453178e-06,-0.0397260273972603,1.03937358232076e-07,-0.0395890410958904,2.352266528410141e-06,-0.0394520547945205,6.837984094215526e-07,-0.0393150684931506,1.3457152697416156e-06,-0.0391780821917807,7.439726694506492e-07,1,1,2,1,2
1675,34,14:33:48,9,-0.04,7178047.0,-0.039931506849315,-0.04,4.923348547835179e-07,-0.0401369863013699,4.923348547835179e-07,-0.0402739726027396,3.287702752498825e-06,-0.0404109589041096,9.972516003003925e-06,-0.0405479452054793,8.369692531319804e-07,-0.0398630136986301,1.3045232535580612e-06,-0.0397260273972603,5.470387275372421e-08,-0.0395890410958904,5.634498893633593e-07,-0.0394520547945205,6.837984094215526e-07,-0.0393150684931506,1.312892946089381e-06,1,1,2,1,2
1676,34,14:33:51,9,-0.0398630136986301,2428349.0,-0.039931506849315,-0.04,3.530040908797823e-07,-0.0401369863013699,5.470387275372421e-07,-0.0402739726027396,3.5776332780935638e-06,-0.0404109589041096,1.0005338326656158e-05,-0.0405479452054793,8.369692531319804e-07,-0.0398630136986301,2.2428587829026925e-07,-0.0397260273972603,8.205580913058631e-08,-0.0395890410958904,5.634498893633593e-07,-0.0394520547945205,6.837984094215526e-07,-0.0393150684931506,1.312892946089381e-06,1,1,2,1,2
1677,34,14:33:54,9,-0.0398630136986301,1762936.0,-0.0397945205479451,-0.0398630136986301,8.205580913058631e-08,-0.04,5.470387275372421e-07,-0.0401369863013699,1.3457152697416156e-06,-0.0402739726027396,3.145472683339142e-06,-0.0404109589041096,1.0043631037583765e-05,-0.0397260273972603,9.325369188327366e-07,-0.0395890410958904,2.844601383193659e-07,-0.0394520547945205,6.837984094215526e-07,-0.0393150684931506,1.312892946089381e-06,-0.0391780821917807,7.439726694506492e-07,1,1,2,1,2
1678,34,14:33:57,9,-0.0398630136986301,1885206.0,-0.0399315068493151,-0.0401369863013699,1.312892946089381e-06,-0.0402739726027396,3.315054688875687e-06,-0.0404109589041096,1.0185861106743448e-05,-0.0405479452054793,8.369692531319804e-07,-0.0406849315068492,2.926657192324245e-06,-0.0397260273972603,1.080237375267792e-06,-0.0395890410958904,3.2275284924697285e-07,-0.0394520547945205,6.837984094215526e-07,-0.0393150684931506,1.312892946089381e-06,-0.0391780821917807,7.439726694506492e-07,1,2,2,1,2
1679,34,14:34:00,9,-0.0401369863013699,1787236.0,-0.0397945205479451,-0.0398630136986301,1.3675968188431052e-07,-0.04,2.7351936376862106e-08,-0.0401369863013699,1.4715341770751812e-06,-0.0402739726027396,3.32052507615106e-06,-0.0404109589041096,1.02350945922218e-05,-0.0397260273972603,8.012476242237985e-07,-0.0395890410958904,3.2275284924697285e-07,-0.0394520547945205,6.837984094215526e-07,-0.0393150684931506,1.312892946089381e-06,-0.0391780821917807,7.439726694506492e-07,1,1,2,1,2
1680,34,14:34:03,9,-0.0398630136986301,1338852.0,-0.0397945205479451,-0.0398630136986301,4.540421438559109e-07,-0.04,1.859931673626623e-07,-0.0401369863013699,1.247248298784912e-06,-0.0402739726027396,3.32052507615106e-06,-0.0404109589041096,1.0240564979497172e-05,-0.0397260273972603,1.8856424938208735e-07,-0.0395890410958904,3.282232365223453e-07,-0.0394520547945205,6.837984094215526e-07,-0.0393150684931506,1.312892946089381e-06,-0.0391780821917807,7.439726694506492e-07,1,2,2,1,2
1681,34,14:34:06,9,-0.0397260273972603,662194.0,-0.0396575342465754,-0.0397260273972603,4.40530287285741e-07,-0.0398630136986301,1.416830304321457e-06,-0.04,2.5710820194250377e-07,-0.0401369863013699,1.5043565007274155e-06,-0.0402739726027396,3.315054688875687e-06,-0.0395890410958904,3.063416874208556e-07,-0.0394520547945205,6.837984094215526e-07,-0.0393150684931506,1.312892946089381e-06,-0.0391780821917807,7.439726694506492e-07,-0.0390410958904108,4.9233485478351786e-08,1,1,1,1,2
1682,34,14:34:09,9,-0.0397260273972603,1759400.0,-0.0397945205479451,-0.0398630136986301,8.781612693155347e-07,-0.04,7.220911203491596e-07,-0.0401369863013699,1.55906037348114e-06,-0.0402739726027396,3.325995463426432e-06,-0.0404109589041096,1.0246035366772544e-05,-0.0397260273972603,4.9233485478351786e-08,-0.0395890410958904,3.063416874208556e-07,-0.0394520547945205,6.892687966969251e-07,-0.0393150684931506,1.312892946089381e-06,-0.0391780821917807,2.406970401163865e-07,1,1,2,1,2
1683,34,14:34:12,9,-0.0397260273972603,2215106.0,-0.0396575342465754,-0.0397260273972603,4.81394080232773e-07,-0.0398630136986301,8.56279720214045e-07,-0.04,8.041469294797458e-07,-0.0401369863013699,1.5754715353072571e-06,-0.0402739726027396,3.380699336180156e-06,-0.0395890410958904,1.586412309858002e-07,-0.0394520547945205,6.892687966969251e-07,-0.0393150684931506,1.3074225588140089e-06,-0.0391780821917807,2.406970401163865e-07,-0.0390410958904108,4.9233485478351786e-08,1,1,1,1,2
1684,34,14:34:15,9,-0.0397260273972603,1745492.0,-0.0396575342465754,-0.0397260273972603,1.3894783679445948e-06,-0.0398630136986301,8.781612693155347e-07,-0.04,9.190250622625668e-07,-0.0401369863013699,1.5754715353072571e-06,-0.0402739726027396,3.0524760996578107e-06,-0.0395890410958904,1.9693394191340717e-07,-0.0394520547945205,6.892687966969251e-07,-0.0393150684931506,1.3074225588140089e-06,-0.0391780821917807,2.406970401163865e-07,-0.0390410958904108,4.9233485478351786e-08,1,2,1,1,2
1685,34,14:34:18,9,-0.0395890410958904,1079589.0,-0.0395205479452053,-0.0395890410958904,1.859931673626623e-07,-0.0397260273972603,1.1214293914513463e-06,-0.0398630136986301,9.109835929677692e-07,-0.04,9.463769986394288e-07,-0.0401369863013699,1.5754715353072571e-06,-0.0394520547945205,6.892687966969251e-07,-0.0393150684931506,1.3074225588140089e-06,-0.0391780821917807,2.406970401163865e-07,-0.0390410958904108,4.9233485478351786e-08,-0.0389041095890411,9.299658368133117e-08,1,2,1,1,2
1686,34,14:34:21,9,-0.0394520547945205,2026004.0,-0.0395205479452053,-0.0395890410958904,2.406970401163865e-07,-0.0397260273972603,4.649829184066558e-07,-0.0398630136986301,1.129799083982666e-06,-0.04,1.3894783679445948e-06,-0.0401369863013699,1.6848792808147057e-06,-0.0394520547945205,5.689202766387318e-07,-0.0393150684931506,1.3074225588140089e-06,-0.0391780821917807,2.406970401163865e-07,-0.0390410958904108,4.9233485478351786e-08,-0.0389041095890411,9.299658368133117e-08,1,2,1,1,2
1687,34,14:34:24,9,-0.0395890410958904,1605389.0,-0.0396575342465754,-0.0397260273972603,8.096173167551183e-07,-0.0398630136986301,1.4197296095774044e-06,-0.04,1.5371788243796505e-06,-0.0401369863013699,1.7559943153945471e-06,-0.0402739726027396,3.0524760996578107e-06,-0.0395890410958904,6.017426002909662e-08,-0.0394520547945205,5.087460166096352e-07,-0.0393150684931506,1.3347744951908706e-06,-0.0391780821917807,2.406970401163865e-07,-0.0390410958904108,4.9233485478351786e-08,1,2,1,1,2
1688,34,14:34:27,9,-0.0394520547945205,3133903.0,-0.0393835616438356,-0.0394520547945205,9.35436224088684e-07,-0.0395890410958904,1.859931673626623e-07,-0.0397260273972603,4.81394080232773e-07,-0.0398630136986301,1.1626214076349009e-06,-0.04,1.55906037348114e-06,-0.0393150684931506,1.3347744951908706e-06,-0.0391780821917807,2.406970401163865e-07,-0.0390410958904108,4.9233485478351786e-08,-0.0389041095890411,9.299658368133117e-08,-0.0387671232876711,8.752619640595873e-08,1,2,1,1,2
1689,34,14:34:30,9,-0.0394520547945205,1086931.0,-0.0393835616438356,-0.0394520547945205,1.2855410097125188e-06,-0.0395890410958904,4.759236929574006e-07,-0.0397260273972603,9.682585477409186e-07,-0.0398630136986301,1.1899733440117629e-06,-0.04,1.55906037348114e-06,-0.0393150684931506,1.050314356871505e-06,-0.0391780821917807,2.5163781466713136e-07,-0.0390410958904108,4.9233485478351786e-08,-0.0389041095890411,9.299658368133117e-08,-0.0387671232876711,8.752619640595873e-08,2,2,1,1,2
1690,34,14:34:33,9,-0.0391780821917807,3148672.0,-0.0391095890410957,-0.0391780821917807,1.3128929460893809e-07,-0.0394520547945205,4.212198202036764e-07,-0.0395890410958904,9.409066113640564e-07,-0.0397260273972603,1.0776662932483669e-06,-0.0398630136986301,1.179032569461018e-06,-0.0390410958904108,5.470387275372421e-08,-0.0389041095890411,9.299658368133117e-08,-0.0387671232876711,8.752619640595873e-08,-0.0386301369863012,2.5929635685265275e-06,-0.0384931506849315,2.0240432918877963e-07,2,1,1,1,2
1691,34,14:34:36,9,-0.0393150684931506,1964086.0,-0.0391780821917807,-0.0393150684931506,4.759236929574006e-07,-0.0394520547945205,5.853314384648491e-07,-0.0395890410958904,9.463769986394288e-07,-0.0397260273972603,1.2308371369587949e-06,-0.0398630136986301,1.179032569461018e-06,-0.0390410958904108,1.03937358232076e-07,-0.0386301369863012,2.2811514938303e-06,-0.0384931506849315,2.0240432918877963e-07,-0.0383561643835616,6.290945366678284e-07,-0.0380821917808219,8.205580913058631e-08,2,1,1,1,2
1692,34,14:34:39,9,-0.0398630136986301,4889404.0,-0.0394520547945205,-0.0398630136986301,1.2808364766556986e-06,-0.04,1.5754715353072571e-06,-0.0401369863013699,1.8763428354527404e-06,-0.0402739726027396,2.740664024961583e-06,-0.0404109589041096,1.2778824675269974e-05,-0.0390410958904108,3.282232365223452e-08,-0.0386301369863012,2.2811514938303e-06,-0.0384931506849315,2.0240432918877963e-07,-0.0383561643835616,6.290945366678284e-07,-0.0380821917808219,8.205580913058631e-08,2,2,1,2,2
1693,34,14:34:42,9,-0.0393150684931506,1662380.0,-0.0393835616438356,-0.0394520547945205,1.641116182611726e-08,-0.0395890410958904,1.641116182611726e-08,-0.0397260273972603,1.4223006915968298e-07,-0.0398630136986301,1.2808364766556986e-06,-0.04,1.5371788243796505e-06,-0.0393150684931506,9.846697095670357e-08,-0.0391780821917807,1.03937358232076e-07,-0.0390410958904108,2.7351936376862106e-08,-0.0386301369863012,2.2811514938303e-06,-0.0384931506849315,2.0240432918877963e-07,2,1,1,2,2
1694,34,14:34:45,9,-0.0383561643835616,5536715.0,-0.0382191780821916,-0.0383561643835616,1.2800706224371465e-06,-0.0390410958904108,2.844601383193659e-07,-0.0393150684931506,1.6411161826117265e-07,-0.0394520547945205,7.65854218552139e-08,-0.0395890410958904,7.111503457984149e-08,-0.0380821917808219,8.205580913058631e-08,-0.0378082191780823,4.3763098202979367e-08,-0.0376712328767123,5.470387275372421e-09,-0.0375342465753424,3.282232365223453e-07,-0.0373972602739726,1.6411161826117265e-07,1,0,0,1,1
1695,34,14:34:48,9,-0.0383561643835616,1382940.0,-0.0382191780821916,-0.0383561643835616,2.0240432918877963e-07,-0.0390410958904108,1.2417779115095396e-06,-0.0391780821917807,9.299658368133117e-08,-0.0393150684931506,5.415683402618696e-07,-0.0394520547945205,1.0940774550744841e-07,-0.0380821917808219,8.205580913058631e-08,-0.0378082191780823,4.3763098202979367e-08,-0.0376712328767123,5.470387275372421e-09,-0.0375342465753424,3.282232365223453e-07,-0.0373972602739726,1.6411161826117265e-07,1,0,0,1,1
1696,34,14:34:51,9,-0.0390410958904108,322887.0,-0.0385616438356164,-0.0390410958904108,1.7505239281191746e-06,-0.0391780821917807,1.03937358232076e-07,-0.0393150684931506,5.962722130155939e-07,-0.0394520547945205,1.0940774550744841e-07,-0.0395890410958904,2.297562655656417e-07,-0.0380821917808219,7.65854218552139e-08,-0.0378082191780823,4.3763098202979367e-08,-0.0376712328767123,5.470387275372421e-09,-0.0375342465753424,3.282232365223453e-07,-0.0373972602739726,1.6411161826117265e-07,1,1,0,1,1
1697,34,14:34:54,9,-0.0390410958904108,694581.0,-0.0387671232876711,-0.0390410958904108,1.3621264315677328e-06,-0.0391780821917807,1.3675968188431052e-07,-0.0393150684931506,7.111503457984147e-07,-0.0394520547945205,2.0240432918877963e-07,-0.0395890410958904,2.297562655656417e-07,-0.0384931506849315,2.7351936376862106e-08,-0.0383561643835616,2.1881549101489683e-08,-0.0382191780821918,6.017426002909662e-08,-0.0380821917808219,1.03937358232076e-07,-0.0378082191780823,4.3763098202979367e-08,1,1,1,1,1
1698,34,14:34:57,9,-0.0390410958904108,603298.0,-0.0386301369863012,-0.0387671232876711,5.470387275372421e-09,-0.0390410958904108,9.026139004364496e-07,-0.0391780821917807,1.531708437104278e-07,-0.0393150684931506,6.892687966969251e-07,-0.0394520547945205,2.0240432918877963e-07,-0.0384931506849315,1.6411161826117265e-07,-0.0383561643835616,7.65854218552139e-08,-0.0382191780821918,6.017426002909662e-08,-0.0380821917808219,5.470387275372421e-09,-0.0378082191780823,4.3763098202979367e-08,1,1,0,1,1
1699,34,14:35:00,9,-0.0387671232876711,1375478.0,-0.0386301369863012,-0.0387671232876711,9.846697095670357e-08,-0.0390410958904108,6.23624149392456e-07,-0.0391780821917807,1.531708437104278e-07,-0.0393150684931506,7.056799585230423e-07,-0.0394520547945205,2.07874716464152e-07,-0.0384931506849315,8.205580913058631e-08,-0.0383561643835616,1.3675968188431052e-07,-0.0382191780821918,2.2428587829026925e-07,-0.0380821917808219,1.0940774550744842e-08,-0.0378082191780823,4.3763098202979367e-08,1,0,0,1,1
1700,34,14:35:03,9,-0.0390410958904108,385861.0,-0.0386986301369863,-0.0389041095890411,5.470387275372421e-09,-0.0390410958904108,4.759236929574006e-07,-0.0391780821917807,1.531708437104278e-07,-0.0393150684931506,7.166207330737871e-07,-0.0394520547945205,2.6257858921787617e-07,-0.0384931506849315,9.299658368133117e-08,-0.0383561643835616,1.6411161826117265e-07,-0.0382191780821918,2.4616742739175896e-07,-0.0380821917808219,1.0940774550744842e-08,-0.0378082191780823,4.3763098202979367e-08,0,0,0,2,1
1701,34,14:35:06,9,-0.0390410958904108,98251.0,-0.0387671232876711,-0.0389041095890411,5.470387275372421e-08,-0.0390410958904108,4.978052420588903e-07,-0.0391780821917807,1.531708437104278e-07,-0.0393150684931506,7.166207330737871e-07,-0.0394520547945205,2.7898975104399344e-07,-0.0386301369863012,5.470387275372421e-08,-0.0384931506849315,4.595125311312834e-07,-0.0383561643835616,4.923348547835179e-07,-0.0382191780821918,2.4616742739175896e-07,-0.0380821917808219,1.0940774550744842e-08,1,1,0,2,1
1702,34,14:35:09,9,-0.0390410958904108,498218.0,-0.0387671232876711,-0.0389041095890411,6.017426002909662e-08,-0.0390410958904108,5.853314384648491e-07,-0.0391780821917807,1.531708437104278e-07,-0.0393150684931506,6.947391839722974e-07,-0.0394520547945205,2.7898975104399344e-07,-0.0386301369863012,1.4223006915968298e-07,-0.0384931506849315,2.297562655656417e-07,-0.0383561643835616,4.923348547835179e-07,-0.0382191780821918,2.4616742739175896e-07,-0.0380821917808219,1.0940774550744842e-08,1,0,0,2,1
1703,34,14:35:12,9,-0.0390410958904108,1136489.0,-0.0391095890410957,-0.0391780821917807,1.531708437104278e-07,-0.0393150684931506,4.868644675081455e-07,-0.0394520547945205,2.7898975104399344e-07,-0.0395890410958904,2.07874716464152e-07,-0.0397260273972603,1.6520569571624711e-06,-0.0390410958904108,1.0940774550744842e-08,-0.0387671232876711,5.470387275372421e-09,-0.0386301369863012,1.531708437104278e-07,-0.0384931506849315,2.297562655656417e-07,-0.0383561643835616,4.923348547835179e-07,1,1,1,2,1
1704,34,14:35:15,9,-0.0390410958904108,336719.0,-0.0391095890410957,-0.0391780821917807,1.6411161826117265e-07,-0.0393150684931506,4.868644675081455e-07,-0.0394520547945205,2.844601383193659e-07,-0.0395890410958904,2.07874716464152e-07,-0.0397260273972603,1.701290442640823e-06,-0.0390410958904108,3.008713001454831e-07,-0.0389041095890411,5.470387275372421e-08,-0.0387671232876711,1.03937358232076e-07,-0.0386301369863012,8.752619640595873e-08,-0.0384931506849315,1.6411161826117265e-07,1,1,1,2,1
1705,34,14:35:18,9,-0.0391780821917807,1108231.0,-0.0392465753424658,-0.0393150684931506,3.282232365223453e-07,-0.0394520547945205,2.7898975104399344e-07,-0.0395890410958904,2.352266528410141e-07,-0.0397260273972603,1.7231719917423126e-06,-0.0398630136986301,1.3081884130325606e-06,-0.0391780821917807,3.008713001454831e-07,-0.0390410958904108,8.479100276827252e-07,-0.0389041095890411,5.470387275372421e-08,-0.0387671232876711,1.03937358232076e-07,-0.0386301369863012,8.752619640595873e-08,1,1,1,2,1
1706,34,14:35:21,9,-0.0389041095890411,2090287.0,-0.0388356164383563,-0.0389041095890411,2.0623360028154027e-06,-0.0394520547945205,2.7898975104399344e-07,-0.0395890410958904,2.6257858921787617e-07,-0.0397260273972603,1.7778758644960367e-06,-0.0398630136986301,1.3081884130325606e-06,-0.0387671232876711,1.03937358232076e-07,-0.0386301369863012,8.752619640595873e-08,-0.0384931506849315,2.5710820194250377e-07,-0.0383561643835616,5.142164038850075e-07,-0.0382191780821918,2.4616742739175896e-07,1,0,1,2,1
1707,34,14:35:24,9,-0.0390410958904108,3416436.0,-0.038972602739726,-0.0390410958904108,2.7351936376862106e-08,-0.0393150684931506,5.470387275372421e-09,-0.0394520547945205,2.5929635685265275e-06,-0.0395890410958904,7.166207330737871e-07,-0.0397260273972603,1.9966913555109336e-06,-0.0389041095890411,6.673872475954353e-07,-0.0387671232876711,5.415683402618696e-07,-0.0386301369863012,8.752619640595873e-08,-0.0384931506849315,2.5710820194250377e-07,-0.0383561643835616,5.142164038850075e-07,1,0,1,2,1
1708,34,14:35:27,9,-0.0390410958904108,834708.0,-0.038972602739726,-0.0390410958904108,1.531708437104278e-07,-0.0393150684931506,1.1487813278282086e-07,-0.0394520547945205,2.5929635685265275e-06,-0.0395890410958904,7.494430567260217e-07,-0.0397260273972603,2.0896879391922647e-06,-0.0389041095890411,1.7888166390467817e-06,-0.0387671232876711,3.008713001454831e-07,-0.0386301369863012,9.846697095670357e-08,-0.0384931506849315,9.299658368133117e-08,-0.0383561643835616,5.142164038850075e-07,1,0,1,2,1
1709,34,14:35:30,9,-0.0390410958904108,1662413.0,-0.0391780821917807,-0.0393150684931506,2.1881549101489683e-08,-0.0394520547945205,2.5492004703235483e-06,-0.0395890410958904,7.822653803782562e-07,-0.0397260273972603,2.127980650119872e-06,-0.0398630136986301,1.3081884130325606e-06,-0.0390410958904108,1.2581890733356568e-07,-0.0389041095890411,1.941987482757209e-06,-0.0387671232876711,3.008713001454831e-07,-0.0386301369863012,1.1487813278282086e-07,-0.0384931506849315,9.299658368133117e-08,1,1,1,2,1
1710,34,14:35:33,9,-0.0394520547945205,1143085.0,-0.0393835616438356,-0.0394520547945205,2.144391811945989e-06,-0.0395890410958904,8.643211895088425e-07,-0.0397260273972603,2.1608029737721063e-06,-0.0398630136986301,1.3191291875833055e-06,-0.04,1.6465865698870986e-06,-0.0393150684931506,1.641116182611726e-08,-0.0391780821917807,1.641116182611726e-08,-0.0390410958904108,5.525091148126145e-07,-0.0389041095890411,2.0732767773661474e-06,-0.0387671232876711,3.008713001454831e-07,1,1,1,2,1
1711,34,14:35:36,9,-0.0393150684931506,582011.0,-0.0392465753424658,-0.0393150684931506,5.470387275372421e-09,-0.0394520547945205,1.7724054772206644e-06,-0.0395890410958904,8.752619640595873e-07,-0.0397260273972603,2.2045660719750856e-06,-0.0398630136986301,1.3191291875833055e-06,-0.0391780821917807,6.564464730446904e-08,-0.0390410958904108,9.463769986394288e-07,-0.0389041095890411,2.1115694882937545e-06,-0.0387671232876711,1.4223006915968298e-07,-0.0386301369863012,1.1487813278282086e-07,1,0,1,2,1
1712,34,14:35:39,9,-0.0393150684931506,1641033.0,-0.0393835616438356,-0.0394520547945205,1.4004191424953395e-06,-0.0395890410958904,8.752619640595873e-07,-0.0397260273972603,3.468225532586115e-06,-0.0398630136986301,1.3191291875833055e-06,-0.04,1.630175408060981e-06,-0.0393150684931506,2.1881549101489683e-08,-0.0390410958904108,6.783280221461801e-07,-0.0389041095890411,1.7505239281191746e-06,-0.0387671232876711,1.3675968188431052e-07,-0.0386301369863012,1.1487813278282086e-07,1,1,2,2,1
1713,34,14:35:42,9,-0.0393150684931506,1598841.0,-0.0393835616438356,-0.0394520547945205,8.205580913058631e-07,-0.0395890410958904,9.244954495379392e-07,-0.0397260273972603,3.418992047107763e-06,-0.0398630136986301,1.3191291875833055e-06,-0.04,1.630175408060981e-06,-0.0393150684931506,2.352266528410141e-07,-0.0390410958904108,1.3894783679445948e-06,-0.0389041095890411,1.3457152697416156e-06,-0.0387671232876711,1.3675968188431052e-07,-0.0386301369863012,1.1487813278282086e-07,1,0,2,2,1
1714,34,14:35:45,9,-0.0395890410958904,1710921.0,-0.0394520547945205,-0.0395890410958904,8.314988658566079e-07,-0.0397260273972603,3.654218699948777e-06,-0.0398630136986301,1.3191291875833055e-06,-0.04,1.630175408060981e-06,-0.0401369863013699,1.870872448177368e-06,-0.0393150684931506,7.877357676536286e-07,-0.0390410958904108,1.3894783679445948e-06,-0.0389041095890411,6.345649239432008e-07,-0.0387671232876711,1.3675968188431052e-07,-0.0386301369863012,1.1487813278282086e-07,1,1,2,2,1
1715,34,14:35:48,9,-0.0395890410958904,2544925.0,-0.0396575342465754,-0.0397260273972603,2.964949903251852e-06,-0.0398630136986301,1.3957146094385195e-06,-0.04,1.630175408060981e-06,-0.0401369863013699,1.870872448177368e-06,-0.0402739726027396,2.8500717704690317e-06,-0.0395890410958904,3.2275284924697285e-07,-0.0394520547945205,5.470387275372421e-08,-0.0393150684931506,7.986765422043734e-07,-0.0390410958904108,1.5371788243796505e-06,-0.0389041095890411,6.673872475954353e-07,1,1,2,2,1
1716,34,14:35:51,9,-0.0397260273972603,175268.0,-0.0396575342465754,-0.0397260273972603,2.7133120885847205e-06,-0.0398630136986301,1.4230665458153815e-06,-0.04,1.630175408060981e-06,-0.0401369863013699,1.870872448177368e-06,-0.0402739726027396,2.8500717704690317e-06,-0.0395890410958904,5.470387275372421e-07,-0.0394520547945205,4.212198202036764e-07,-0.0393150684931506,6.455056984939457e-07,-0.0390410958904108,1.0995478423498563e-06,-0.0389041095890411,6.673872475954353e-07,1,1,2,2,1
1717,34,14:35:54,9,-0.0394520547945205,2874265.0,-0.0395890410958904,-0.0397260273972603,1.3347744951908706e-06,-0.0398630136986301,1.4230665458153815e-06,-0.04,1.630175408060981e-06,-0.0401369863013699,1.8763428354527404e-06,-0.0402739726027396,2.855542157744404e-06,-0.0394520547945205,4.485717565805385e-07,-0.0393150684931506,6.455056984939457e-07,-0.0390410958904108,1.0995478423498563e-06,-0.0389041095890411,4.978052420588903e-07,-0.0387671232876711,1.3675968188431052e-07,1,1,2,2,1
1718,34,14:35:57,9,-0.0397260273972603,2972145.0,-0.0396575342465754,-0.0397260273972603,1.641116182611726e-08,-0.0398630136986301,7.064458127415945e-07,-0.04,1.630175408060981e-06,-0.0401369863013699,1.8763428354527404e-06,-0.0402739726027396,2.8500717704690317e-06,-0.0395890410958904,1.3128929460893809e-07,-0.0394520547945205,4.485717565805385e-07,-0.0393150684931506,6.455056984939457e-07,-0.0390410958904108,1.105018229625229e-06,-0.0389041095890411,4.978052420588903e-07,1,1,2,2,1
1719,34,14:36:00,9,-0.0395890410958904,911260.0,-0.0396575342465754,-0.0397260273972603,5.470387275372421e-08,-0.0398630136986301,4.001041253207389e-07,-0.04,1.613764246234864e-06,-0.0401369863013699,1.8763428354527404e-06,-0.0402739726027396,2.954009128701107e-06,-0.0395890410958904,5.415683402618696e-07,-0.0394520547945205,4.649829184066558e-07,-0.0393150684931506,6.455056984939457e-07,-0.0390410958904108,1.105018229625229e-06,-0.0389041095890411,4.978052420588903e-07,1,2,2,2,1
1720,34,14:36:03,9,-0.0397260273972603,1233743.0,-0.0397945205479451,-0.0398630136986301,3.016371543640353e-07,-0.04,1.613764246234864e-06,-0.0401369863013699,1.8818132227281127e-06,-0.0402739726027396,2.954009128701107e-06,-0.0404109589041096,1.2899173195328167e-05,-0.0397260273972603,1.236307524234167e-06,-0.0395890410958904,6.564464730446905e-07,-0.0394520547945205,5.032756293342627e-07,-0.0393150684931506,6.455056984939457e-07,-0.0390410958904108,1.143310940552836e-06,1,2,2,2,1
1721,34,14:36:06,9,-0.0397260273972603,364514.0,-0.0397945205479451,-0.0398630136986301,2.633444434364283e-07,-0.04,1.613764246234864e-06,-0.0401369863013699,1.870872448177368e-06,-0.0402739726027396,2.954009128701107e-06,-0.0404109589041096,1.2899173195328167e-05,-0.0397260273972603,1.4605934025244365e-06,-0.0395890410958904,6.400353112185732e-07,-0.0394520547945205,5.908018257402214e-07,-0.0393150684931506,6.400353112185732e-07,-0.0390410958904108,1.143310940552836e-06,1,2,2,2,1
1722,34,14:36:09,9,-0.0397260273972603,1115482.0,-0.0398630136986301,-0.04,1.6192346335102366e-06,-0.0401369863013699,1.870872448177368e-06,-0.0402739726027396,2.964949903251852e-06,-0.0404109589041096,1.2899173195328167e-05,-0.0405479452054793,8.697915767842149e-07,-0.0397260273972603,1.432475611929022e-06,-0.0395890410958904,4.595125311312834e-07,-0.0394520547945205,6.23624149392456e-07,-0.0393150684931506,6.455056984939457e-07,-0.0390410958904108,1.1597221023789532e-06,1,2,2,2,1
1723,34,14:36:12,9,-0.0397260273972603,1492961.0,-0.039931506849315,-0.04,1.7888166390467817e-06,-0.0401369863013699,1.870872448177368e-06,-0.0402739726027396,3.019653776005576e-06,-0.0404109589041096,1.2893702808052796e-05,-0.0405479452054793,8.697915767842149e-07,-0.0398630136986301,5.470387275372421e-08,-0.0397260273972603,1.339479028247691e-06,-0.0395890410958904,5.087460166096352e-07,-0.0394520547945205,6.23624149392456e-07,-0.0393150684931506,6.455056984939457e-07,2,2,2,2,1
1724,34,14:36:15,9,-0.0398630136986301,5052637.0,-0.0397945205479451,-0.0398630136986301,1.7997574135975264e-06,-0.0401369863013699,3.77456722000697e-07,-0.0402739726027396,3.0743576487593005e-06,-0.0404109589041096,1.2888232420777424e-05,-0.0405479452054793,8.697915767842149e-07,-0.0397260273972603,1.0604892772036977e-06,-0.0395890410958904,4.3763098202979364e-07,-0.0394520547945205,6.345649239432008e-07,-0.0393150684931506,6.455056984939457e-07,-0.0390410958904108,1.1597221023789532e-06,2,2,2,2,1
1725,34,14:36:18,9,-0.0398630136986301,5376122.0,-0.039931506849315,-0.04,6.564464730446904e-08,-0.0401369863013699,3.77456722000697e-07,-0.0402739726027396,3.183765394266749e-06,-0.0404109589041096,1.2888232420777424e-05,-0.0405479452054793,8.697915767842149e-07,-0.0398630136986301,3.938678838268143e-07,-0.0397260273972603,3.8292710927606954e-08,-0.0395890410958904,4.04042804159007e-07,-0.0394520547945205,6.345649239432008e-07,-0.0393150684931506,6.126833748417112e-07,2,2,2,2,1
1726,34,14:36:21,9,-0.0395890410958904,1135516.0,-0.0396575342465754,-0.0397260273972603,5.470387275372421e-08,-0.0398630136986301,1.001080871393153e-06,-0.04,7.65854218552139e-08,-0.0401369863013699,3.77456722000697e-07,-0.0402739726027396,3.1782950069913767e-06,-0.0395890410958904,2.3446079862246202e-07,-0.0394520547945205,7.822653803782562e-07,-0.0393150684931506,6.126833748417112e-07,-0.0390410958904108,1.143310940552836e-06,-0.0389041095890411,4.978052420588903e-07,2,2,2,2,1
1727,34,14:36:24,9,-0.0395890410958904,2277313.0,-0.0395205479452053,-0.0395890410958904,2.0240432918877963e-07,-0.0397260273972603,1.9693394191340717e-07,-0.0398630136986301,6.298603908863806e-07,-0.04,1.9693394191340717e-07,-0.0401369863013699,3.883974965514419e-07,-0.0394520547945205,7.822653803782562e-07,-0.0393150684931506,6.126833748417112e-07,-0.0390410958904108,1.143310940552836e-06,-0.0389041095890411,4.978052420588903e-07,-0.0387671232876711,3.8292710927606954e-08,2,2,2,1,1
1728,34,14:36:27,9,-0.0394520547945205,2180680.0,-0.0393835616438356,-0.0394520547945205,5.634498893633593e-07,-0.0395890410958904,1.2581890733356568e-07,-0.0397260273972603,6.947391839722974e-07,-0.0398630136986301,7.00975425466222e-07,-0.04,4.923348547835179e-07,-0.0393150684931506,6.072129875663387e-07,-0.0390410958904108,9.846697095670358e-07,-0.0389041095890411,2.2428587829026925e-07,-0.0387671232876711,3.8292710927606954e-08,-0.0386301369863012,1.1487813278282086e-07,2,2,2,1,1
1729,34,14:36:30,9,-0.0391780821917807,2496749.0,-0.0391095890410957,-0.0391780821917807,2.1881549101489682e-07,-0.0393150684931506,1.0831366805237392e-06,-0.0394520547945205,1.7724054772206644e-06,-0.0395890410958904,5.470387275372421e-09,-0.0397260273972603,7.385022821752768e-07,-0.0390410958904108,7.166207330737871e-07,-0.0389041095890411,2.2428587829026925e-07,-0.0387671232876711,3.8292710927606954e-08,-0.0386301369863012,1.1487813278282086e-07,-0.0384931506849315,5.470387275372421e-08,2,2,2,1,1
1730,34,14:36:33,9,-0.0391780821917807,1851718.0,-0.0391095890410957,-0.0391780821917807,1.9693394191340717e-07,-0.0393150684931506,7.330318948999044e-07,-0.0394520547945205,1.4004191424953395e-06,-0.0395890410958904,4.9233485478351786e-08,-0.0397260273972603,7.494430567260217e-07,-0.0390410958904108,2.1334510373952441e-07,-0.0389041095890411,2.2428587829026925e-07,-0.0387671232876711,3.8292710927606954e-08,-0.0386301369863012,1.1487813278282086e-07,-0.0384931506849315,5.470387275372421e-08,2,2,2,1,1
1731,34,14:36:36,9,-0.0390410958904108,2189112.0,-0.0386986301369861,-0.0390410958904108,5.908018257402214e-07,-0.0391780821917807,1.805227800872899e-07,-0.0393150684931506,7.439726694506492e-07,-0.0394520547945205,7.877357676536286e-07,-0.0395890410958904,1.1487813278282086e-07,-0.0383561643835616,1.6958200553654506e-07,-0.0382191780821918,2.4616742739175896e-07,-0.0380821917808219,1.0940774550744842e-08,-0.0378082191780823,5.470387275372421e-08,-0.0376712328767123,5.470387275372421e-09,2,2,1,1,0
1732,34,14:36:39,9,-0.0383561643835616,1235445.0,-0.0382876712328766,-0.0383561643835616,4.589654924037461e-06,-0.0389041095890411,1.0940774550744841e-07,-0.0390410958904108,9.791993222916633e-07,-0.0391780821917807,1.4770045643505538e-07,-0.0393150684931506,2.406970401163865e-07,-0.0382191780821918,2.4616742739175896e-07,-0.0380821917808219,1.0940774550744842e-08,-0.0378082191780823,5.470387275372421e-08,-0.0376712328767123,5.470387275372421e-09,-0.0375342465753424,3.282232365223453e-07,1,2,1,1,0
1733,34,14:36:42,9,-0.0383561643835616,1832234.0,-0.0382876712328766,-0.0383561643835616,3.550281341716701e-06,-0.0389041095890411,1.0940774550744841e-07,-0.0390410958904108,1.1761332642050703e-06,-0.0391780821917807,1.6958200553654506e-07,-0.0393150684931506,1.2034852005819325e-07,-0.0382191780821918,4.868644675081455e-07,-0.0380821917808219,1.0940774550744842e-08,-0.0378082191780823,5.470387275372421e-08,-0.0376712328767123,5.470387275372421e-09,-0.0375342465753424,3.282232365223453e-07,2,2,1,0,0
1734,34,14:36:45,9,-0.0383561643835616,1074156.0,-0.0382876712328766,-0.0383561643835616,3.3314658507018043e-06,-0.0384931506849315,5.470387275372421e-09,-0.0389041095890411,1.586412309858002e-07,-0.0390410958904108,1.1870740387558152e-06,-0.0391780821917807,1.6958200553654506e-07,-0.0382191780821918,2.1334510373952441e-07,-0.0380821917808219,1.0940774550744842e-08,-0.0378082191780823,5.470387275372421e-08,-0.0376712328767123,5.470387275372421e-09,-0.0375342465753424,3.282232365223453e-07,2,2,1,0,0
1735,34,14:36:48,9,-0.0383561643835616,3236558.0,-0.038013698630137,-0.0382191780821918,5.470387275372421e-09,-0.0383561643835616,2.2811514938303e-06,-0.0384931506849315,5.470387275372421e-09,-0.0389041095890411,1.6411161826117265e-07,-0.0390410958904108,1.0065512586685254e-06,-0.0378082191780823,5.470387275372421e-08,-0.0376712328767123,1.641116182611726e-08,-0.0375342465753424,3.282232365223453e-07,-0.0373972602739726,1.3128929460893809e-07,-0.0372602739726026,1.3675968188431052e-06,1,1,1,0,0
1736,34,14:36:51,9,-0.0375342465753424,1488704.0,-0.037808219178082,-0.0380821917808219,7.111503457984147e-07,-0.0382191780821918,9.299658368133117e-08,-0.0383561643835616,1.8654020609019957e-06,-0.0384931506849315,5.470387275372421e-09,-0.0389041095890411,1.6411161826117265e-07,-0.0375342465753424,8.205580913058631e-08,-0.0373972602739726,1.3128929460893809e-07,-0.0372602739726026,1.3675968188431052e-06,-0.0371232876712327,1.3675968188431052e-07,-0.036986301369863,1.0038160650308392e-05,1,1,1,0,0
1737,34,14:36:54,9,-0.0380821917808219,927026.0,-0.037808219178082,-0.0380821917808219,6.509760857693181e-07,-0.0382191780821918,7.002095712476699e-07,-0.0383561643835616,1.8818132227281127e-06,-0.0384931506849315,5.470387275372421e-09,-0.0389041095890411,1.6411161826117265e-07,-0.0375342465753424,8.205580913058631e-08,-0.0373972602739726,1.2034852005819325e-07,-0.0372602739726026,1.3675968188431052e-06,-0.0371232876712327,1.3675968188431052e-07,-0.036986301369863,1.0038160650308392e-05,1,1,1,0,0
1738,34,14:36:57,9,-0.0375342465753424,1896560.0,-0.0376712328767123,-0.0378082191780823,5.470387275372421e-09,-0.0380821917808219,5.470387275372421e-08,-0.0382191780821918,7.166207330737871e-07,-0.0383561643835616,2.0076321300616783e-06,-0.0384931506849315,5.470387275372421e-09,-0.0375342465753424,6.23624149392456e-07,-0.0372602739726026,1.3675968188431052e-06,-0.0371232876712327,1.3675968188431052e-07,-0.036986301369863,1.0038160650308392e-05,-0.036849315068493,7.877357676536286e-07,1,1,1,0,0
1739,34,14:37:00,9,-0.0378082191780823,386412.0,-0.0376712328767123,-0.0378082191780823,7.220911203491596e-07,-0.0380821917808219,5.470387275372421e-08,-0.0382191780821918,9.026139004364496e-07,-0.0383561643835616,1.9966913555109336e-06,-0.0386301369863012,4.3763098202979367e-08,-0.0375342465753424,5.360979529864973e-07,-0.0372602739726026,1.3675968188431052e-06,-0.0371232876712327,1.3675968188431052e-07,-0.036986301369863,1.0038160650308392e-05,-0.036849315068493,7.877357676536286e-07,1,1,1,0,0
1740,34,14:37:03,9,-0.0376712328767123,484745.0,-0.0376027397260274,-0.0376712328767123,1.0940774550744841e-07,-0.0378082191780823,7.002095712476699e-07,-0.0380821917808219,5.470387275372421e-08,-0.0382191780821918,9.026139004364496e-07,-0.0383561643835616,2.002161742786306e-06,-0.0375342465753424,4.212198202036764e-07,-0.0372602739726026,1.3675968188431052e-06,-0.0371232876712327,1.3675968188431052e-07,-0.036986301369863,1.0038160650308392e-05,-0.036849315068493,7.877357676536286e-07,1,1,1,0,0
1741,34,14:37:06,9,-0.0375342465753424,288060.0,-0.0376027397260274,-0.0376712328767123,3.336936237977177e-07,-0.0378082191780823,4.81394080232773e-07,-0.0380821917808219,5.470387275372421e-08,-0.0382191780821918,8.97143513161077e-07,-0.0383561643835616,2.013102517337051e-06,-0.0375342465753424,5.743906639141042e-07,-0.0373972602739726,6.564464730446904e-08,-0.0372602739726026,1.3675968188431052e-06,-0.0371232876712327,1.3675968188431052e-07,-0.036986301369863,9.9178121302502e-06,1,1,1,0,0
1742,34,14:37:09,9,-0.0375342465753424,674496.0,-0.0376027397260274,-0.0376712328767123,5.142164038850075e-07,-0.0378082191780823,4.485717565805385e-07,-0.0380821917808219,8.205580913058631e-08,-0.0382191780821918,8.916731258857046e-07,-0.0383561643835616,2.040454453713913e-06,-0.0375342465753424,2.352266528410141e-07,-0.0373972602739726,7.111503457984149e-08,-0.0372602739726026,1.3675968188431052e-06,-0.0371232876712327,1.3675968188431052e-07,-0.036986301369863,9.972516003003925e-06,1,1,1,0,0
1743,34,14:37:12,9,-0.0375342465753424,1046783.0,-0.0376027397260274,-0.0376712328767123,4.9233485478351786e-08,-0.0378082191780823,7.27561507624532e-07,-0.0380821917808219,8.205580913058631e-08,-0.0382191780821918,9.080842877118218e-07,-0.0383561643835616,2.0623360028154027e-06,-0.0375342465753424,4.3763098202979367e-08,-0.0373972602739726,1.6958200553654506e-07,-0.0372602739726026,1.3840079806692225e-06,-0.0371232876712327,1.3675968188431052e-07,-0.036986301369863,9.96704561572855e-06,1,1,1,0,0
1744,34,14:37:15,9,-0.0373972602739726,695624.0,-0.0373287671232875,-0.0373972602739726,7.65854218552139e-08,-0.0375342465753424,1.0940774550744842e-06,-0.0376712328767123,8.205580913058631e-08,-0.0378082191780823,7.27561507624532e-07,-0.0380821917808219,6.290945366678284e-07,-0.0372602739726026,1.3457152697416156e-06,-0.0371232876712327,1.3675968188431052e-07,-0.036986301369863,1.0027219875757649e-05,-0.036849315068493,7.877357676536286e-07,-0.0367123287671233,1.6958200553654506e-07,1,1,1,0,0
1745,34,14:37:18,9,-0.0375342465753424,1756517.0,-0.0376027397260274,-0.0376712328767123,2.07874716464152e-07,-0.0378082191780823,7.65854218552139e-07,-0.0380821917808219,6.290945366678284e-07,-0.0382191780821918,9.62788160465546e-07,-0.0383561643835616,2.084217551916892e-06,-0.0375342465753424,2.385088852062376e-06,-0.0373972602739726,4.3763098202979367e-08,-0.0372602739726026,1.3457152697416156e-06,-0.0371232876712327,1.3675968188431052e-07,-0.036986301369863,1.0136627621265097e-05,1,1,1,0,0
1746,34,14:37:21,9,-0.0376712328767123,583115.0,-0.0377397260273971,-0.0378082191780823,7.603838312767665e-07,-0.0380821917808219,6.400353112185732e-07,-0.0382191780821918,9.73728935016291e-07,-0.0383561643835616,4.212198202036764e-07,-0.0384931506849315,1.0940774550744842e-08,-0.0376712328767123,1.2034852005819325e-07,-0.0375342465753424,2.210036459250458e-06,-0.0373972602739726,7.65854218552139e-08,-0.0372602739726026,1.3457152697416156e-06,-0.0371232876712327,1.3675968188431052e-07,1,1,1,0,0
1747,34,14:37:24,9,-0.0375342465753424,1215389.0,-0.0377397260273971,-0.0378082191780823,5.306275657111248e-07,-0.037945205479452,5.470387275372421e-09,-0.0380821917808219,6.400353112185732e-07,-0.0382191780821918,9.73728935016291e-07,-0.0383561643835616,4.212198202036764e-07,-0.0376712328767123,3.8292710927606954e-08,-0.0375342465753424,1.6192346335102366e-06,-0.0373972602739726,2.1334510373952441e-07,-0.0372602739726026,1.3457152697416156e-06,-0.0371232876712327,1.3675968188431052e-07,1,1,1,0,0
1748,34,14:37:27,9,-0.0376712328767123,779784.0,-0.0377397260273971,-0.0378082191780823,5.306275657111248e-07,-0.037945205479452,5.470387275372421e-09,-0.0380821917808219,6.400353112185732e-07,-0.0382191780821918,9.73728935016291e-07,-0.0383561643835616,4.3216059475442123e-07,-0.0376712328767123,1.6411161826117265e-07,-0.0375342465753424,1.5700011480318848e-06,-0.0373972602739726,2.5163781466713136e-07,-0.0372602739726026,1.3457152697416156e-06,-0.0371232876712327,1.3675968188431052e-07,1,1,1,0,0
1749,34,14:37:30,9,-0.0378082191780823,1074824.0,-0.0377397260273971,-0.0378082191780823,6.23624149392456e-07,-0.0380821917808219,6.400353112185732e-07,-0.0382191780821918,9.463769986394288e-07,-0.0383561643835616,4.3216059475442123e-07,-0.0384931506849315,1.641116182611726e-08,-0.0376712328767123,3.5557517289920734e-07,-0.0375342465753424,1.4223006915968294e-06,-0.0373972602739726,2.07874716464152e-07,-0.0372602739726026,1.3894783679445948e-06,-0.0371232876712327,1.3675968188431052e-07,1,1,0,0,0
1750,34,14:37:33,9,-0.0378082191780823,2487097.0,-0.0377397260273971,-0.0378082191780823,6.126833748417112e-07,-0.0380821917808219,6.400353112185732e-07,-0.0382191780821918,9.62788160465546e-07,-0.0383561643835616,4.3216059475442123e-07,-0.0384931506849315,1.641116182611726e-08,-0.0376712328767123,1.0940774550744842e-08,-0.0375342465753424,5.470387275372421e-08,-0.0373972602739726,2.07874716464152e-07,-0.0372602739726026,1.3894783679445948e-06,-0.0371232876712327,1.3675968188431052e-07,1,1,0,0,0
1751,34,14:37:36,9,-0.0376712328767123,1524569.0,-0.0377397260273971,-0.0378082191780823,5.743906639141042e-07,-0.0380821917808219,6.400353112185732e-07,-0.0382191780821918,9.62788160465546e-07,-0.0383561643835616,4.431013693051661e-07,-0.0384931506849315,1.641116182611726e-08,-0.0376712328767123,9.846697095670357e-08,-0.0373972602739726,2.07874716464152e-07,-0.0372602739726026,1.3894783679445948e-06,-0.0371232876712327,1.3675968188431052e-07,-0.036986301369863,1.0519554730541166e-05,1,1,0,0,0
1752,34,14:37:39,9,-0.0376712328767123,330162.0,-0.0377397260273971,-0.0378082191780823,6.23624149392456e-07,-0.0380821917808219,6.400353112185732e-07,-0.0382191780821918,9.62788160465546e-07,-0.0383561643835616,4.431013693051661e-07,-0.0384931506849315,1.641116182611726e-08,-0.0376712328767123,8.150877040304907e-07,-0.0375342465753424,8.752619640595873e-08,-0.0373972602739726,3.4463439834846253e-07,-0.0372602739726026,1.3894783679445948e-06,-0.0371232876712327,1.4223006915968298e-07,1,1,0,0,0
1753,34,14:37:42,9,-0.0376712328767123,126446.0,-0.0377397260273971,-0.0378082191780823,6.181537621170835e-07,-0.037945205479452,2.7898975104399344e-07,-0.0380821917808219,6.400353112185732e-07,-0.0382191780821918,9.62788160465546e-07,-0.0383561643835616,4.431013693051661e-07,-0.0376712328767123,1.2581890733356569e-06,-0.0375342465753424,2.5163781466713136e-07,-0.0373972602739726,3.4463439834846253e-07,-0.0372602739726026,1.3894783679445948e-06,-0.0371232876712327,1.4223006915968298e-07,1,0,0,0,0
1754,34,14:37:45,9,-0.0376712328767123,1074823.0,-0.0377397260273971,-0.0378082191780823,6.072129875663387e-07,-0.037945205479452,2.7898975104399344e-07,-0.0380821917808219,6.455056984939457e-07,-0.0382191780821918,9.080842877118218e-07,-0.0383561643835616,4.431013693051661e-07,-0.0376712328767123,1.0995478423498563e-06,-0.0375342465753424,3.336936237977177e-07,-0.0373972602739726,2.07874716464152e-07,-0.0372602739726026,1.3894783679445948e-06,-0.0371232876712327,6.017426002909662e-08,1,0,0,0,0
1755,34,14:37:48,9,-0.0378082191780823,793818.0,-0.0377397260273971,-0.0378082191780823,6.23624149392456e-07,-0.037945205479452,2.7898975104399344e-07,-0.0380821917808219,6.455056984939457e-07,-0.0382191780821918,9.190250622625668e-07,-0.0383561643835616,5.087460166096352e-07,-0.0376712328767123,1.3675968188431052e-06,-0.0375342465753424,6.23624149392456e-07,-0.0373972602739726,2.2428587829026925e-07,-0.0372602739726026,1.3894783679445948e-06,-0.0371232876712327,6.017426002909662e-08,1,0,0,0,0
1756,34,14:37:51,9,-0.0378082191780823,990416.0,-0.0377397260273971,-0.0378082191780823,3.8292710927606954e-08,-0.037945205479452,2.844601383193659e-07,-0.0380821917808219,6.455056984939457e-07,-0.0382191780821918,9.190250622625668e-07,-0.0383561643835616,3.938678838268143e-07,-0.0376712328767123,1.2527186860602843e-06,-0.0375342465753424,6.23624149392456e-07,-0.0373972602739726,2.2428587829026925e-07,-0.0372602739726026,1.3894783679445948e-06,-0.0371232876712327,6.017426002909662e-08,1,0,0,0,0
1757,34,14:37:54,9,-0.0378082191780823,1081831.0,-0.0378767123287671,-0.037945205479452,2.844601383193659e-07,-0.0380821917808219,6.455056984939457e-07,-0.0382191780821918,9.190250622625668e-07,-0.0383561643835616,3.993382711021867e-07,-0.0384931506849315,1.641116182611726e-08,-0.0378082191780823,2.1881549101489683e-08,-0.0376712328767123,5.689202766387318e-07,-0.0375342465753424,6.290945366678284e-07,-0.0373972602739726,2.7789567358891896e-06,-0.0372602739726026,1.3894783679445948e-06,1,0,0,0,0
1758,34,14:37:57,9,-0.0378082191780823,379301.0,-0.0378767123287671,-0.037945205479452,3.008713001454831e-07,-0.0380821917808219,6.455056984939457e-07,-0.0382191780821918,9.190250622625668e-07,-0.0383561643835616,3.77456722000697e-07,-0.0384931506849315,1.641116182611726e-08,-0.0378082191780823,1.405889529770712e-06,-0.0376712328767123,5.470387275372421e-07,-0.0375342465753424,6.290945366678284e-07,-0.0373972602739726,2.7789567358891896e-06,-0.0372602739726026,1.3894783679445948e-06,1,0,0,0,0
1759,34,14:38:00,9,-0.0378082191780823,765564.0,-0.0378767123287671,-0.037945205479452,2.5710820194250377e-07,-0.0380821917808219,6.455056984939457e-07,-0.0382191780821918,9.190250622625668e-07,-0.0383561643835616,4.3216059475442123e-07,-0.0384931506849315,1.641116182611726e-08,-0.0378082191780823,1.1706628769296982e-06,-0.0376712328767123,7.439726694506492e-07,-0.0375342465753424,6.290945366678284e-07,-0.0373972602739726,2.7789567358891896e-06,-0.0372602739726026,1.3894783679445948e-06,1,0,0,0,0
1760,34,14:38:03,9,-0.0380821917808219,976231.0,-0.0379452054794522,-0.0380821917808219,6.126833748417112e-07,-0.0382191780821918,9.190250622625668e-07,-0.0383561643835616,4.2669020747904883e-07,-0.0384931506849315,1.641116182611726e-08,-0.0386301369863012,1.2581890733356568e-07,-0.0378082191780823,1.37853759339385e-06,-0.0376712328767123,7.603838312767665e-07,-0.0375342465753424,6.290945366678284e-07,-0.0373972602739726,2.7789567358891896e-06,-0.0372602739726026,1.3894783679445948e-06,1,0,0,0,0
1761,34,14:38:06,9,-0.0380821917808219,969082.0,-0.0381506849315067,-0.0382191780821918,9.244954495379392e-07,-0.0383561643835616,4.2669020747904883e-07,-0.0384931506849315,1.641116182611726e-08,-0.0386301369863012,1.2581890733356568e-07,-0.0387671232876711,5.470387275372421e-08,-0.0380821917808219,6.126833748417112e-07,-0.0378082191780823,1.2691298478864016e-06,-0.0376712328767123,8.150877040304907e-07,-0.0375342465753424,6.290945366678284e-07,-0.0373972602739726,2.7789567358891896e-06,1,0,0,0,0
1762,34,14:38:09,9,-0.0380821917808219,2569791.0,-0.0381506849315067,-0.0382191780821918,1.0940774550744842e-08,-0.0383561643835616,2.6257858921787617e-07,-0.0384931506849315,1.641116182611726e-08,-0.0386301369863012,1.2581890733356568e-07,-0.0387671232876711,5.470387275372421e-08,-0.0380821917808219,1.859931673626623e-07,-0.037945205479452,1.6958200553654506e-07,-0.0378082191780823,1.050314356871505e-06,-0.0376712328767123,8.916731258857046e-07,-0.0375342465753424,6.290945366678284e-07,1,0,0,0,0
1763,34,14:38:12,9,-0.0383561643835616,589762.0,-0.0382876712328766,-0.0383561643835616,2.5710820194250377e-07,-0.0384931506849315,1.641116182611726e-08,-0.0386301369863012,1.3128929460893809e-07,-0.0387671232876711,5.470387275372421e-08,-0.0389041095890411,2.5163781466713136e-07,-0.0382191780821918,4.3216059475442123e-07,-0.0380821917808219,5.251571784357523e-07,-0.037945205479452,1.859931673626623e-07,-0.0378082191780823,1.050314356871505e-06,-0.0376712328767123,9.080842877118218e-07,1,0,0,1,0
1764,34,14:38:15,9,-0.0382191780821918,484429.0,-0.0382876712328766,-0.0383561643835616,1.6411161826117265e-07,-0.0384931506849315,1.641116182611726e-08,-0.0386301369863012,1.859931673626623e-07,-0.0387671232876711,5.470387275372421e-08,-0.0389041095890411,2.5163781466713136e-07,-0.0382191780821918,6.892687966969251e-07,-0.0380821917808219,5.579795020879869e-07,-0.037945205479452,1.3675968188431052e-07,-0.0378082191780823,9.901400968424082e-07,-0.0376712328767123,8.752619640595873e-07,0,0,0,1,0
1765,34,14:38:18,9,-0.0383561643835616,666954.0,-0.0384246575342466,-0.0384931506849315,1.641116182611726e-08,-0.0386301369863012,1.859931673626623e-07,-0.0387671232876711,5.470387275372421e-08,-0.0389041095890411,2.5163781466713136e-07,-0.0390410958904108,5.579795020879869e-07,-0.0383561643835616,3.238469267020473e-06,-0.0382191780821918,7.166207330737871e-07,-0.0380821917808219,6.619168603200629e-07,-0.037945205479452,2.899305255947383e-07,-0.0378082191780823,9.682585477409186e-07,1,0,0,1,1
1766,34,14:38:21,9,-0.0384931506849315,266742.0,-0.0385616438356164,-0.0386301369863012,1.586412309858002e-07,-0.0387671232876711,5.470387275372421e-08,-0.0389041095890411,2.5163781466713136e-07,-0.0390410958904108,5.634498893633593e-07,-0.0391780821917807,4.3216059475442123e-07,-0.0384931506849315,6.892687966969251e-07,-0.0383561643835616,3.561222116267446e-06,-0.0382191780821918,5.142164038850075e-07,-0.0380821917808219,6.619168603200629e-07,-0.037945205479452,2.7898975104399344e-07,1,0,1,1,1
1767,34,14:38:24,9,-0.0384931506849315,870287.0,-0.0385616438356164,-0.0386301369863012,2.7351936376862106e-08,-0.0387671232876711,4.9233485478351786e-08,-0.0389041095890411,2.5163781466713136e-07,-0.0390410958904108,5.853314384648491e-07,-0.0391780821917807,4.3216059475442123e-07,-0.0384931506849315,7.002095712476699e-07,-0.0383561643835616,4.086379294703198e-06,-0.0382191780821918,5.1968679116038e-07,-0.0380821917808219,6.619168603200629e-07,-0.037945205479452,2.4616742739175896e-07,1,0,1,1,1
1768,34,14:38:27,9,-0.0386301369863012,1676775.0,-0.0386986301369861,-0.0387671232876711,1.0940774550744842e-08,-0.0391780821917807,2.5163781466713136e-07,-0.0393150684931506,2.07874716464152e-07,-0.0394520547945205,1.586412309858002e-07,-0.0395890410958904,1.2034852005819325e-07,-0.0386301369863012,4.9233485478351786e-08,-0.0384931506849315,6.290945366678284e-07,-0.0383561643835616,4.8467631259799645e-06,-0.0382191780821918,5.251571784357523e-07,-0.0380821917808219,6.783280221461801e-07,0,0,1,1,1
1769,34,14:38:30,9,-0.0386301369863012,3891374.0,-0.0392465753424658,-0.0397260273972603,1.482474951625926e-06,-0.0398630136986301,6.23624149392456e-07,-0.04,9.62788160465546e-07,-0.0401369863013699,7.002095712476699e-07,-0.0402739726027396,3.238469267020473e-06,-0.0387671232876711,7.65854218552139e-08,-0.0386301369863012,6.017426002909662e-08,-0.0384931506849315,7.713246058275113e-07,-0.0383561643835616,4.731884993197144e-06,-0.0382191780821918,3.829271092760695e-07,1,1,1,1,1
1770,34,14:38:33,9,-0.0389041095890411,582463.0,-0.0388356164383563,-0.0389041095890411,5.032756293342627e-07,-0.0397260273972603,1.4879453389012984e-06,-0.0398630136986301,6.23624149392456e-07,-0.04,9.62788160465546e-07,-0.0401369863013699,7.002095712476699e-07,-0.0387671232876711,3.4463439834846253e-07,-0.0386301369863012,1.805227800872899e-07,-0.0384931506849315,5.470387275372421e-07,-0.0383561643835616,7.4780194054340995e-06,-0.0382191780821918,5.1968679116038e-07,0,0,1,1,1
1771,34,14:38:36,9,-0.0387671232876711,63146.0,-0.0388356164383563,-0.0389041095890411,4.649829184066558e-07,-0.0393150684931506,1.0940774550744842e-08,-0.0394520547945205,1.641116182611726e-08,-0.0397260273972603,1.624705020785609e-06,-0.0398630136986301,6.23624149392456e-07,-0.0387671232876711,4.595125311312834e-07,-0.0386301369863012,2.0240432918877963e-07,-0.0384931506849315,5.470387275372421e-07,-0.0383561643835616,7.532723278187823e-06,-0.0382191780821918,5.1968679116038e-07,0,0,1,1,1
1772,34,14:38:39,9,-0.0389041095890411,571466.0,-0.0388356164383563,-0.0389041095890411,1.233572330596481e-07,-0.0390410958904108,1.0940774550744842e-08,-0.0391780821917807,3.8292710927606954e-08,-0.0393150684931506,1.0940774550744842e-08,-0.0394520547945205,1.641116182611726e-08,-0.0387671232876711,4.212198202036764e-07,-0.0386301369863012,2.0240432918877963e-07,-0.0384931506849315,3.11812074696228e-07,-0.0383561643835616,7.527252890912451e-06,-0.0382191780821918,5.1968679116038e-07,0,0,1,1,1
1773,34,14:38:42,9,-0.0393150684931506,911859.0,-0.0394520547945205,-0.0395890410958904,6.017426002909662e-08,-0.0397260273972603,1.627713733787064e-06,-0.0398630136986301,6.23624149392456e-07,-0.04,9.62788160465546e-07,-0.0401369863013699,6.728576348708078e-07,-0.0393150684931506,1.586412309858002e-07,-0.0389041095890411,3.391640110730901e-07,-0.0387671232876711,4.595125311312834e-07,-0.0386301369863012,2.297562655656417e-07,-0.0384931506849315,3.11812074696228e-07,1,1,1,1,1
1774,34,14:38:45,9,-0.0390410958904108,547096.0,-0.0394520547945205,-0.0395890410958904,6.783280221461801e-07,-0.0397260273972603,2.8093173852675068e-06,-0.0398630136986301,6.23624149392456e-07,-0.04,9.682585477409186e-07,-0.0401369863013699,6.728576348708078e-07,-0.0393150684931506,1.0940774550744842e-08,-0.0389041095890411,8.096173167551183e-07,-0.0387671232876711,5.908018257402214e-07,-0.0386301369863012,2.0240432918877963e-07,-0.0384931506849315,2.844601383193659e-07,1,1,1,1,1
1775,34,14:38:48,9,-0.0393150684931506,701246.0,-0.0395205479452053,-0.0395890410958904,4.3216059475442123e-07,-0.0397260273972603,2.825728547093624e-06,-0.0398630136986301,6.23624149392456e-07,-0.04,9.682585477409186e-07,-0.0401369863013699,6.728576348708078e-07,-0.0394520547945205,6.564464730446904e-08,-0.0393150684931506,1.9146355463803476e-07,-0.0390410958904108,6.509760857693181e-07,-0.0389041095890411,8.150877040304907e-07,-0.0387671232876711,4.923348547835179e-07,1,1,1,1,1
1776,34,14:38:51,9,-0.0394520547945205,609986.0,-0.0395205479452053,-0.0395890410958904,3.11812074696228e-07,-0.0397260273972603,2.8585508707458586e-06,-0.0398630136986301,6.072129875663387e-07,-0.04,9.682585477409186e-07,-0.0401369863013699,6.728576348708078e-07,-0.0394520547945205,9.299658368133117e-08,-0.0393150684931506,1.2034852005819325e-07,-0.0390410958904108,6.509760857693181e-07,-0.0389041095890411,9.409066113640564e-07,-0.0387671232876711,2.406970401163865e-07,1,1,1,1,1
1777,34,14:38:54,9,-0.0395890410958904,5406657.0,-0.0396575342465754,-0.0397260273972603,1.8082365138743537e-06,-0.0398630136986301,6.072129875663387e-07,-0.04,9.73728935016291e-07,-0.0401369863013699,6.783280221461801e-07,-0.0402739726027396,3.2548804288465905e-06,-0.0395890410958904,1.427771078872202e-06,-0.0394520547945205,5.470387275372421e-09,-0.0389041095890411,1.2034852005819325e-07,-0.0387671232876711,2.406970401163865e-07,-0.0386301369863012,2.954009128701107e-07,1,1,1,1,1
1778,34,14:38:57,9,-0.0395890410958904,497743.0,-0.0396575342465754,-0.0397260273972603,1.7371214792945122e-06,-0.0398630136986301,6.072129875663387e-07,-0.04,9.791993222916633e-07,-0.0401369863013699,6.783280221461801e-07,-0.0402739726027396,3.347877012527921e-06,-0.0395890410958904,1.6411161826117262e-06,-0.0394520547945205,2.297562655656417e-07,-0.0393150684931506,9.846697095670357e-08,-0.0389041095890411,1.2034852005819325e-07,-0.0387671232876711,6.345649239432008e-07,1,1,1,1,1
1779,34,14:39:00,9,-0.0397260273972603,883320.0,-0.0396575342465754,-0.0397260273972603,1.6386545083378086e-06,-0.0398630136986301,6.072129875663387e-07,-0.04,1.0448439695961323e-06,-0.0401369863013699,6.837984094215526e-07,-0.0402739726027396,3.353347399803294e-06,-0.0395890410958904,1.3894783679445948e-06,-0.0394520547945205,3.5557517289920734e-07,-0.0393150684931506,9.846697095670357e-08,-0.0391780821917807,1.0940774550744842e-08,-0.0389041095890411,1.2034852005819325e-07,1,1,1,1,1
1780,34,14:39:03,9,-0.0397260273972603,722111.0,-0.0396575342465754,-0.0397260273972603,1.616772959236319e-06,-0.0398630136986301,6.455056984939457e-07,-0.04,1.0448439695961323e-06,-0.0401369863013699,6.837984094215526e-07,-0.0402739726027396,3.3314658507018043e-06,-0.0395890410958904,1.0831366805237392e-06,-0.0394520547945205,3.5557517289920734e-07,-0.0393150684931506,9.846697095670357e-08,-0.0391780821917807,1.0940774550744842e-08,-0.0389041095890411,1.2034852005819325e-07,1,1,1,1,1
1781,34,14:39:06,9,-0.0395890410958904,1766667.0,-0.0396575342465754,-0.0397260273972603,1.2776089481632289e-06,-0.0398630136986301,6.564464730446905e-07,-0.04,1.0448439695961323e-06,-0.0401369863013699,6.837984094215526e-07,-0.0402739726027396,3.2439396542958454e-06,-0.0395890410958904,5.962722130155939e-07,-0.0394520547945205,3.610455601745798e-07,-0.0393150684931506,1.03937358232076e-07,-0.0391780821917807,1.0940774550744842e-08,-0.0389041095890411,1.2034852005819325e-07,1,1,1,1,1
1782,34,14:39:09,9,-0.0395890410958904,1829776.0,-0.0395205479452053,-0.0395890410958904,6.017426002909662e-07,-0.0397260273972603,1.0150303589453528e-06,-0.0398630136986301,6.564464730446905e-07,-0.04,1.050314356871505e-06,-0.0401369863013699,6.837984094215526e-07,-0.0394520547945205,3.4463439834846253e-07,-0.0393150684931506,1.03937358232076e-07,-0.0391780821917807,1.0940774550744842e-08,-0.0389041095890411,1.2034852005819325e-07,-0.0387671232876711,6.345649239432008e-07,1,1,1,1,1
1783,34,14:39:12,9,-0.0395890410958904,750220.0,-0.0395205479452053,-0.0395890410958904,6.509760857693181e-07,-0.0397260273972603,1.0642638444237046e-06,-0.0398630136986301,6.673872475954353e-07,-0.04,1.0721959059729943e-06,-0.0401369863013699,6.837984094215526e-07,-0.0394520547945205,3.77456722000697e-07,-0.0393150684931506,1.641116182611726e-08,-0.0391780821917807,1.0940774550744842e-08,-0.0389041095890411,6.564464730446904e-08,-0.0387671232876711,6.345649239432008e-07,1,1,1,1,1
1784,34,14:39:15,9,-0.0397260273972603,2425774.0,-0.0395890410958904,-0.0397260273972603,7.579221570028489e-07,-0.0398630136986301,6.673872475954353e-07,-0.04,1.0721959059729943e-06,-0.0401369863013699,6.892687966969251e-07,-0.0402739726027396,3.271291590672708e-06,-0.0394520547945205,1.2034852005819325e-07,-0.0393150684931506,1.641116182611726e-08,-0.0391780821917807,1.0940774550744842e-08,-0.0389041095890411,6.564464730446904e-08,-0.0387671232876711,5.032756293342627e-07,1,1,1,1,1
1785,34,14:39:18,9,-0.0395890410958904,616985.0,-0.0395205479452053,-0.0395890410958904,3.4463439834846253e-07,-0.0397260273972603,9.54856098916256e-07,-0.0398630136986301,6.728576348708078e-07,-0.04,1.1651924896543256e-06,-0.0401369863013699,6.892687966969251e-07,-0.0394520547945205,5.360979529864973e-07,-0.0393150684931506,3.8292710927606954e-08,-0.0391780821917807,1.0940774550744842e-08,-0.0389041095890411,6.564464730446904e-08,-0.0387671232876711,5.032756293342627e-07,1,1,1,1,1
1786,34,14:39:21,9,-0.0395890410958904,722213.0,-0.0395205479452053,-0.0395890410958904,7.385022821752768e-07,-0.0397260273972603,1.1955531390326423e-06,-0.0398630136986301,7.27561507624532e-07,-0.04,1.1870740387558152e-06,-0.0401369863013699,6.947391839722974e-07,-0.0394520547945205,1.9146355463803476e-07,-0.0393150684931506,3.8292710927606954e-08,-0.0391780821917807,1.0940774550744842e-08,-0.0389041095890411,6.564464730446904e-08,-0.0387671232876711,5.032756293342627e-07,1,1,1,1,1
1787,34,14:39:24,9,-0.0393150684931506,659103.0,-0.0392465753424658,-0.0393150684931506,3.282232365223452e-08,-0.0394520547945205,2.406970401163865e-07,-0.0395890410958904,9.901400968424082e-07,-0.0397260273972603,1.4143686300475394e-06,-0.0398630136986301,7.439726694506492e-07,-0.0391780821917807,1.0940774550744842e-08,-0.0389041095890411,6.564464730446904e-08,-0.0387671232876711,5.032756293342627e-07,-0.0386301369863012,3.4463439834846253e-07,-0.0384931506849315,2.844601383193659e-07,1,0,1,1,1
1788,34,14:39:27,9,-0.0394520547945205,729268.0,-0.0395205479452053,-0.0395890410958904,1.613764246234864e-06,-0.0397260273972603,1.835588450251216e-06,-0.0398630136986301,8.369692531319804e-07,-0.04,1.1870740387558152e-06,-0.0401369863013699,7.767949931028838e-07,-0.0394520547945205,2.401500013888493e-06,-0.0391780821917807,7.65854218552139e-08,-0.0389041095890411,4.9233485478351786e-08,-0.0387671232876711,5.689202766387318e-07,-0.0386301369863012,3.4463439834846253e-07,1,1,1,1,1
1789,34,14:39:30,9,-0.0394520547945205,1395291.0,-0.0395205479452053,-0.0395890410958904,3.019653776005576e-06,-0.0397260273972603,1.8519996120773327e-06,-0.0398630136986301,8.424396404073528e-07,-0.04,1.1870740387558152e-06,-0.0401369863013699,9.080842877118218e-07,-0.0394520547945205,1.974809806409444e-06,-0.0391780821917807,7.65854218552139e-08,-0.0389041095890411,2.784427123164562e-06,-0.0387671232876711,5.689202766387318e-07,-0.0386301369863012,3.4463439834846253e-07,1,1,1,1,1
1790,34,14:39:33,9,-0.0394520547945205,6141456.0,-0.0395205479452053,-0.0395890410958904,1.586412309858002e-07,-0.0397260273972603,6.758663478722626e-07,-0.0398630136986301,8.643211895088425e-07,-0.04,1.1870740387558152e-06,-0.0401369863013699,9.190250622625668e-07,-0.0394520547945205,1.7614647026699197e-06,-0.0391780821917807,5.470387275372421e-08,-0.0389041095890411,2.784427123164562e-06,-0.0387671232876711,5.689202766387318e-07,-0.0386301369863012,3.4463439834846253e-07,1,1,1,1,1
1791,34,14:39:36,9,-0.0395890410958904,7540455.0,-0.0397945205479451,-0.04,5.470387275372421e-09,-0.0402739726027396,1.5565986992072225e-06,-0.0404109589041096,1.2964817842632638e-05,-0.0405479452054793,8.862027386103322e-07,-0.0406849315068492,2.828190221367541e-06,-0.0395890410958904,3.391640110730901e-07,-0.0394520547945205,1.8435205118005056e-06,-0.0391780821917807,5.470387275372421e-08,-0.0389041095890411,2.784427123164562e-06,-0.0387671232876711,5.689202766387318e-07,1,1,1,1,1
1792,34,14:39:39,9,-0.0395890410958904,1591515.0,-0.0396575342465754,-0.0397260273972603,4.15749432928304e-07,-0.0398630136986301,3.8292710927606954e-08,-0.04,3.282232365223452e-08,-0.0401369863013699,5.470387275372421e-08,-0.0402739726027396,1.5565986992072225e-06,-0.0395890410958904,1.4223006915968298e-07,-0.0394520547945205,1.690349668090078e-06,-0.0393150684931506,1.0940774550744842e-08,-0.0391780821917807,5.470387275372421e-08,-0.0389041095890411,2.7898975104399348e-06,1,1,1,1,1
1793,34,14:39:42,9,-0.0395890410958904,2005188.0,-0.0396575342465754,-0.0397260273972603,4.485717565805385e-07,-0.0398630136986301,1.0940774550744841e-07,-0.04,3.282232365223452e-08,-0.0401369863013699,3.336936237977177e-07,-0.0402739726027396,1.5675394737579672e-06,-0.0395890410958904,5.525091148126145e-07,-0.0394520547945205,1.482474951625926e-06,-0.0393150684931506,1.0940774550744842e-08,-0.0391780821917807,5.470387275372421e-08,-0.0389041095890411,2.7898975104399348e-06,1,1,1,1,1
1794,34,14:39:45,9,-0.0395890410958904,1612330.0,-0.0396575342465754,-0.0397260273972603,1.0940774550744842e-08,-0.0401369863013699,5.579795020879869e-07,-0.0402739726027396,1.5675394737579672e-06,-0.0404109589041096,1.2953877068081893e-05,-0.0405479452054793,8.862027386103322e-07,-0.0395890410958904,3.008713001454831e-07,-0.0394520547945205,1.482474951625926e-06,-0.0393150684931506,1.0940774550744842e-08,-0.0391780821917807,5.470387275372421e-08,-0.0389041095890411,2.7898975104399348e-06,1,1,1,1,1
1795,34,14:39:48,9,-0.0395890410958904,1044645.0,-0.0396575342465754,-0.0397260273972603,4.9233485478351786e-08,-0.04,5.470387275372421e-07,-0.0401369863013699,5.579795020879869e-07,-0.0402739726027396,4.784127191676951e-06,-0.0404109589041096,1.2959347455357264e-05,-0.0395890410958904,8.096173167551183e-07,-0.0394520547945205,1.3074225588140089e-06,-0.0393150684931506,1.0940774550744842e-08,-0.0391780821917807,5.470387275372421e-08,-0.0389041095890411,2.7898975104399348e-06,1,2,1,1,1
1796,34,14:39:51,9,-0.0398630136986301,413627.0,-0.039931506849315,-0.04,5.470387275372421e-07,-0.0401369863013699,6.017426002909662e-07,-0.0402739726027396,5.429632890170897e-06,-0.0404109589041096,1.2959347455357264e-05,-0.0405479452054793,8.862027386103322e-07,-0.0398630136986301,6.017426002909662e-08,-0.0397260273972603,4.431013693051661e-07,-0.0395890410958904,6.673872475954353e-07,-0.0394520547945205,1.351185657016988e-06,-0.0393150684931506,1.641116182611726e-08,1,2,1,1,1
1797,34,14:39:54,9,-0.0395890410958904,1331928.0,-0.0398630136986301,-0.04,6.564464730446905e-07,-0.0401369863013699,7.27561507624532e-07,-0.0402739726027396,5.429632890170897e-06,-0.0404109589041096,1.304140326448785e-05,-0.0405479452054793,8.807323513349597e-07,-0.0397260273972603,2.7351936376862106e-08,-0.0395890410958904,4.102790456529316e-07,-0.0394520547945205,1.3949487552199674e-06,-0.0393150684931506,1.641116182611726e-08,-0.0391780821917807,5.470387275372421e-08,1,2,1,1,1
1798,34,14:39:57,9,-0.0397260273972603,743072.0,-0.0396575342465754,-0.0397260273972603,4.212198202036764e-07,-0.0398630136986301,8.205580913058631e-08,-0.04,6.619168603200629e-07,-0.0401369863013699,1.3347744951908706e-06,-0.0402739726027396,5.50621831202611e-06,-0.0395890410958904,5.470387275372421e-07,-0.0394520547945205,1.2691298478864016e-06,-0.0393150684931506,1.641116182611726e-08,-0.0391780821917807,5.470387275372421e-08,-0.0390410958904108,5.470387275372421e-08,1,2,1,1,1
1799,34,14:40:00,9,-0.0397260273972603,182271.0,-0.0396575342465754,-0.0397260273972603,1.1378405532774636e-06,-0.0398630136986301,8.752619640595873e-08,-0.04,2.3577369156855136e-06,-0.0401369863013699,1.728642379017685e-06,-0.0402739726027396,5.54998141022909e-06,-0.0395890410958904,5.032756293342627e-07,-0.0394520547945205,1.416830304321457e-06,-0.0393150684931506,1.641116182611726e-08,-0.0391780821917807,5.470387275372421e-08,-0.0390410958904108,5.470387275372421e-08,1,2,1,1,1
1800,34,14:40:03,9,-0.0395890410958904,1598407.0,-0.0395205479452053,-0.0395890410958904,8.752619640595873e-08,-0.0397260273972603,9.135546749871944e-07,-0.0398630136986301,1.2581890733356568e-07,-0.04,2.3741480775116304e-06,-0.0401369863013699,1.783346251771409e-06,-0.0394520547945205,1.416830304321457e-06,-0.0393150684931506,1.641116182611726e-08,-0.0391780821917807,5.470387275372421e-08,-0.0390410958904108,5.470387275372421e-08,-0.0389041095890411,2.7898975104399348e-06,1,1,1,1,1
1801,34,14:40:06,9,-0.0395890410958904,266418.0,-0.0395205479452053,-0.0395890410958904,3.938678838268143e-07,-0.0397260273972603,7.822653803782562e-07,-0.0398630136986301,2.6257858921787617e-07,-0.04,2.4999669848451965e-06,-0.0401369863013699,1.531708437104278e-06,-0.0394520547945205,1.531708437104278e-06,-0.0393150684931506,1.641116182611726e-08,-0.0391780821917807,5.470387275372421e-08,-0.0390410958904108,5.470387275372421e-08,-0.0389041095890411,2.7898975104399348e-06,1,1,1,1,1
1802,34,14:40:09,9,-0.0395890410958904,1476042.0,-0.0395205479452053,-0.0395890410958904,7.193012228387197e-07,-0.0397260273972603,1.1268997787267187e-06,-0.0398630136986301,3.063416874208556e-07,-0.04,2.5273189212220584e-06,-0.0401369863013699,1.5535899862057675e-06,-0.0394520547945205,7.056799585230423e-07,-0.0393150684931506,1.641116182611726e-08,-0.0391780821917807,5.470387275372421e-08,-0.0390410958904108,5.470387275372421e-08,-0.0389041095890411,2.7898975104399348e-06,1,1,1,1,1
1803,34,14:40:12,9,-0.0394520547945205,1493589.0,-0.0391780821917807,-0.0393150684931506,2.718782475860093e-06,-0.0395890410958904,6.153638646066436e-07,-0.0397260273972603,1.4387118534229466e-06,-0.0398630136986301,3.336936237977177e-07,-0.04,2.5929635685265275e-06,-0.0390410958904108,2.1881549101489683e-08,-0.0389041095890411,2.7898975104399348e-06,-0.0387671232876711,4.3763098202979367e-08,-0.0386301369863012,1.6958200553654506e-07,-0.0384931506849315,2.844601383193659e-07,1,1,1,1,1
1804,34,14:40:15,9,-0.0393150684931506,932767.0,-0.0391780821917807,-0.0393150684931506,2.1553325864967338e-06,-0.0394520547945205,1.301952171538636e-06,-0.0395890410958904,5.032756293342627e-07,-0.0397260273972603,1.706760829916195e-06,-0.0398630136986301,3.5010478562383493e-07,-0.0390410958904108,5.470387275372421e-09,-0.0389041095890411,2.7898975104399348e-06,-0.0387671232876711,4.3763098202979367e-08,-0.0386301369863012,1.6958200553654506e-07,-0.0384931506849315,2.844601383193659e-07,1,0,1,1,1
1805,34,14:40:18,9,-0.0393150684931506,217431.0,-0.0391095890410959,-0.0393150684931506,2.0623360028154027e-06,-0.0394520547945205,1.832579737249761e-06,-0.0395890410958904,6.181537621170835e-07,-0.0397260273972603,2.264740332004182e-06,-0.0398630136986301,3.77456722000697e-07,-0.0389041095890411,2.7898975104399348e-06,-0.0387671232876711,4.3763098202979367e-08,-0.0386301369863012,1.6958200553654506e-07,-0.0384931506849315,2.844601383193659e-07,-0.0383561643835616,6.646520539577492e-06,1,0,1,1,1
1806,34,14:40:21,9,-0.0393150684931506,561098.0,-0.0391780821917807,-0.0393150684931506,1.7559943153945471e-06,-0.0394520547945205,1.9091651591049747e-06,-0.0395890410958904,6.345649239432008e-07,-0.0397260273972603,2.2811514938303e-06,-0.0398630136986301,3.77456722000697e-07,-0.0390410958904108,9.846697095670357e-08,-0.0389041095890411,2.871953319570521e-06,-0.0387671232876711,4.3763098202979367e-08,-0.0386301369863012,1.6958200553654506e-07,-0.0384931506849315,2.844601383193659e-07,1,1,1,1,1
1807,34,14:40:24,9,-0.0390410958904108,1788534.0,-0.0391095890410957,-0.0391780821917807,1.0940774550744842e-08,-0.0393150684931506,8.096173167551183e-07,-0.0394520547945205,1.9310467082064645e-06,-0.0395890410958904,6.892687966969251e-07,-0.0397260273972603,2.467144661192962e-06,-0.0390410958904108,1.3675968188431052e-07,-0.0389041095890411,2.4562038866422168e-06,-0.0387671232876711,4.3763098202979367e-08,-0.0386301369863012,1.6958200553654506e-07,-0.0384931506849315,2.844601383193659e-07,1,1,1,1,1
1808,34,14:40:27,9,-0.0390410958904108,2349257.0,-0.0391095890410957,-0.0391780821917807,1.641116182611726e-08,-0.0394520547945205,1.0940774550744842e-06,-0.0395890410958904,7.439726694506492e-07,-0.0397260273972603,2.445263112091472e-06,-0.0398630136986301,3.77456722000697e-07,-0.0390410958904108,7.65854218552139e-08,-0.0389041095890411,2.434322337540728e-06,-0.0387671232876711,4.3763098202979367e-08,-0.0386301369863012,1.6958200553654506e-07,-0.0384931506849315,2.844601383193659e-07,1,1,1,1,1
1809,34,14:40:30,9,-0.0390410958904108,1438140.0,-0.0391095890410957,-0.0391780821917807,2.6257858921787617e-07,-0.0394520547945205,1.0612551314222496e-06,-0.0395890410958904,7.93206154929001e-07,-0.0397260273972603,2.483555823019079e-06,-0.0398630136986301,3.77456722000697e-07,-0.0390410958904108,1.0886070677991118e-06,-0.0389041095890411,2.095158326467637e-06,-0.0387671232876711,4.3763098202979367e-08,-0.0386301369863012,1.586412309858002e-07,-0.0384931506849315,2.844601383193659e-07,0,1,1,1,1
1810,34,14:40:33,9,-0.0390410958904108,1150349.0,-0.0391095890410957,-0.0391780821917807,4.9233485478351786e-08,-0.0394520547945205,8.697915767842149e-07,-0.0395890410958904,8.096173167551183e-07,-0.0397260273972603,2.472615048468334e-06,-0.0398630136986301,2.5163781466713136e-07,-0.0390410958904108,1.1651924896543256e-06,-0.0389041095890411,2.133451037395244e-06,-0.0387671232876711,4.3763098202979367e-08,-0.0386301369863012,1.586412309858002e-07,-0.0384931506849315,2.844601383193659e-07,0,1,1,1,1
1811,34,14:40:36,9,-0.0390410958904108,631345.0,-0.0391095890410957,-0.0391780821917807,1.2034852005819325e-07,-0.0393150684931506,1.2034852005819325e-07,-0.0394520547945205,8.533804149580977e-07,-0.0395890410958904,8.314988658566079e-07,-0.0397260273972603,2.5163781466713137e-06,-0.0390410958904108,7.385022821752768e-07,-0.0389041095890411,2.133451037395244e-06,-0.0387671232876711,4.3763098202979367e-08,-0.0386301369863012,1.586412309858002e-07,-0.0384931506849315,2.844601383193659e-07,1,1,1,1,1
1812,34,14:40:39,9,-0.0390410958904108,168351.0,-0.0391095890410957,-0.0391780821917807,4.485717565805385e-07,-0.0393150684931506,1.2034852005819325e-07,-0.0394520547945205,8.752619640595873e-07,-0.0395890410958904,8.150877040304907e-07,-0.0397260273972603,2.5163781466713137e-06,-0.0390410958904108,7.166207330737871e-07,-0.0389041095890411,2.1389214246706165e-06,-0.0387671232876711,4.3763098202979367e-08,-0.0386301369863012,1.586412309858002e-07,-0.0384931506849315,3.282232365223453e-07,1,1,1,1,1
1813,34,14:40:42,9,-0.0390410958904108,1311805.0,-0.038972602739726,-0.0390410958904108,7.93206154929001e-07,-0.0391780821917807,4.485717565805385e-07,-0.0393150684931506,1.2034852005819325e-07,-0.0394520547945205,8.260284785812356e-07,-0.0395890410958904,9.573177731901736e-07,-0.0389041095890411,2.133451037395244e-06,-0.0387671232876711,4.3763098202979367e-08,-0.0386301369863012,1.586412309858002e-07,-0.0384931506849315,3.282232365223453e-07,-0.0383561643835616,6.6355797650267466e-06,1,1,1,1,1
1814,34,14:40:45,9,-0.0397260273972603,7544687.0,-0.0397945205479451,-0.0398630136986301,3.063416874208556e-07,-0.04,2.171743748322851e-06,-0.0401369863013699,1.690349668090078e-06,-0.0402739726027396,3.153951783615969e-06,-0.0404109589041096,1.3210985270024397e-05,-0.0397260273972603,2.899305255947383e-07,-0.0391780821917807,1.0940774550744841e-07,-0.0389041095890411,2.286621881105672e-06,-0.0387671232876711,4.3763098202979367e-08,-0.0386301369863012,1.6411161826117265e-07,2,1,1,1,1
1815,34,14:40:48,9,-0.0397260273972603,904490.0,-0.0397945205479451,-0.0398630136986301,3.063416874208556e-07,-0.04,2.182684522873596e-06,-0.0401369863013699,1.701290442640823e-06,-0.0402739726027396,3.153951783615969e-06,-0.0404109589041096,1.3205514882749024e-05,-0.0397260273972603,2.7351936376862106e-08,-0.0391780821917807,2.2428587829026925e-07,-0.0389041095890411,2.23738839562732e-06,-0.0387671232876711,4.3763098202979367e-08,-0.0386301369863012,1.6411161826117265e-07,1,1,1,1,1
1816,34,14:40:51,9,-0.0391780821917807,680280.0,-0.0392465753424658,-0.0393150684931506,3.719863347253246e-07,-0.0394520547945205,1.0940774550744842e-08,-0.0395890410958904,3.1017095851361625e-06,-0.0397260273972603,3.282232365223452e-08,-0.0398630136986301,3.11812074696228e-07,-0.0391780821917807,9.299658368133117e-08,-0.0389041095890411,2.193625297424341e-06,-0.0387671232876711,4.3763098202979367e-08,-0.0386301369863012,1.6411161826117265e-07,-0.0384931506849315,3.282232365223453e-07,1,1,1,1,1
1817,34,14:40:54,9,-0.0393150684931506,1157210.0,-0.0392465753424658,-0.0393150684931506,1.586412309858002e-06,-0.0394520547945205,1.0940774550744842e-08,-0.0395890410958904,3.1235911342376523e-06,-0.0397260273972603,1.6958200553654506e-07,-0.0398630136986301,3.063416874208556e-07,-0.0391780821917807,2.1881549101489682e-07,-0.0390410958904108,6.290945366678284e-07,-0.0389041095890411,2.2045660719750856e-06,-0.0387671232876711,4.3763098202979367e-08,-0.0386301369863012,1.6411161826117265e-07,1,1,1,1,1
1818,34,14:40:57,9,-0.0393150684931506,385759.0,-0.0392465753424658,-0.0393150684931506,1.5262380498289051e-06,-0.0394520547945205,8.369692531319804e-07,-0.0395890410958904,3.134531908788397e-06,-0.0397260273972603,4.868644675081455e-07,-0.0398630136986301,3.883974965514419e-07,-0.0391780821917807,1.0940774550744842e-08,-0.0390410958904108,6.290945366678284e-07,-0.0389041095890411,2.2045660719750856e-06,-0.0387671232876711,4.3763098202979367e-08,-0.0386301369863012,1.6411161826117265e-07,1,1,1,1,1
1819,34,14:41:00,9,-0.0391780821917807,3639838.0,-0.0391095890410957,-0.0391780821917807,2.07874716464152e-07,-0.0393150684931506,3.719863347253246e-07,-0.0394520547945205,1.859931673626623e-07,-0.0395890410958904,3.1509430706145143e-06,-0.0397260273972603,6.728576348708078e-07,-0.0390410958904108,1.4770045643505538e-07,-0.0389041095890411,2.2045660719750856e-06,-0.0387671232876711,4.3763098202979367e-08,-0.0386301369863012,1.6411161826117265e-07,-0.0384931506849315,3.829271092760695e-07,1,1,0,1,1
1820,34,14:41:03,9,-0.0394520547945205,2622885.0,-0.0393835616438356,-0.0394520547945205,1.4223006915968298e-07,-0.0395890410958904,3.167354232440632e-06,-0.0397260273972603,8.479100276827252e-07,-0.0398630136986301,4.595125311312834e-07,-0.04,2.1662733610474785e-06,-0.0393150684931506,6.832513706940154e-06,-0.0391780821917807,2.07874716464152e-07,-0.0390410958904108,3.282232365223453e-07,-0.0389041095890411,2.23738839562732e-06,-0.0387671232876711,4.3763098202979367e-08,1,1,1,1,1
1821,34,14:41:06,9,-0.0393150684931506,960776.0,-0.0393835616438356,-0.0394520547945205,1.4223006915968298e-07,-0.0395890410958904,3.167354232440632e-06,-0.0397260273972603,1.274600235161774e-06,-0.0398630136986301,7.877357676536286e-07,-0.04,2.1662733610474785e-06,-0.0393150684931506,6.230771106649187e-06,-0.0391780821917807,2.4616742739175896e-07,-0.0390410958904108,2.7351936376862104e-07,-0.0389041095890411,2.23738839562732e-06,-0.0387671232876711,4.3763098202979367e-08,1,1,1,1,1
1822,34,14:41:09,9,-0.0393150684931506,617132.0,-0.0393835616438356,-0.0394520547945205,1.3675968188431052e-07,-0.0395890410958904,3.167354232440632e-06,-0.0397260273972603,1.531708437104278e-06,-0.0398630136986301,7.986765422043734e-07,-0.04,2.171743748322851e-06,-0.0393150684931506,5.973662904706683e-06,-0.0391780821917807,3.063416874208556e-07,-0.0390410958904108,2.7351936376862104e-07,-0.0389041095890411,2.23738839562732e-06,-0.0387671232876711,4.3763098202979367e-08,1,1,1,1,1
1823,34,14:41:12,9,-0.0393150684931506,1493678.0,-0.0393835616438356,-0.0394520547945205,8.916731258857046e-07,-0.0395890410958904,3.167354232440632e-06,-0.0397260273972603,3.823800705485322e-06,-0.0398630136986301,7.93206154929001e-07,-0.04,2.182684522873596e-06,-0.0393150684931506,5.306275657111248e-06,-0.0391780821917807,3.11812074696228e-07,-0.0390410958904108,2.7351936376862104e-07,-0.0389041095890411,2.23738839562732e-06,-0.0387671232876711,4.3763098202979367e-08,1,1,1,1,1
1824,34,14:41:15,9,-0.0394520547945205,722264.0,-0.0393835616438356,-0.0394520547945205,6.126833748417112e-07,-0.0395890410958904,3.167354232440632e-06,-0.0397260273972603,4.042616196500219e-06,-0.0398630136986301,8.041469294797458e-07,-0.04,2.182684522873596e-06,-0.0393150684931506,6.1541856847939736e-06,-0.0391780821917807,3.11812074696228e-07,-0.0390410958904108,3.336936237977177e-07,-0.0389041095890411,2.248329170178065e-06,-0.0387671232876711,4.3763098202979367e-08,1,0,1,1,1
1825,34,14:41:18,9,-0.0394520547945205,1325324.0,-0.0393835616438356,-0.0394520547945205,1.641116182611726e-08,-0.0395890410958904,3.222058105194356e-06,-0.0397260273972603,4.332546722094957e-06,-0.0398630136986301,8.588508022334701e-07,-0.04,2.740664024961583e-06,-0.0393150684931506,5.940840581054449e-06,-0.0391780821917807,5.579795020879869e-07,-0.0390410958904108,3.938678838268143e-07,-0.0389041095890411,2.248329170178065e-06,-0.0387671232876711,4.3763098202979367e-08,1,0,1,1,1
1826,34,14:41:21,9,-0.0393150684931506,413747.0,-0.0394520547945205,-0.0395890410958904,3.222058105194356e-06,-0.0397260273972603,4.3380171093703295e-06,-0.0398630136986301,8.588508022334701e-07,-0.04,2.795367897715307e-06,-0.0401369863013699,1.690349668090078e-06,-0.0393150684931506,5.957251742880566e-06,-0.0391780821917807,6.072129875663387e-07,-0.0390410958904108,3.336936237977177e-07,-0.0389041095890411,2.248329170178065e-06,-0.0387671232876711,4.3763098202979367e-08,1,0,1,1,1
1827,34,14:41:24,9,-0.0393150684931506,792431.0,-0.0393835616438356,-0.0394520547945205,1.3675968188431052e-07,-0.0395890410958904,3.265821203397335e-06,-0.0397260273972603,4.3380171093703295e-06,-0.0398630136986301,8.643211895088425e-07,-0.04,2.795367897715307e-06,-0.0393150684931506,5.546972697227635e-06,-0.0391780821917807,6.072129875663387e-07,-0.0390410958904108,4.704533056820282e-07,-0.0389041095890411,2.248329170178065e-06,-0.0387671232876711,4.3763098202979367e-08,1,0,1,1,1
1828,34,14:41:27,9,-0.0393150684931506,1570798.0,-0.0393835616438356,-0.0394520547945205,1.641116182611726e-08,-0.0395890410958904,3.11812074696228e-06,-0.0397260273972603,4.452895242153151e-06,-0.0398630136986301,8.697915767842149e-07,-0.04,2.8227198340921693e-06,-0.0393150684931506,5.344568368038855e-06,-0.0391780821917807,6.072129875663387e-07,-0.0390410958904108,4.704533056820282e-07,-0.0389041095890411,2.248329170178065e-06,-0.0387671232876711,4.3763098202979367e-08,1,0,1,1,1
1829,34,14:41:30,9,-0.0394520547945205,1640838.0,-0.0393835616438356,-0.0394520547945205,1.3128929460893809e-07,-0.0395890410958904,2.9157164177735004e-06,-0.0397260273972603,4.49665834035613e-06,-0.0398630136986301,1.416830304321457e-06,-0.04,3.003242614179459e-06,-0.0393150684931506,5.825962448271628e-06,-0.0391780821917807,6.072129875663387e-07,-0.0390410958904108,4.704533056820282e-07,-0.0389041095890411,2.248329170178065e-06,-0.0387671232876711,4.3763098202979367e-08,0,0,1,1,1
1830,34,14:41:33,9,-0.0394520547945205,813442.0,-0.0395205479452053,-0.0395890410958904,2.926657192324245e-06,-0.0397260273972603,4.556832600385226e-06,-0.0398630136986301,1.3457152697416156e-06,-0.04,3.003242614179459e-06,-0.0401369863013699,1.690349668090078e-06,-0.0394520547945205,2.7351936376862106e-08,-0.0393150684931506,5.552443084503007e-06,-0.0391780821917807,6.072129875663387e-07,-0.0390410958904108,4.704533056820282e-07,-0.0389041095890411,2.248329170178065e-06,0,0,1,1,1
1831,34,14:41:36,9,-0.0394520547945205,553930.0,-0.0393835616438356,-0.0394520547945205,5.798610511894766e-07,-0.0395890410958904,2.9375979668749898e-06,-0.0397260273972603,4.529480664008364e-06,-0.0398630136986301,1.3457152697416156e-06,-0.04,3.019653776005576e-06,-0.0393150684931506,5.503209599024655e-06,-0.0391780821917807,6.072129875663387e-07,-0.0390410958904108,4.704533056820282e-07,-0.0389041095890411,2.2155068465258303e-06,-0.0387671232876711,4.3763098202979367e-08,0,0,1,1,1
1832,34,14:41:39,9,-0.0395890410958904,5272485.0,-0.0396575342465754,-0.0397260273972603,4.556832600385226e-06,-0.0398630136986301,1.3566560442923605e-06,-0.04,3.041535325107066e-06,-0.0401369863013699,1.690349668090078e-06,-0.0402739726027396,3.5259381183412937e-06,-0.0395890410958904,4.627947634965068e-06,-0.0394520547945205,9.846697095670357e-08,-0.0393150684931506,5.344568368038855e-06,-0.0391780821917807,6.619168603200629e-07,-0.0390410958904108,4.15749432928304e-07,0,1,1,1,1
1833,34,14:41:42,9,-0.0397260273972603,6708583.0,-0.0397945205479451,-0.0398630136986301,1.3566560442923605e-06,-0.04,3.0524760996578107e-06,-0.0401369863013699,3.3041139143249423e-06,-0.0402739726027396,3.5314085056166663e-06,-0.0404109589041096,1.319457410819828e-05,-0.0397260273972603,3.041535325107066e-06,-0.0395890410958904,5.164045587951566e-06,-0.0394520547945205,1.0776662932483669e-06,-0.0393150684931506,5.508679986300028e-06,-0.0391780821917807,7.111503457984147e-07,1,1,1,1,1
1834,34,14:41:45,9,-0.04,6146382.0,-0.040068493150685,-0.0401369863013699,3.3314658507018043e-06,-0.0402739726027396,3.476704632862942e-06,-0.0404109589041096,1.3200044495473651e-05,-0.0405479452054793,8.807323513349597e-07,-0.0406849315068492,2.9157164177735004e-06,-0.04,1.1241645850890324e-07,-0.0397260273972603,2.773486348613817e-06,-0.0395890410958904,5.229690235256035e-06,-0.0394520547945205,1.4113599170460849e-06,-0.0393150684931506,5.399272240792579e-06,1,1,1,1,1
1835,34,14:41:48,9,-0.04,1997151.0,-0.040068493150685,-0.0401369863013699,2.193625297424341e-06,-0.0402739726027396,3.5204677310659216e-06,-0.0404109589041096,1.3200044495473651e-05,-0.0405479452054793,8.807323513349597e-07,-0.0406849315068492,2.899305255947383e-06,-0.04,2.5710820194250377e-07,-0.0398630136986301,1.6411161826117265e-07,-0.0397260273972603,2.760083899789155e-06,-0.0395890410958904,5.295334882560503e-06,-0.0394520547945205,1.4496526279736915e-06,1,1,1,1,1
1836,34,14:41:51,9,-0.0401369863013699,3244300.0,-0.0402054794520547,-0.0402739726027396,3.514997343790549e-06,-0.0404109589041096,1.3205514882749024e-05,-0.0405479452054793,8.807323513349597e-07,-0.0406849315068492,2.899305255947383e-06,-0.0408219178082192,2.3741480775116304e-06,-0.0401369863013699,1.5809419225826295e-06,-0.04,9.682585477409186e-07,-0.0398630136986301,1.9693394191340717e-07,-0.0397260273972603,2.787435836166017e-06,-0.0395890410958904,5.3281572062127375e-06,1,1,1,1,1
1837,34,14:41:54,9,-0.0401369863013699,1492389.0,-0.0402054794520547,-0.0402739726027396,3.4821750201383144e-06,-0.0404109589041096,1.3205514882749024e-05,-0.0405479452054793,8.588508022334701e-07,-0.0406849315068492,2.899305255947383e-06,-0.0408219178082192,2.3741480775116304e-06,-0.0401369863013699,1.0831366805237392e-06,-0.04,1.050314356871505e-06,-0.0398630136986301,2.352266528410141e-07,-0.0397260273972603,2.787435836166017e-06,-0.0395890410958904,5.295334882560503e-06,1,1,1,1,1
1838,34,14:41:57,9,-0.0401369863013699,2277139.0,-0.0402054794520547,-0.0402739726027396,2.716320801586176e-06,-0.0404109589041096,1.3205514882749024e-05,-0.0405479452054793,8.588508022334701e-07,-0.0406849315068492,2.899305255947383e-06,-0.0408219178082192,2.3741480775116304e-06,-0.0401369863013699,2.954009128701107e-07,-0.04,8.916731258857046e-07,-0.0398630136986301,2.6257858921787617e-07,-0.0397260273972603,2.787435836166017e-06,-0.0395890410958904,5.158575200676193e-06,1,1,1,1,1
1839,34,14:42:00,9,-0.0401369863013699,735688.0,-0.0402054794520547,-0.0402739726027396,2.8366693216443687e-06,-0.0404109589041096,1.3205514882749024e-05,-0.0405479452054793,8.588508022334701e-07,-0.0406849315068492,2.899305255947383e-06,-0.0408219178082192,2.3686776902362583e-06,-0.0401369863013699,4.3763098202979367e-08,-0.04,8.916731258857046e-07,-0.0398630136986301,2.6257858921787617e-07,-0.0397260273972603,2.787435836166017e-06,-0.0395890410958904,5.158575200676193e-06,1,2,1,1,1
1840,34,14:42:03,9,-0.0401369863013699,553562.0,-0.040068493150685,-0.0401369863013699,2.7351936376862104e-07,-0.0402739726027396,2.902313968948838e-06,-0.0404109589041096,1.3238337206401258e-05,-0.0405479452054793,8.588508022334701e-07,-0.0406849315068492,2.899305255947383e-06,-0.04,8.424396404073528e-07,-0.0398630136986301,3.008713001454831e-07,-0.0397260273972603,2.803846997992134e-06,-0.0395890410958904,5.158575200676193e-06,-0.0394520547945205,1.2144259751326774e-06,1,1,1,1,1
1841,34,14:42:06,9,-0.0401369863013699,588622.0,-0.040068493150685,-0.0401369863013699,4.81394080232773e-07,-0.0402739726027396,2.787435836166017e-06,-0.0404109589041096,1.3183633333647534e-05,-0.0405479452054793,8.697915767842149e-07,-0.0406849315068492,2.899305255947383e-06,-0.04,7.166207330737871e-07,-0.0398630136986301,3.008713001454831e-07,-0.0397260273972603,2.8147877725428798e-06,-0.0395890410958904,5.158575200676193e-06,-0.0394520547945205,1.1651924896543256e-06,1,1,1,1,1
1842,34,14:42:09,9,-0.0401369863013699,455492.0,-0.040068493150685,-0.0401369863013699,1.301952171538636e-06,-0.0402739726027396,2.8202581598182515e-06,-0.0404109589041096,1.3254748368227375e-05,-0.0405479452054793,8.697915767842149e-07,-0.0406849315068492,2.9375979668749898e-06,-0.04,6.345649239432008e-07,-0.0398630136986301,3.5010478562383493e-07,-0.0397260273972603,2.924195518050328e-06,-0.0395890410958904,5.158575200676193e-06,-0.0394520547945205,1.1651924896543256e-06,1,1,1,1,1
1843,34,14:42:12,9,-0.04,1772851.0,-0.040068493150685,-0.0401369863013699,4.2669020747904883e-07,-0.0402739726027396,2.732731963412293e-06,-0.0404109589041096,1.3254748368227375e-05,-0.0405479452054793,1.0339031950453876e-06,-0.0406849315068492,2.9375979668749898e-06,-0.04,5.525091148126145e-07,-0.0398630136986301,3.5557517289920734e-07,-0.0397260273972603,2.776495061615272e-06,-0.0395890410958904,5.158575200676193e-06,-0.0394520547945205,1.1651924896543256e-06,1,1,1,1,1
1844,34,14:42:15,9,-0.04,1443549.0,-0.040068493150685,-0.0401369863013699,1.1268997787267187e-06,-0.0402739726027396,3.334474563703259e-06,-0.0404109589041096,1.3298511466430354e-05,-0.0405479452054793,1.0339031950453876e-06,-0.0406849315068492,2.9375979668749898e-06,-0.04,1.531708437104278e-07,-0.0398630136986301,3.993382711021867e-07,-0.0397260273972603,2.776495061615272e-06,-0.0395890410958904,5.1531048134008205e-06,-0.0394520547945205,1.1104886169006014e-06,1,1,1,1,1
1845,34,14:42:18,9,-0.04,2130531.0,-0.0398630136986301,-0.04,5.251571784357523e-07,-0.0401369863013699,1.236307524234167e-06,-0.0402739726027396,3.996391424023322e-06,-0.0404109589041096,1.3375096888285568e-05,-0.0405479452054793,1.0339031950453876e-06,-0.0397260273972603,2.9734290035286795e-06,-0.0395890410958904,5.1531048134008205e-06,-0.0394520547945205,1.0831366805237392e-06,-0.0393150684931506,4.934289322385924e-06,-0.0391780821917807,1.0886070677991118e-06,1,1,1,1,1
1846,34,14:42:21,9,-0.04,1205590.0,-0.039931506849315,-0.04,1.2636594606110292e-06,-0.0401369863013699,2.084217551916892e-06,-0.0402739726027396,4.122210331356888e-06,-0.0404109589041096,1.3402448824662431e-05,-0.0405479452054793,1.0339031950453876e-06,-0.0398630136986301,1.0940774550744842e-08,-0.0397260273972603,2.459212599643672e-06,-0.0395890410958904,5.1531048134008205e-06,-0.0394520547945205,1.0831366805237392e-06,-0.0393150684931506,4.934289322385924e-06,1,1,1,1,1
1847,34,14:42:24,9,-0.0398630136986301,322381.0,-0.0397945205479451,-0.0398630136986301,8.752619640595873e-08,-0.04,2.149862199221361e-06,-0.0401369863013699,1.8544612863512507e-06,-0.0402739726027396,4.155032655009122e-06,-0.0404109589041096,1.3407919211937804e-05,-0.0397260273972603,2.404508726889948e-06,-0.0395890410958904,5.125752877023959e-06,-0.0394520547945205,3.11812074696228e-07,-0.0393150684931506,4.934289322385924e-06,-0.0391780821917807,1.0612551314222496e-06,1,1,1,1,1
1848,34,14:42:27,9,-0.0397260273972603,2565602.0,-0.0397945205479451,-0.0398630136986301,6.017426002909662e-08,-0.04,2.4507334993668446e-06,-0.0401369863013699,2.024043291887796e-06,-0.0402739726027396,4.187854978661357e-06,-0.0404109589041096,1.3522797344720624e-05,-0.0397260273972603,7.19629446075242e-07,-0.0395890410958904,4.770177704124751e-06,-0.0394520547945205,3.11812074696228e-07,-0.0393150684931506,4.934289322385924e-06,-0.0391780821917807,1.0612551314222496e-06,1,1,1,1,1
1849,34,14:42:30,9,-0.0397260273972603,2337949.0,-0.0396575342465754,-0.0397260273972603,1.6657329253509021e-07,-0.0398630136986301,7.111503457984147e-07,-0.04,2.1006287137430094e-06,-0.0401369863013699,2.603904343077272e-06,-0.0402739726027396,4.576252475212799e-06,-0.0395890410958904,4.770177704124751e-06,-0.0394520547945205,2.844601383193659e-07,-0.0393150684931506,4.934289322385924e-06,-0.0391780821917807,1.0612551314222496e-06,-0.0390410958904108,5.525091148126145e-07,1,1,1,1,1
1850,34,14:42:33,9,-0.0397260273972603,1542124.0,-0.0396575342465754,-0.0397260273972603,4.212198202036764e-07,-0.0398630136986301,1.337509688828557e-07,-0.04,3.129061521513025e-06,-0.0401369863013699,2.768015961338445e-06,-0.0402739726027396,4.62548596069115e-06,-0.0395890410958904,4.627947634965068e-06,-0.0394520547945205,3.391640110730901e-07,-0.0393150684931506,4.934289322385924e-06,-0.0391780821917807,1.0612551314222496e-06,-0.0390410958904108,5.525091148126145e-07,1,1,1,1,1
1851,34,14:42:36,9,-0.0395890410958904,904372.0,-0.0396575342465754,-0.0397260273972603,1.0174920332192704e-06,-0.0398630136986301,2.15806778013442e-07,-0.04,2.8500717704690317e-06,-0.0401369863013699,2.833660608642914e-06,-0.0402739726027396,4.64736750979264e-06,-0.0395890410958904,4.2450205256889984e-06,-0.0394520547945205,3.391640110730901e-07,-0.0393150684931506,4.934289322385924e-06,-0.0391780821917807,1.0612551314222496e-06,-0.0390410958904108,5.525091148126145e-07,1,1,1,1,0
1852,34,14:42:39,9,-0.0397260273972603,2299350.0,-0.0396575342465754,-0.0397260273972603,4.3763098202979367e-08,-0.0398630136986301,1.7751406708583505e-07,-0.04,2.9157164177735004e-06,-0.0401369863013699,2.899305255947383e-06,-0.0402739726027396,4.7513048680247164e-06,-0.0395890410958904,3.697981798151757e-06,-0.0394520547945205,3.391640110730901e-07,-0.0393150684931506,4.934289322385924e-06,-0.0391780821917807,1.0612551314222496e-06,-0.0390410958904108,5.579795020879869e-07,1,1,1,1,1
1853,34,14:42:42,9,-0.0397260273972603,602814.0,-0.0397945205479451,-0.0398630136986301,3.5283997926152114e-08,-0.04,2.964949903251852e-06,-0.0401369863013699,2.9211868050488725e-06,-0.0402739726027396,4.740364093473971e-06,-0.0404109589041096,1.3621264315677329e-05,-0.0397260273972603,7.65854218552139e-08,-0.0395890410958904,3.703452185427129e-06,-0.0394520547945205,6.126833748417112e-07,-0.0393150684931506,4.934289322385924e-06,-0.0391780821917807,1.0612551314222496e-06,1,1,1,1,1
1854,34,14:42:45,9,-0.04,1738429.0,-0.0398630136986301,-0.04,2.78688879743848e-06,-0.0401369863013699,2.9211868050488725e-06,-0.0402739726027396,6.359598726984208e-06,-0.0404109589041096,1.3621264315677329e-05,-0.0405479452054793,1.3457152697416156e-06,-0.0397260273972603,9.846697095670357e-08,-0.0395890410958904,3.555751728992073e-06,-0.0394520547945205,6.126833748417112e-07,-0.0393150684931506,4.934289322385924e-06,-0.0391780821917807,1.0612551314222496e-06,1,1,1,1,1
1855,34,14:42:48,9,-0.04,1289843.0,-0.0397945205479451,-0.0398630136986301,2.7351936376862106e-08,-0.04,2.7431256992355003e-06,-0.0401369863013699,3.11812074696228e-06,-0.0402739726027396,6.419772987013305e-06,-0.0404109589041096,1.36267347029527e-05,-0.0397260273972603,7.713246058275113e-07,-0.0395890410958904,3.1782950069913767e-06,-0.0394520547945205,6.455056984939457e-07,-0.0393150684931506,4.85770390053071e-06,-0.0391780821917807,1.0612551314222496e-06,1,1,1,1,1
1856,34,14:42:51,9,-0.0397260273972603,609869.0,-0.0397945205479451,-0.0398630136986301,4.540421438559109e-07,-0.04,3.2409309412943906e-06,-0.0401369863013699,3.194706168817493e-06,-0.0402739726027396,6.447124923390167e-06,-0.0404109589041096,1.3654086639329564e-05,-0.0397260273972603,3.5010478562383493e-07,-0.0395890410958904,3.183765394266749e-06,-0.0394520547945205,6.455056984939457e-07,-0.0393150684931506,4.85770390053071e-06,-0.0391780821917807,1.0612551314222496e-06,1,1,1,1,1
1857,34,14:42:54,9,-0.0397260273972603,862222.0,-0.0397945205479451,-0.0398630136986301,8.479100276827252e-07,-0.04,3.2628124903958804e-06,-0.0401369863013699,3.129061521513025e-06,-0.0402739726027396,5.916497357679041e-06,-0.0404109589041096,1.3659557026604937e-05,-0.0397260273972603,1.2581890733356568e-07,-0.0395890410958904,3.167354232440632e-06,-0.0394520547945205,6.455056984939457e-07,-0.0393150684931506,4.85770390053071e-06,-0.0391780821917807,1.0612551314222496e-06,1,1,1,1,1
1858,34,14:42:57,9,-0.0398630136986301,1913511.0,-0.039931506849315,-0.04,3.301105201323487e-06,-0.0401369863013699,3.172824619716004e-06,-0.0402739726027396,5.932908519505159e-06,-0.0404109589041096,1.3675968188431053e-05,-0.0405479452054793,1.3293041079154983e-06,-0.0398630136986301,2.7898975104399344e-07,-0.0397260273972603,2.7351936376862106e-08,-0.0395890410958904,3.1017095851361625e-06,-0.0394520547945205,6.455056984939457e-07,-0.0393150684931506,4.85770390053071e-06,1,1,1,1,1
1859,34,14:43:00,9,-0.0398630136986301,574735.0,-0.0397945205479451,-0.0398630136986301,1.6958200553654506e-07,-0.04,3.820791992483867e-06,-0.0401369863013699,3.194706168817493e-06,-0.0402739726027396,5.976671617708139e-06,-0.0404109589041096,1.3708790512083286e-05,-0.0397260273972603,4.2669020747904883e-07,-0.0395890410958904,3.107179972411535e-06,-0.0394520547945205,6.455056984939457e-07,-0.0393150684931506,4.85770390053071e-06,-0.0391780821917807,1.0612551314222496e-06,1,1,1,1,1
1860,34,14:43:03,9,-0.0397260273972603,1072403.0,-0.0397945205479451,-0.0398630136986301,4.540421438559109e-07,-0.04,3.574624565092108e-06,-0.0401369863013699,3.2439396542958454e-06,-0.0402739726027396,5.976671617708139e-06,-0.0404109589041096,1.3725201673909404e-05,-0.0397260273972603,3.5557517289920734e-07,-0.0395890410958904,3.134531908788397e-06,-0.0394520547945205,6.455056984939457e-07,-0.0393150684931506,4.85770390053071e-06,-0.0391780821917807,1.0612551314222496e-06,1,1,1,1,1
1861,34,14:43:06,9,-0.0397260273972603,679976.0,-0.0396575342465754,-0.0397260273972603,1.3128929460893809e-07,-0.0398630136986301,6.728576348708078e-07,-0.04,3.662150761498067e-06,-0.0401369863013699,3.3095843016003144e-06,-0.0402739726027396,6.02590510318649e-06,-0.0395890410958904,3.041535325107066e-06,-0.0394520547945205,7.822653803782562e-07,-0.0393150684931506,4.85770390053071e-06,-0.0391780821917807,1.0612551314222496e-06,-0.0390410958904108,5.908018257402214e-07,1,1,1,1,0
1862,34,14:43:09,9,-0.0397260273972603,749996.0,-0.0397945205479451,-0.0398630136986301,5.415683402618696e-07,-0.04,3.793440056107005e-06,-0.0401369863013699,3.315054688875687e-06,-0.0402739726027396,6.031375490461863e-06,-0.0404109589041096,1.4113599170460846e-05,-0.0397260273972603,1.0940774550744842e-08,-0.0395890410958904,3.0251241632809487e-06,-0.0394520547945205,7.713246058275113e-07,-0.0393150684931506,4.85770390053071e-06,-0.0391780821917807,1.0612551314222496e-06,1,1,1,1,0
1863,34,14:43:12,9,-0.0397260273972603,315461.0,-0.0396575342465754,-0.0397260273972603,2.0240432918877963e-07,-0.0398630136986301,7.439726694506492e-07,-0.04,3.815321605208495e-06,-0.0401369863013699,3.336936237977177e-06,-0.0402739726027396,6.031375490461863e-06,-0.0395890410958904,2.954009128701107e-06,-0.0394520547945205,7.713246058275113e-07,-0.0393150684931506,4.85770390053071e-06,-0.0391780821917807,1.0612551314222496e-06,-0.0390410958904108,5.908018257402214e-07,1,1,1,1,0
1864,34,14:43:15,9,-0.0397260273972603,869274.0,-0.0397260273972603,-0.0398630136986301,9.901400968424082e-07,-0.04,3.815321605208495e-06,-0.0401369863013699,3.3314658507018043e-06,-0.0402739726027396,6.058727426838725e-06,-0.0404109589041096,1.4130010332286964e-05,-0.0395890410958904,3.107179972411535e-06,-0.0394520547945205,7.603838312767665e-07,-0.0393150684931506,4.85770390053071e-06,-0.0391780821917807,1.0612551314222496e-06,-0.0390410958904108,5.908018257402214e-07,1,1,1,1,0
1865,34,14:43:18,9,-0.0397260273972603,5538399.0,-0.0396575342465754,-0.0397260273972603,1.641116182611726e-08,-0.0398630136986301,2.844601383193659e-07,-0.04,4.209189489035309e-06,-0.0401369863013699,3.2986435270495697e-06,-0.0402739726027396,6.064197814114097e-06,-0.0395890410958904,5.470387275372421e-08,-0.0394520547945205,6.072129875663387e-07,-0.0393150684931506,4.720944218646399e-06,-0.0391780821917807,1.0612551314222496e-06,-0.0390410958904108,6.017426002909662e-07,1,1,1,1,0
1866,34,14:43:21,9,-0.0397260273972603,413625.0,-0.0397945205479451,-0.0398630136986301,2.899305255947383e-07,-0.04,4.225600650861427e-06,-0.0401369863013699,3.484636694412232e-06,-0.0402739726027396,6.064197814114097e-06,-0.0404109589041096,1.4162832655939196e-05,-0.0397260273972603,7.65854218552139e-08,-0.0395890410958904,2.1881549101489683e-08,-0.0394520547945205,6.290945366678284e-07,-0.0393150684931506,4.720944218646399e-06,-0.0391780821917807,1.0612551314222496e-06,1,1,1,1,0
1867,34,14:43:24,9,-0.0397260273972603,2236447.0,-0.0397945205479451,-0.0398630136986301,1.0940774550744841e-07,-0.04,4.242011812687544e-06,-0.0401369863013699,3.484636694412232e-06,-0.0402739726027396,6.107960912317076e-06,-0.0404109589041096,1.4244888465069784e-05,-0.0397260273972603,2.7351936376862106e-08,-0.0393150684931506,4.720944218646399e-06,-0.0391780821917807,1.0612551314222496e-06,-0.0390410958904108,6.017426002909662e-07,-0.0389041095890411,2.1662733610474785e-06,1,1,1,1,0
1868,34,14:43:27,9,-0.0397260273972603,553797.0,-0.0397945205479451,-0.0398630136986301,1.6411161826117265e-07,-0.04,4.3514195581949925e-06,-0.0401369863013699,3.4354032089338805e-06,-0.0402739726027396,6.107960912317076e-06,-0.0404109589041096,1.42612996268959e-05,-0.0397260273972603,9.901400968424082e-07,-0.0395890410958904,1.0940774550744841e-07,-0.0394520547945205,4.9233485478351786e-08,-0.0393150684931506,4.7264146059217714e-06,-0.0391780821917807,1.0612551314222496e-06,1,1,1,1,0
1869,34,14:43:30,9,-0.0397260273972603,1198673.0,-0.0397945205479451,-0.0398630136986301,3.172824619716004e-07,-0.04,4.449886529151696e-06,-0.0401369863013699,3.468225532586115e-06,-0.0402739726027396,6.107960912317076e-06,-0.0404109589041096,1.4272240401446644e-05,-0.0397260273972603,4.868644675081455e-07,-0.0395890410958904,1.6958200553654506e-07,-0.0394520547945205,1.586412309858002e-07,-0.0393150684931506,4.917878160559806e-06,-0.0391780821917807,1.0612551314222496e-06,1,1,1,1,0
1870,34,14:43:33,9,-0.0398630136986301,1282639.0,-0.039931506849315,-0.04,4.630409309238986e-06,-0.0401369863013699,3.473695919861487e-06,-0.0402739726027396,6.173605559621545e-06,-0.0404109589041096,1.4272240401446644e-05,-0.0405479452054793,1.2800706224371465e-06,-0.0398630136986301,1.7450535408438022e-08,-0.0397260273972603,1.0721959059729943e-06,-0.0395890410958904,1.6958200553654506e-07,-0.0394520547945205,2.844601383193659e-07,-0.0393150684931506,4.917878160559806e-06,1,1,1,1,1
1871,34,14:43:36,9,-0.0398630136986301,1009324.0,-0.039931506849315,-0.04,4.666240345892675e-06,-0.0401369863013699,3.4901070816876044e-06,-0.0402739726027396,6.173605559621545e-06,-0.0404109589041096,1.4277710788722018e-05,-0.0405479452054793,1.2800706224371465e-06,-0.0398630136986301,1.3905177415269156e-06,-0.0397260273972603,8.205580913058631e-07,-0.0395890410958904,1.6958200553654506e-07,-0.0394520547945205,3.008713001454831e-07,-0.0393150684931506,3.32052507615106e-06,1,1,1,1,0
1872,34,14:43:39,9,-0.0398630136986301,2908496.0,-0.039931506849315,-0.04,3.692511410876384e-06,-0.0401369863013699,3.544810954441329e-06,-0.0402739726027396,6.562003056172987e-06,-0.0404109589041096,1.4277710788722018e-05,-0.0405479452054793,1.2800706224371465e-06,-0.0398630136986301,5.699596502210525e-07,-0.0397260273972603,8.752619640595873e-07,-0.0395890410958904,1.6958200553654506e-07,-0.0394520547945205,3.883974965514419e-07,-0.0393150684931506,3.32052507615106e-06,1,1,1,1,0
1873,34,14:43:42,9,-0.0398630136986301,1478782.0,-0.039931506849315,-0.04,3.085298423310045e-06,-0.0401369863013699,3.610455601745798e-06,-0.0402739726027396,6.572943830723732e-06,-0.0404109589041096,1.4266770014171273e-05,-0.0405479452054793,1.2800706224371465e-06,-0.0398630136986301,9.950634453902435e-08,-0.0397260273972603,1.1378405532774636e-06,-0.0395890410958904,1.6958200553654506e-07,-0.0394520547945205,3.883974965514419e-07,-0.0393150684931506,3.32052507615106e-06,1,1,1,1,0
1874,34,14:43:45,9,-0.0398630136986301,1983459.0,-0.039931506849315,-0.04,2.6421970540048797e-06,-0.0401369863013699,3.61592598902117e-06,-0.0402739726027396,6.622177316202084e-06,-0.0404109589041096,1.4272240401446644e-05,-0.0405479452054793,1.2800706224371465e-06,-0.0398630136986301,4.1678880651062473e-07,-0.0397260273972603,1.6958200553654504e-06,-0.0395890410958904,1.9146355463803476e-07,-0.0394520547945205,4.485717565805385e-07,-0.0393150684931506,3.32052507615106e-06,1,1,1,1,0
1875,34,14:43:48,9,-0.0398630136986301,1878163.0,-0.039931506849315,-0.04,2.024043291887796e-06,-0.0401369863013699,4.770177704124751e-06,-0.0402739726027396,6.622177316202084e-06,-0.0404109589041096,1.4294121950548136e-05,-0.0405479452054793,1.2800706224371465e-06,-0.0398630136986301,1.0075906322508465e-06,-0.0397260273972603,1.7778758644960367e-06,-0.0395890410958904,1.9146355463803476e-07,-0.0394520547945205,4.102790456529316e-07,-0.0393150684931506,2.582022793975783e-06,1,1,1,1,0
1876,34,14:43:51,9,-0.0398630136986301,623774.0,-0.039931506849315,-0.04,2.0076321300616783e-06,-0.0401369863013699,4.824881576878475e-06,-0.0402739726027396,6.649529252578946e-06,-0.0404109589041096,1.4294121950548136e-05,-0.0405479452054793,1.2800706224371465e-06,-0.0398630136986301,1.0404129559030808e-06,-0.0397260273972603,1.7997574135975264e-06,-0.0395890410958904,2.5163781466713136e-07,-0.0394520547945205,4.2669020747904883e-07,-0.0393150684931506,2.582022793975783e-06,1,1,1,1,0
1877,34,14:43:54,9,-0.0397260273972603,2398395.0,-0.0397945205479451,-0.0398630136986301,3.719863347253246e-07,-0.04,1.776836490913716e-06,-0.0401369863013699,4.830351964153848e-06,-0.0402739726027396,6.649529252578946e-06,-0.0404109589041096,1.430506272509888e-05,-0.0397260273972603,1.662997731713216e-06,-0.0395890410958904,2.5163781466713136e-07,-0.0394520547945205,3.610455601745798e-07,-0.0393150684931506,2.582022793975783e-06,-0.0391780821917807,1.0612551314222496e-06,1,1,1,1,0
1878,34,14:43:57,9,-0.0398630136986301,399520.0,-0.0397945205479451,-0.0398630136986301,2.352266528410141e-07,-0.04,2.422342189407662e-06,-0.0401369863013699,4.8467631259799645e-06,-0.0402739726027396,6.649529252578946e-06,-0.0404109589041096,1.44199408578817e-05,-0.0397260273972603,1.821638962699016e-06,-0.0395890410958904,2.5163781466713136e-07,-0.0394520547945205,4.81394080232773e-07,-0.0393150684931506,2.582022793975783e-06,-0.0391780821917807,1.0612551314222496e-06,1,1,1,1,0
1879,34,14:44:00,9,-0.0397260273972603,3420029.0,-0.0397945205479451,-0.0398630136986301,9.299658368133117e-08,-0.04,1.6893102945077572e-06,-0.0401369863013699,4.906937386009062e-06,-0.0402739726027396,6.70423312533267e-06,-0.0404109589041096,1.4458233568809307e-05,-0.0397260273972603,2.467144661192962e-06,-0.0395890410958904,2.5163781466713136e-07,-0.0394520547945205,4.81394080232773e-07,-0.0393150684931506,2.582022793975783e-06,-0.0391780821917807,1.0612551314222496e-06,1,1,1,1,0
1880,34,14:44:03,9,-0.0401369863013699,7393134.0,-0.040068493150685,-0.0401369863013699,2.2254082474942546e-06,-0.0402739726027396,6.731585061709532e-06,-0.0404109589041096,1.4594993250693618e-05,-0.0405479452054793,1.586412309858002e-06,-0.0406849315068492,3.172824619716004e-06,-0.04,5.470387275372421e-09,-0.0397260273972603,2.538259695772803e-06,-0.0395890410958904,2.5163781466713136e-07,-0.0394520547945205,4.81394080232773e-07,-0.0393150684931506,2.582022793975783e-06,1,1,1,1,1
1881,34,14:44:06,9,-0.04,1184344.0,-0.040068493150685,-0.0401369863013699,2.105059727436061e-06,-0.0402739726027396,6.731585061709532e-06,-0.0404109589041096,1.4594993250693618e-05,-0.0405479452054793,1.586412309858002e-06,-0.0406849315068492,3.172824619716004e-06,-0.04,1.2800706224371465e-06,-0.0398630136986301,1.9693394191340717e-07,-0.0397260273972603,2.412440788439237e-06,-0.0395890410958904,2.5163781466713136e-07,-0.0394520547945205,4.2669020747904883e-07,1,1,1,1,0
1882,34,14:44:09,9,-0.04,1632844.0,-0.040068493150685,-0.0401369863013699,2.137882051088296e-06,-0.0402739726027396,6.731585061709532e-06,-0.0404109589041096,1.4589522863418246e-05,-0.0405479452054793,1.586412309858002e-06,-0.0406849315068492,3.172824619716004e-06,-0.04,6.947391839722974e-07,-0.0398630136986301,2.4616742739175896e-07,-0.0397260273972603,2.4397927248160995e-06,-0.0395890410958904,2.5163781466713136e-07,-0.0394520547945205,3.993382711021867e-07,1,1,1,1,0
1883,34,14:44:12,9,-0.04,2922304.0,-0.039931506849315,-0.04,1.0339031950453876e-06,-0.0401369863013699,1.9081257855226543e-06,-0.0402739726027396,6.731585061709532e-06,-0.0404109589041096,1.4605934025244363e-05,-0.0405479452054793,1.586412309858002e-06,-0.0398630136986301,5.798610511894766e-07,-0.0397260273972603,1.7450535408438022e-06,-0.0395890410958904,2.5163781466713136e-07,-0.0394520547945205,4.3763098202979364e-07,-0.0393150684931506,2.385088852062376e-06,1,1,1,1,0
1884,34,14:44:15,9,-0.0398630136986301,4330813.0,-0.039931506849315,-0.04,2.1881549101489683e-08,-0.0401369863013699,4.475323829982178e-07,-0.0402739726027396,7.85301445316088e-06,-0.0404109589041096,1.4611404412519736e-05,-0.0405479452054793,1.586412309858002e-06,-0.0398630136986301,2.0240432918877963e-07,-0.0397260273972603,1.7505239281191746e-06,-0.0395890410958904,2.5163781466713136e-07,-0.0394520547945205,7.713246058275113e-07,-0.0393150684931506,2.379618464787003e-06,1,1,1,1,0
1885,34,14:44:18,9,-0.04,1114286.0,-0.040068493150685,-0.0401369863013699,3.5453579931688657e-07,-0.0402739726027396,7.85301445316088e-06,-0.0404109589041096,1.4567641314316755e-05,-0.0405479452054793,1.586412309858002e-06,-0.0406849315068492,3.1782950069913767e-06,-0.04,4.978052420588903e-07,-0.0398630136986301,1.2034852005819325e-07,-0.0397260273972603,1.7724054772206644e-06,-0.0395890410958904,2.4616742739175896e-07,-0.0394520547945205,7.713246058275113e-07,1,1,1,1,0
1886,34,14:44:21,9,-0.04,441491.0,-0.040068493150685,-0.0401369863013699,6.06173613984018e-07,-0.0402739726027396,7.863955227711623e-06,-0.0404109589041096,1.4594993250693618e-05,-0.0405479452054793,1.586412309858002e-06,-0.0406849315068492,3.1782950069913767e-06,-0.04,3.719863347253246e-07,-0.0398630136986301,2.4616742739175896e-07,-0.0397260273972603,1.7724054772206644e-06,-0.0395890410958904,2.4616742739175896e-07,-0.0394520547945205,7.713246058275113e-07,1,1,1,1,0
1887,34,14:44:24,9,-0.0401369863013699,4679895.0,-0.0402054794520547,-0.0402739726027396,7.88036638953774e-06,-0.0404109589041096,1.448558550518617e-05,-0.0405479452054793,1.586412309858002e-06,-0.0406849315068492,3.1782950069913767e-06,-0.0408219178082192,2.521848533946686e-06,-0.0401369863013699,1.1980148133065602e-08,-0.04,2.1881549101489683e-08,-0.0397260273972603,1.7450535408438022e-06,-0.0395890410958904,2.4616742739175896e-07,-0.0394520547945205,8.807323513349597e-07,1,1,1,1,0
1888,34,14:44:27,9,-0.04,1171676.0,-0.039931506849315,-0.04,3.5010478562383493e-07,-0.0401369863013699,2.505984410848106e-07,-0.0402739726027396,7.88036638953774e-06,-0.0404109589041096,1.4491055892461545e-05,-0.0405479452054793,1.586412309858002e-06,-0.0398630136986301,4.978052420588903e-07,-0.0397260273972603,1.7231719917423126e-06,-0.0395890410958904,2.4616742739175896e-07,-0.0394520547945205,8.807323513349597e-07,-0.0393150684931506,2.379618464787003e-06,1,1,1,1,0
1889,34,14:44:30,9,-0.04,1254434.0,-0.040068493150685,-0.0401369863013699,6.225847758101353e-07,-0.0402739726027396,7.88036638953774e-06,-0.0404109589041096,1.448558550518617e-05,-0.0405479452054793,1.586412309858002e-06,-0.0406849315068492,3.265821203397335e-06,-0.04,7.65854218552139e-08,-0.0398630136986301,5.087460166096352e-07,-0.0397260273972603,1.701290442640823e-06,-0.0395890410958904,2.4616742739175896e-07,-0.0394520547945205,8.807323513349597e-07,1,1,1,1,0
1890,34,14:44:33,9,-0.0401369863013699,2452313.0,-0.0402054794520547,-0.0402739726027396,6.801660722707053e-06,-0.0404109589041096,1.448558550518617e-05,-0.0405479452054793,1.586412309858002e-06,-0.0406849315068492,3.265821203397335e-06,-0.0408219178082192,2.5163781466713137e-06,-0.0401369863013699,1.03937358232076e-07,-0.0398630136986301,7.822653803782562e-07,-0.0397260273972603,1.7122312171915677e-06,-0.0395890410958904,2.4616742739175896e-07,-0.0394520547945205,8.807323513349597e-07,1,1,1,1,0
1891,34,14:44:36,9,-0.04,462525.0,-0.039931506849315,-0.04,5.470387275372421e-09,-0.0401369863013699,6.017426002909662e-07,-0.0402739726027396,6.834483046359288e-06,-0.0404109589041096,1.4512937441563031e-05,-0.0405479452054793,1.6028234716841191e-06,-0.0398630136986301,7.002095712476699e-07,-0.0397260273972603,1.7122312171915677e-06,-0.0395890410958904,2.5163781466713136e-07,-0.0394520547945205,8.807323513349597e-07,-0.0393150684931506,2.379618464787003e-06,1,1,1,0,0
1892,34,14:44:39,9,-0.04,336384.0,-0.039931506849315,-0.04,1.4223006915968298e-07,-0.0401369863013699,1.2308371369587949e-06,-0.0402739726027396,6.971242728243599e-06,-0.0404109589041096,1.4545759765215269e-05,-0.0405479452054793,1.6028234716841191e-06,-0.0398630136986301,9.791993222916633e-07,-0.0397260273972603,1.6575273444378435e-06,-0.0395890410958904,2.5163781466713136e-07,-0.0394520547945205,8.807323513349597e-07,-0.0393150684931506,2.379618464787003e-06,1,1,1,0,0
1893,34,14:44:42,9,-0.04,1681970.0,-0.04,-0.0401369863013699,1.03937358232076e-06,-0.0402739726027396,7.157235895606261e-06,-0.0404109589041096,1.4594993250693618e-05,-0.0405479452054793,1.613764246234864e-06,-0.0406849315068492,3.265821203397335e-06,-0.0398630136986301,9.080842877118218e-07,-0.0397260273972603,1.6575273444378435e-06,-0.0395890410958904,2.5163781466713136e-07,-0.0394520547945205,8.807323513349597e-07,-0.0393150684931506,2.379618464787003e-06,1,1,1,0,0
1894,34,14:44:45,9,-0.0401369863013699,560584.0,-0.040068493150685,-0.0401369863013699,8.97143513161077e-07,-0.0402739726027396,7.1736470574323774e-06,-0.0404109589041096,1.4594993250693618e-05,-0.0405479452054793,1.613764246234864e-06,-0.0406849315068492,3.265821203397335e-06,-0.04,1.3128929460893809e-07,-0.0398630136986301,1.03937358232076e-06,-0.0397260273972603,1.6082938589594917e-06,-0.0395890410958904,2.5163781466713136e-07,-0.0394520547945205,8.807323513349597e-07,1,0,1,1,0
1895,34,14:44:48,9,-0.04,805851.0,-0.040068493150685,-0.0401369863013699,1.3621264315677328e-06,-0.0402739726027396,7.228350930186102e-06,-0.0404109589041096,1.46387563488966e-05,-0.0405479452054793,1.613764246234864e-06,-0.0406849315068492,3.265821203397335e-06,-0.04,1.1706628769296982e-06,-0.0398630136986301,7.93206154929001e-07,-0.0397260273972603,1.794287026322154e-06,-0.0395890410958904,2.5163781466713136e-07,-0.0394520547945205,8.807323513349597e-07,1,0,1,1,0
1896,34,14:44:51,9,-0.04,1527623.0,-0.040068493150685,-0.0401369863013699,7.986765422043734e-07,-0.0402739726027396,7.20099899380924e-06,-0.0404109589041096,1.4644226736171971e-05,-0.0405479452054793,1.662997731713216e-06,-0.0406849315068492,3.271291590672708e-06,-0.04,1.706760829916195e-06,-0.0398630136986301,7.93206154929001e-07,-0.0397260273972603,1.8818132227281127e-06,-0.0395890410958904,2.5163781466713136e-07,-0.0394520547945205,9.080842877118218e-07,1,0,1,1,0
1897,34,14:44:54,9,-0.0401369863013699,2368395.0,-0.0402054794520547,-0.0402739726027396,7.211939768359984e-06,-0.0404109589041096,1.4655167510722716e-05,-0.0405479452054793,1.662997731713216e-06,-0.0406849315068492,3.271291590672708e-06,-0.0408219178082192,2.806308672266052e-06,-0.0401369863013699,6.837984094215526e-07,-0.04,3.1892357815421214e-06,-0.0398630136986301,7.93206154929001e-07,-0.0397260273972603,1.887283610003485e-06,-0.0395890410958904,2.5163781466713136e-07,1,1,1,1,0
1898,34,14:44:57,9,-0.04,2053062.0,-0.0401369863013699,-0.0402739726027396,7.65504113766515e-06,-0.0404109589041096,1.4660637897998087e-05,-0.0405479452054793,1.662997731713216e-06,-0.0406849315068492,3.3314658507018043e-06,-0.0408219178082192,2.806308672266052e-06,-0.04,3.260350816121962e-06,-0.0398630136986301,8.643211895088425e-07,-0.0397260273972603,1.925576320931092e-06,-0.0395890410958904,2.5163781466713136e-07,-0.0394520547945205,9.080842877118218e-07,1,0,1,1,0
1899,34,14:45:00,9,-0.0401369863013699,7300368.0,-0.0402054794520547,-0.0402739726027396,3.4100206119761524e-06,-0.0404109589041096,1.466610828527346e-05,-0.0405479452054793,1.6684681189885884e-06,-0.0406849315068492,3.336936237977177e-06,-0.0408219178082192,2.806308672266052e-06,-0.0401369863013699,8.041469294797458e-07,-0.04,3.156413457889887e-06,-0.0398630136986301,3.2275284924697285e-07,-0.0397260273972603,1.887283610003485e-06,-0.0395890410958904,2.5163781466713136e-07,1,1,1,1,0
1900,34,14:45:03,9,-0.0402739726027396,5544218.0,-0.0403424657534245,-0.0404109589041096,1.414642149411308e-05,-0.0405479452054793,1.7231719917423126e-06,-0.0406849315068492,3.336936237977177e-06,-0.0408219178082192,2.8008382849906795e-06,-0.040958904109589,1.6126701687797897e-05,-0.0402739726027396,4.472807451835506e-06,-0.0401369863013699,1.1268997787267187e-06,-0.04,3.249410041571218e-06,-0.0398630136986301,3.2275284924697285e-07,-0.0397260273972603,1.89822438455423e-06,1,1,1,1,1
1901,34,14:45:06,9,-0.0404109589041096,7810636.0,-0.0403424657534245,-0.0404109589041096,8.380633305870549e-06,-0.0405479452054793,1.7231719917423126e-06,-0.0406849315068492,3.336936237977177e-06,-0.0408219178082192,2.8008382849906795e-06,-0.040958904109589,1.6121231300522525e-05,-0.0402739726027396,7.607339360623903e-06,-0.0401369863013699,1.274600235161774e-06,-0.04,3.3095843016003144e-06,-0.0398630136986301,3.2275284924697285e-07,-0.0397260273972603,1.9091651591049747e-06,1,1,1,1,1
1902,34,14:45:09,9,-0.0404109589041096,4294099.0,-0.0403424657534245,-0.0404109589041096,5.17498636250231e-06,-0.0405479452054793,1.7231719917423126e-06,-0.0406849315068492,3.336936237977177e-06,-0.0408219178082192,2.8008382849906795e-06,-0.040958904109589,1.541008095472411e-05,-0.0402739726027396,7.689395169754489e-06,-0.0401369863013699,1.2855410097125188e-06,-0.04,2.8227198340921693e-06,-0.0398630136986301,3.2275284924697285e-07,-0.0397260273972603,1.8654020609019957e-06,1,1,1,1,1
1903,34,14:45:12,9,-0.0404109589041096,7222196.0,-0.0404794520547945,-0.0405479452054793,1.7231719917423126e-06,-0.0406849315068492,3.336936237977177e-06,-0.0408219178082192,2.8008382849906795e-06,-0.040958904109589,1.541008095472411e-05,-0.0410958904109589,7.148155052729143e-05,-0.0404109589041096,8.375162918595176e-06,-0.0402739726027396,9.02416966494536e-06,-0.0401369863013699,1.4988861134520434e-06,-0.04,2.9211868050488725e-06,-0.0398630136986301,3.2275284924697285e-07,1,1,1,1,1
1904,34,14:45:15,9,-0.0404109589041096,8452809.0,-0.0406164383561644,-0.0408219178082192,2.127980650119872e-06,-0.040958904109589,1.541555134199948e-05,-0.0410958904109589,7.157454711097275e-05,-0.0412328767123288,3.8566230291375565e-06,-0.0413698630136986,5.027285906067255e-06,-0.0404109589041096,9.622411217380087e-06,-0.0402739726027396,9.056991988597594e-06,-0.0401369863013699,1.5481195989303952e-06,-0.04,2.8664829322951485e-06,-0.0398630136986301,3.4463439834846253e-07,1,1,1,1,1
1905,34,14:45:18,9,-0.0408219178082192,2002994.0,-0.0406164383561644,-0.0408219178082192,1.416830304321457e-06,-0.040958904109589,1.541555134199948e-05,-0.0410958904109589,7.183165531291526e-05,-0.0412328767123288,3.8566230291375565e-06,-0.0413698630136986,5.027285906067255e-06,-0.0404109589041096,9.956104841177804e-06,-0.0402739726027396,8.1434373136104e-06,-0.0401369863013699,1.0448439695961323e-06,-0.04,2.8664829322951485e-06,-0.0398630136986301,3.4463439834846253e-07,1,1,1,1,1
1906,34,14:45:21,9,-0.0405479452054793,882329.0,-0.0406164383561644,-0.0406849315068492,1.0940774550744842e-08,-0.0408219178082192,9.190250622625668e-07,-0.040958904109589,1.859384634899086e-05,-0.0410958904109589,7.19629446075242e-05,-0.0412328767123288,3.867563803688302e-06,-0.0405479452054793,1.859931673626623e-06,-0.0404109589041096,9.430947662742054e-06,-0.0402739726027396,8.116085377233539e-06,-0.0401369863013699,1.2910113969878914e-06,-0.04,2.806308672266052e-06,1,1,1,1,1
1907,34,14:45:24,9,-0.0405479452054793,5160921.0,-0.0404794520547945,-0.0405479452054793,8.479100276827252e-07,-0.040958904109589,1.816168575423644e-05,-0.0410958904109589,7.209423390213314e-05,-0.0412328767123288,3.867563803688302e-06,-0.0413698630136986,5.027285906067255e-06,-0.0404109589041096,9.19572100990104e-06,-0.0402739726027396,8.241904284567104e-06,-0.0401369863013699,1.2910113969878914e-06,-0.04,2.7789567358891896e-06,-0.0398630136986301,3.4463439834846253e-07,1,1,1,1,1
1908,34,14:45:27,9,-0.0408219178082192,1638861.0,-0.0407534246575341,-0.0408219178082192,1.641116182611726e-08,-0.040958904109589,1.810151149420734e-05,-0.0410958904109589,7.211064506395925e-05,-0.0412328767123288,3.867563803688302e-06,-0.0413698630136986,5.0327562933426274e-06,-0.0406849315068492,1.0940774550744842e-08,-0.0404109589041096,9.212132171727157e-06,-0.0402739726027396,8.52636442288647e-06,-0.0401369863013699,1.2910113969878914e-06,-0.04,2.7789567358891896e-06,1,1,1,1,1
1909,34,14:45:30,9,-0.0406849315068492,1071518.0,-0.0406164383561644,-0.0406849315068492,1.6082938589594917e-06,-0.0408219178082192,1.6411161826117265e-07,-0.040958904109589,1.810151149420734e-05,-0.0410958904109589,7.209423390213314e-05,-0.0412328767123288,3.8839749655144185e-06,-0.0405479452054793,7.65854218552139e-08,-0.0404109589041096,9.031609391639867e-06,-0.0402739726027396,8.50448287378498e-06,-0.0401369863013699,1.19801481330656e-06,-0.04,2.773486348613817e-06,1,1,1,1,1
1910,34,14:45:33,9,-0.0405479452054793,532306.0,-0.0404794520547945,-0.0405479452054793,1.416830304321457e-06,-0.0406849315068492,1.7888166390467817e-06,-0.0408219178082192,1.586412309858002e-07,-0.040958904109589,1.8090570719656597e-05,-0.0410958904109589,7.214893777488685e-05,-0.0404109589041096,9.03707977891524e-06,-0.0402739726027396,8.340371255523807e-06,-0.0401369863013699,1.132370166002091e-06,-0.04,2.6969009267586037e-06,-0.0398630136986301,3.391640110730901e-07,1,1,1,1,1
1911,34,14:45:36,9,-0.0405479452054793,3921790.0,-0.0406849315068492,-0.0408219178082192,3.282232365223452e-08,-0.040958904109589,1.760370625214845e-05,-0.0410958904109589,7.222552319674207e-05,-0.0412328767123288,3.8839749655144185e-06,-0.0413698630136986,5.038226680617999e-06,-0.0405479452054793,5.087460166096352e-07,-0.0404109589041096,9.425477275466682e-06,-0.0402739726027396,8.285667382770083e-06,-0.0401369863013699,1.132370166002091e-06,-0.04,2.653137828555624e-06,1,1,1,1,1
1912,34,14:45:39,9,-0.0405479452054793,2024129.0,-0.0404794520547945,-0.0405479452054793,3.5557517289920734e-07,-0.0408219178082192,6.017426002909662e-08,-0.040958904109589,1.762558780124994e-05,-0.0410958904109589,7.240057558955399e-05,-0.0412328767123288,3.8839749655144185e-06,-0.0404109589041096,4.666240345892675e-06,-0.0402739726027396,8.241904284567104e-06,-0.0401369863013699,1.132370166002091e-06,-0.04,2.653137828555624e-06,-0.0398630136986301,3.11812074696228e-07,1,1,1,1,1
1913,34,14:45:42,9,-0.0408219178082192,798467.0,-0.0406849315068492,-0.0408219178082192,5.1968679116038e-07,-0.040958904109589,1.7652939737626802e-05,-0.0410958904109589,7.240604597682936e-05,-0.0412328767123288,3.8839749655144185e-06,-0.0413698630136986,5.114812102473213e-06,-0.0405479452054793,1.4387118534229466e-06,-0.0404109589041096,4.7264146059217714e-06,-0.0402739726027396,8.241904284567104e-06,-0.0401369863013699,1.1268997787267187e-06,-0.04,2.6093747303526448e-06,1,1,1,1,1
1914,34,14:45:45,9,-0.0406849315068492,1330690.0,-0.0406164383561644,-0.0406849315068492,4.649829184066558e-07,-0.0408219178082192,4.759236929574006e-07,-0.040958904109589,1.7663880512177547e-05,-0.0410958904109589,7.2635802242395e-05,-0.0412328767123288,3.8839749655144185e-06,-0.0405479452054793,9.463769986394288e-07,-0.0404109589041096,4.682651507718793e-06,-0.0402739726027396,8.241904284567104e-06,-0.0401369863013699,1.1268997787267187e-06,-0.04,1.4113599170460849e-06,1,1,1,1,1
1915,34,14:45:48,9,-0.0406849315068492,1022447.0,-0.0407534246575341,-0.0408219178082192,7.220911203491596e-07,-0.040958904109589,1.769123244855441e-05,-0.0410958904109589,7.276709153700395e-05,-0.0412328767123288,3.8839749655144185e-06,-0.0413698630136986,5.1531048134008205e-06,-0.0406849315068492,5.470387275372421e-09,-0.0405479452054793,2.2155068465258303e-06,-0.0404109589041096,4.589654924037461e-06,-0.0402739726027396,8.313019319146946e-06,-0.0401369863013699,1.1214293914513463e-06,1,1,1,1,1
1916,34,14:45:51,9,-0.0405479452054793,623324.0,-0.0406164383561644,-0.0406849315068492,5.470387275372421e-09,-0.0408219178082192,7.713246058275113e-07,-0.040958904109589,1.7729525159482015e-05,-0.0410958904109589,7.30515516753233e-05,-0.0412328767123288,3.878504578239047e-06,-0.0405479452054793,2.23738839562732e-06,-0.0404109589041096,4.589654924037461e-06,-0.0402739726027396,8.313019319146946e-06,-0.0401369863013699,1.1214293914513463e-06,-0.04,1.3730672061184775e-06,1,1,1,1,1
1917,34,14:45:54,9,-0.0406849315068492,840356.0,-0.0407534246575341,-0.0408219178082192,2.8774237068458933e-06,-0.040958904109589,1.7773288257684995e-05,-0.0410958904109589,7.32101929063091e-05,-0.0412328767123288,3.873034190963674e-06,-0.0413698630136986,5.17498636250231e-06,-0.0406849315068492,2.954009128701107e-07,-0.0405479452054793,2.6367266667295068e-06,-0.0404109589041096,4.595125311312833e-06,-0.0402739726027396,8.313019319146946e-06,-0.0401369863013699,9.244954495379392e-07,1,1,1,1,1
1918,34,14:45:57,9,-0.0408219178082192,2121715.0,-0.0407534246575341,-0.0408219178082192,3.5283997926152115e-06,-0.040958904109589,1.7975692586873773e-05,-0.0410958904109589,7.315001864628001e-05,-0.0412328767123288,3.873034190963674e-06,-0.0413698630136986,5.191397524328428e-06,-0.0406849315068492,1.3347744951908706e-06,-0.0405479452054793,2.587493181251155e-06,-0.0404109589041096,3.6323371508472873e-06,-0.0402739726027396,8.313019319146946e-06,-0.0401369863013699,9.244954495379392e-07,1,1,1,1,1
1919,34,14:46:00,9,-0.0408219178082192,1064384.0,-0.0407534246575341,-0.0408219178082192,4.223138976587509e-06,-0.040958904109589,1.8003044523250636e-05,-0.0410958904109589,7.331413026454119e-05,-0.0412328767123288,3.878504578239047e-06,-0.0413698630136986,5.1968679116038e-06,-0.0406849315068492,2.2264476210765754e-06,-0.0405479452054793,2.675019377657114e-06,-0.0404109589041096,3.665159474499522e-06,-0.0402739726027396,8.38960474100216e-06,-0.0401369863013699,9.244954495379392e-07,1,1,1,1,1
1920,34,14:46:03,9,-0.0408219178082192,2163749.0,-0.0407534246575341,-0.0408219178082192,3.364288174354039e-06,-0.040958904109589,1.8254682337917767e-05,-0.0410958904109589,7.385569860480305e-05,-0.0412328767123288,3.889445352789791e-06,-0.0413698630136986,5.087460166096351e-06,-0.0406849315068492,1.509826888002788e-06,-0.0405479452054793,4.102790456529316e-06,-0.0404109589041096,3.604985214470425e-06,-0.0402739726027396,8.38960474100216e-06,-0.0401369863013699,9.244954495379392e-07,1,1,1,1,1
1921,34,14:46:06,9,-0.0408219178082192,11580433.0,-0.0408904109589041,-0.040958904109589,1.3210985270024397e-05,-0.0410958904109589,7.40854548703687e-05,-0.0412328767123288,3.889445352789791e-06,-0.0413698630136986,5.17498636250231e-06,-0.0415068493150685,2.1170398755691267e-06,-0.0408219178082192,7.964883872942244e-06,-0.0406849315068492,1.2253667496834223e-06,-0.0405479452054793,4.234079751138253e-06,-0.0404109589041096,3.604985214470425e-06,-0.0402739726027396,8.291137770045456e-06,1,1,1,1,1
1922,34,14:46:09,9,-0.0408219178082192,3192676.0,-0.0408904109589041,-0.040958904109589,1.1925444260311878e-05,-0.0410958904109589,7.416751067949928e-05,-0.0412328767123288,3.889445352789791e-06,-0.0413698630136986,5.17498636250231e-06,-0.0415068493150685,2.1170398755691267e-06,-0.0408219178082192,7.346730110825161e-06,-0.0406849315068492,1.4113599170460849e-06,-0.0405479452054793,4.1903166529352745e-06,-0.0404109589041096,3.555751728992073e-06,-0.0402739726027396,8.258315446393222e-06,1,1,1,1,1
1923,34,14:46:12,9,-0.0408219178082192,469104.0,-0.0408904109589041,-0.040958904109589,1.190903309848576e-05,-0.0410958904109589,7.438632617051418e-05,-0.0412328767123288,3.889445352789791e-06,-0.0413698630136986,5.344568368038855e-06,-0.0415068493150685,2.1170398755691267e-06,-0.0408219178082192,1.0432028534135208e-05,-0.0406849315068492,2.6695489903817413e-06,-0.0405479452054793,4.102790456529316e-06,-0.0404109589041096,3.495577468962977e-06,-0.0402739726027396,8.247374671842477e-06,1,1,1,1,1
1924,34,14:46:15,9,-0.0408219178082192,686149.0,-0.0408904109589041,-0.040958904109589,1.1941855422137994e-05,-0.0410958904109589,7.479113482889174e-05,-0.0412328767123288,3.889445352789791e-06,-0.0413698630136986,5.344568368038855e-06,-0.0415068493150685,2.1170398755691267e-06,-0.0408219178082192,1.057425860329489e-05,-0.0406849315068492,2.833660608642914e-06,-0.0405479452054793,4.102790456529316e-06,-0.0404109589041096,3.4627551453107424e-06,-0.0402739726027396,8.154378088161145e-06,1,1,1,1,1
1925,34,14:46:18,9,-0.0408219178082192,2135433.0,-0.0408904109589041,-0.040958904109589,1.1039241521701546e-05,-0.0410958904109589,7.520141387454466e-05,-0.0412328767123288,3.889445352789791e-06,-0.0413698630136986,5.37739069169109e-06,-0.0415068493150685,2.1170398755691267e-06,-0.0408219178082192,1.9600397607659385e-05,-0.0406849315068492,2.8664829322951485e-06,-0.0405479452054793,4.075438520152453e-06,-0.0404109589041096,2.992301839628714e-06,-0.0402739726027396,7.722217493406724e-06,1,1,1,1,1
1926,34,14:46:21,9,-0.040958904109589,4193701.0,-0.0408904109589041,-0.040958904109589,8.490041051377997e-06,-0.0410958904109589,7.54147589782842e-05,-0.0412328767123288,3.905856514615909e-06,-0.0413698630136986,5.382861078966462e-06,-0.0415068493150685,2.1170398755691267e-06,-0.0408219178082192,1.9403463665745976e-05,-0.0406849315068492,2.8446013831936587e-06,-0.0405479452054793,4.048086583775591e-06,-0.0404109589041096,2.981361065077969e-06,-0.0402739726027396,7.694865557029861e-06,1,1,1,1,1
1927,34,14:46:24,9,-0.040958904109589,3171598.0,-0.0408904109589041,-0.040958904109589,8.02505813297134e-06,-0.0410958904109589,7.544211091466106e-05,-0.0412328767123288,3.905856514615909e-06,-0.0413698630136986,5.382861078966462e-06,-0.0415068493150685,2.1225102628444992e-06,-0.0408219178082192,2.1564266639518084e-05,-0.0406849315068492,1.9091651591049747e-06,-0.0405479452054793,3.916797289166653e-06,-0.0404109589041096,2.9157164177735004e-06,-0.0402739726027396,7.694865557029861e-06,1,1,1,1,1
1928,34,14:46:27,9,-0.040958904109589,2233337.0,-0.0408904109589041,-0.040958904109589,6.537112794070043e-06,-0.0410958904109589,7.546399246376255e-05,-0.0412328767123288,3.905856514615909e-06,-0.0413698630136986,5.546972697227635e-06,-0.0415068493150685,2.127980650119872e-06,-0.0408219178082192,2.183231561601133e-05,-0.0406849315068492,1.9091651591049747e-06,-0.0405479452054793,3.7855079945577153e-06,-0.0404109589041096,2.8172494468167967e-06,-0.0402739726027396,7.694865557029861e-06,1,1,1,1,1
1929,34,14:46:30,9,-0.040958904109589,1778279.0,-0.0408904109589041,-0.040958904109589,6.022896390185035e-06,-0.0410958904109589,7.578127492573414e-05,-0.0412328767123288,3.905856514615909e-06,-0.0413698630136986,5.568854246329124e-06,-0.0415068493150685,2.127980650119872e-06,-0.0408219178082192,2.183231561601133e-05,-0.0406849315068492,1.8489908990758784e-06,-0.0405479452054793,3.780037607282343e-06,-0.0404109589041096,2.833660608642914e-06,-0.0402739726027396,7.694865557029861e-06,1,1,1,1,1
1930,34,14:46:33,9,-0.0408219178082192,2352484.0,-0.0408904109589041,-0.040958904109589,5.437564951720186e-06,-0.0410958904109589,7.59891496421983e-05,-0.0412328767123288,3.905856514615909e-06,-0.0413698630136986,5.842373610097745e-06,-0.0415068493150685,2.127980650119872e-06,-0.0408219178082192,2.103363907380696e-05,-0.0406849315068492,2.3413257538593963e-06,-0.0405479452054793,3.747215283630108e-06,-0.0404109589041096,2.603904343077272e-06,-0.0402739726027396,7.694865557029861e-06,1,1,1,1,1
1931,34,14:46:36,9,-0.040958904109589,18831097.0,-0.0409589041095891,-0.0410958904109589,6.718729651612408e-05,-0.0412328767123288,3.9113269018912805e-06,-0.0413698630136986,5.8478439973731176e-06,-0.0415068493150685,2.127980650119872e-06,-0.0416438356164384,3.4901070816876044e-06,-0.0408219178082192,2.0935172102850253e-05,-0.0406849315068492,2.3413257538593963e-06,-0.0405479452054793,3.747215283630108e-06,-0.0404109589041096,2.532789308497431e-06,-0.0402739726027396,7.694865557029861e-06,1,1,1,1,1
1932,34,14:46:39,9,-0.0410958904109589,1911269.0,-0.041027397260274,-0.0410958904109589,6.735687852166062e-05,-0.0412328767123288,3.9113269018912805e-06,-0.0413698630136986,5.858784771923863e-06,-0.0415068493150685,2.127980650119872e-06,-0.0416438356164384,3.4901070816876044e-06,-0.040958904109589,1.662997731713216e-06,-0.0408219178082192,2.090234977919802e-05,-0.0406849315068492,2.390559239337748e-06,-0.0405479452054793,2.324914592033279e-06,-0.0404109589041096,2.587493181251155e-06,1,1,1,1,1
1933,34,14:46:42,9,-0.0410958904109589,616032.0,-0.041027397260274,-0.0410958904109589,6.729670426163152e-05,-0.0412328767123288,3.9113269018912805e-06,-0.0413698630136986,5.8478439973731176e-06,-0.0415068493150685,2.1006287137430094e-06,-0.0416438356164384,3.4901070816876044e-06,-0.040958904109589,4.436484080327033e-06,-0.0408219178082192,2.0437366860791363e-05,-0.0406849315068492,2.23738839562732e-06,-0.0405479452054793,2.324914592033279e-06,-0.0404109589041096,2.040454453713913e-06,1,1,1,1,1
1934,34,14:46:45,9,-0.040958904109589,11762985.0,-0.041027397260274,-0.0410958904109589,5.876065725326764e-05,-0.0412328767123288,3.9113269018912805e-06,-0.0413698630136986,5.89707748285147e-06,-0.0415068493150685,2.106099101018382e-06,-0.0416438356164384,3.4901070816876044e-06,-0.040958904109589,4.49665834035613e-06,-0.0408219178082192,2.002161742786306e-05,-0.0406849315068492,2.23738839562732e-06,-0.0405479452054793,2.324914592033279e-06,-0.0404109589041096,1.8763428354527404e-06,1,1,1,1,1
1935,34,14:46:48,9,-0.040958904109589,18606452.0,-0.041027397260274,-0.0410958904109589,4.738772210776838e-05,-0.0412328767123288,3.8839749655144185e-06,-0.0413698630136986,5.89707748285147e-06,-0.0415068493150685,2.1115694882937545e-06,-0.0416438356164384,3.4901070816876044e-06,-0.040958904109589,4.469306403979268e-06,-0.0408219178082192,1.814527459241032e-05,-0.0406849315068492,2.23738839562732e-06,-0.0405479452054793,2.3085034302071618e-06,-0.0404109589041096,1.8763428354527404e-06,1,1,1,1,1
1936,34,14:46:51,9,-0.0410958904109589,11536075.0,-0.041027397260274,-0.0410958904109589,3.9313430489318686e-05,-0.0412328767123288,3.927738063717398e-06,-0.0413698630136986,5.89707748285147e-06,-0.0415068493150685,2.1115694882937545e-06,-0.0416438356164384,3.4901070816876044e-06,-0.040958904109589,4.102790456529316e-06,-0.0408219178082192,1.791551832684468e-05,-0.0406849315068492,2.23738839562732e-06,-0.0405479452054793,1.6958200553654504e-06,-0.0404109589041096,1.8763428354527404e-06,1,1,1,1,1
1937,34,14:46:54,9,-0.0410958904109589,17157090.0,-0.041027397260274,-0.0410958904109589,2.678077324144047e-05,-0.0412328767123288,3.927738063717398e-06,-0.0413698630136986,5.951781355605194e-06,-0.0415068493150685,2.1115694882937545e-06,-0.0416438356164384,3.4901070816876044e-06,-0.040958904109589,3.938678838268143e-06,-0.0408219178082192,1.7904577552293934e-05,-0.0406849315068492,2.23738839562732e-06,-0.0405479452054793,1.6958200553654504e-06,-0.0404109589041096,1.8763428354527404e-06,1,1,1,1,1
1938,34,14:46:57,9,-0.0410958904109589,8414069.0,-0.041027397260274,-0.0410958904109589,2.0697702591226336e-05,-0.0412328767123288,4.015264260123357e-06,-0.0413698630136986,5.946310968329821e-06,-0.0415068493150685,2.1115694882937545e-06,-0.0416438356164384,3.4901070816876044e-06,-0.040958904109589,3.769096832731598e-06,-0.0408219178082192,1.774046593403276e-05,-0.0406849315068492,1.7122312171915677e-06,-0.0405479452054793,1.6958200553654504e-06,-0.0404109589041096,1.821638962699016e-06,1,1,1,1,1
1939,34,14:47:00,9,-0.0410958904109589,14350122.0,-0.041027397260274,-0.0410958904109589,1.057748613178736e-05,-0.0412328767123288,4.020734647398729e-06,-0.0413698630136986,5.973662904706683e-06,-0.0415068493150685,2.127980650119872e-06,-0.0416438356164384,3.5174590180644664e-06,-0.040958904109589,3.900386127340536e-06,-0.0408219178082192,1.7636528575800685e-05,-0.0406849315068492,1.7122312171915677e-06,-0.0405479452054793,1.5535899862057675e-06,-0.0404109589041096,1.821638962699016e-06,1,1,1,1,1
1940,34,14:47:03,9,-0.0410958904109589,7628825.0,-0.041027397260274,-0.0410958904109589,4.971323844240195e-06,-0.0412328767123288,4.064497745601709e-06,-0.0413698630136986,5.962722130155939e-06,-0.0415068493150685,2.127980650119872e-06,-0.0416438356164384,3.5174590180644664e-06,-0.040958904109589,3.604985214470425e-06,-0.0408219178082192,1.7592765477597704e-05,-0.0406849315068492,1.6739385062639608e-06,-0.0405479452054793,1.4988861134520434e-06,-0.0404109589041096,1.794287026322154e-06,1,1,1,1,1
1941,34,14:47:06,9,-0.0410958904109589,7152469.0,-0.0411643835616437,-0.0412328767123288,4.173905491109157e-06,-0.0413698630136986,5.962722130155939e-06,-0.0415068493150685,2.127980650119872e-06,-0.0416438356164384,3.539340567165956e-06,-0.0417808219178081,6.55352395589616e-06,-0.0410958904109589,3.978229738269086e-06,-0.040958904109589,3.495577468962977e-06,-0.0408219178082192,1.748882811936563e-05,-0.0406849315068492,1.6739385062639608e-06,-0.0405479452054793,1.4770045643505535e-06,1,1,1,1,1
1942,34,14:47:09,9,-0.0410958904109589,5024941.0,-0.0411643835616437,-0.0412328767123288,4.267722632881794e-06,-0.0413698630136986,5.979133291982056e-06,-0.0415068493150685,2.127980650119872e-06,-0.0416438356164384,3.588574052644308e-06,-0.0417808219178081,6.5699351177222775e-06,-0.0410958904109589,4.361156847545155e-06,-0.040958904109589,3.539340567165956e-06,-0.0408219178082192,1.579847845127555e-05,-0.0406849315068492,1.6575273444378435e-06,-0.0405479452054793,1.4660637897998088e-06,1,1,1,1,1
1943,34,14:47:12,9,-0.0412328767123288,692951.0,-0.0411643835616437,-0.0412328767123288,4.196607598301952e-06,-0.0413698630136986,5.979133291982056e-06,-0.0415068493150685,2.144391811945989e-06,-0.0416438356164384,3.588574052644308e-06,-0.0417808219178081,6.580875892273023e-06,-0.0410958904109589,5.258300360706232e-06,-0.040958904109589,3.7253337345286183e-06,-0.0408219178082192,1.5262380498289052e-05,-0.0406849315068492,1.6575273444378435e-06,-0.0405479452054793,1.4660637897998088e-06,1,1,1,1,1
1944,34,14:47:15,9,-0.0410958904109589,1413886.0,-0.0411643835616437,-0.0412328767123288,3.611276159837104e-06,-0.0413698630136986,5.995544453808173e-06,-0.0415068493150685,2.1389214246706165e-06,-0.0416438356164384,3.5940444399196806e-06,-0.0417808219178081,6.586346279548394e-06,-0.0410958904109589,5.302063458909212e-06,-0.040958904109589,3.315054688875687e-06,-0.0408219178082192,1.5295202821941288e-05,-0.0406849315068492,1.6575273444378435e-06,-0.0405479452054793,1.4605934025244365e-06,1,1,1,1,1
1945,34,14:47:18,9,-0.0410958904109589,3821595.0,-0.0411643835616437,-0.0412328767123288,3.2228786632856617e-06,-0.0413698630136986,6.285474979402912e-06,-0.0415068493150685,2.1389214246706165e-06,-0.0416438356164384,3.5995148271950527e-06,-0.0417808219178081,6.57540550499765e-06,-0.0410958904109589,5.148892615198783e-06,-0.040958904109589,1.7888166390467817e-06,-0.0408219178082192,1.5295202821941288e-05,-0.0406849315068492,1.2964817842632638e-06,-0.0405479452054793,1.4605934025244365e-06,1,1,1,1,1
1946,34,14:47:21,9,-0.0410958904109589,2085913.0,-0.0411643835616437,-0.0412328767123288,3.031415108647627e-06,-0.0413698630136986,6.290945366678284e-06,-0.0415068493150685,2.1115694882937545e-06,-0.0416438356164384,3.626866763571915e-06,-0.0417808219178081,6.580875892273023e-06,-0.0410958904109589,6.434433624911302e-06,-0.040958904109589,1.7559943153945471e-06,-0.0408219178082192,1.527879166011517e-05,-0.0406849315068492,1.2964817842632638e-06,-0.0405479452054793,1.028432807770015e-06,1,1,1,1,1
1947,34,14:47:24,9,-0.0412328767123288,7665470.0,-0.0413013698630136,-0.0413698630136986,4.496111301628593e-06,-0.0415068493150685,2.1115694882937545e-06,-0.0416438356164384,3.626866763571915e-06,-0.0417808219178081,6.59728705409914e-06,-0.0419178082191781,2.844601383193659e-07,-0.0412328767123288,1.5152972752781606e-06,-0.0410958904109589,5.739694440939005e-06,-0.040958904109589,1.728642379017685e-06,-0.0408219178082192,1.4376177759678722e-05,-0.0406849315068492,1.2964817842632638e-06,1,1,1,1,1
1948,34,14:47:27,9,-0.0412328767123288,2487277.0,-0.0413013698630136,-0.0413698630136986,3.815595124572263e-06,-0.0415068493150685,2.1115694882937545e-06,-0.0416438356164384,3.626866763571915e-06,-0.0417808219178081,6.602757441374512e-06,-0.0419178082191781,2.844601383193659e-07,-0.0412328767123288,4.775648091400124e-06,-0.0410958904109589,6.390670526708323e-06,-0.040958904109589,1.6192346335102366e-06,-0.0408219178082192,1.4387118534229468e-05,-0.0406849315068492,1.2964817842632638e-06,1,1,1,1,1
1949,34,14:47:30,9,-0.0412328767123288,4339352.0,-0.0413013698630136,-0.0413698630136986,4.01252906648567e-06,-0.0415068493150685,2.1225102628444992e-06,-0.0416438356164384,3.6706298617748944e-06,-0.0417808219178081,6.619168603200629e-06,-0.0419178082191781,2.680489764932487e-07,-0.0412328767123288,1.8489908990758784e-06,-0.0410958904109589,6.779068023259765e-06,-0.040958904109589,1.635645795336354e-06,-0.0408219178082192,1.4381648146954097e-05,-0.0406849315068492,1.2964817842632638e-06,1,1,1,1,1
1950,34,14:47:33,9,-0.0413698630136986,811793.0,-0.0413013698630136,-0.0413698630136986,3.974236355558064e-06,-0.0415068493150685,2.127980650119872e-06,-0.0416438356164384,3.971501161920378e-06,-0.0417808219178081,6.6246389904760014e-06,-0.0419178082191781,2.680489764932487e-07,-0.0412328767123288,2.740664024961583e-06,-0.0410958904109589,7.4573960454059455e-06,-0.040958904109589,1.635645795336354e-06,-0.0408219178082192,1.4381648146954097e-05,-0.0406849315068492,1.2964817842632638e-06,1,1,1,1,1
1951,34,14:47:36,9,-0.0413698630136986,2589520.0,-0.0413013698630136,-0.0413698630136986,3.432668015296194e-06,-0.0415068493150685,2.1662733610474785e-06,-0.0416438356164384,3.987912323746495e-06,-0.0417808219178081,6.641050152302119e-06,-0.0419178082191781,2.844601383193659e-07,-0.0412328767123288,2.653137828555624e-06,-0.0410958904109589,7.451925658130573e-06,-0.040958904109589,1.624705020785609e-06,-0.0408219178082192,1.4381648146954097e-05,-0.0406849315068492,1.2964817842632638e-06,1,1,1,1,1
1952,34,14:47:39,9,-0.0413698630136986,4775521.0,-0.0414383561643836,-0.0415068493150685,2.150354534076145e-06,-0.0416438356164384,4.146553554732295e-06,-0.0417808219178081,6.651990926852863e-06,-0.0419178082191781,2.844601383193659e-07,-0.0420547945205478,3.971501161920378e-06,-0.0413698630136986,1.7567601696130993e-06,-0.0412328767123288,4.146553554732295e-06,-0.0410958904109589,7.501159143608924e-06,-0.040958904109589,1.6082938589594917e-06,-0.0408219178082192,1.4381648146954097e-05,1,1,1,1,1
1953,34,14:47:42,9,-0.0413698630136986,11820629.0,-0.0414383561643836,-0.0415068493150685,8.205580913058631e-08,-0.0416438356164384,5.470387275372421e-09,-0.0417808219178081,4.7675519182325726e-06,-0.0419178082191781,2.844601383193659e-07,-0.0420547945205478,3.9769715491957495e-06,-0.0413698630136986,1.3683626730616571e-06,-0.0412328767123288,3.676100249050267e-06,-0.0410958904109589,7.265932490767911e-06,-0.040958904109589,1.4934157261766708e-06,-0.0408219178082192,1.328757069187961e-05,1,1,1,1,1
1954,34,14:47:45,9,-0.0413698630136986,1215102.0,-0.0414383561643836,-0.0415068493150685,3.4791663071368594e-08,-0.0416438356164384,7.65854218552139e-08,-0.0417808219178081,4.800374241884807e-06,-0.0419178082191781,2.844601383193659e-07,-0.0420547945205478,3.9769715491957495e-06,-0.0413698630136986,6.736234890893599e-07,-0.0412328767123288,6.0885410374895045e-06,-0.0410958904109589,7.200287843463442e-06,-0.040958904109589,1.3949487552199674e-06,-0.0408219178082192,1.328757069187961e-05,1,1,1,1,1
1955,34,14:47:48,9,-0.0415068493150685,1702931.0,-0.0415753424657533,-0.0416438356164384,6.072129875663387e-07,-0.0417808219178081,4.926193149218373e-06,-0.0419178082191781,2.844601383193659e-07,-0.0420547945205478,3.9769715491957495e-06,-0.0421917808219177,3.878504578239047e-06,-0.0415068493150685,5.798610511894766e-07,-0.0413698630136986,2.7339901524856284e-06,-0.0412328767123288,6.104952199315621e-06,-0.0410958904109589,7.1510543579850895e-06,-0.040958904109589,1.2636594606110292e-06,1,2,1,1,1
1956,34,14:47:51,9,-0.0413698630136986,4898277.0,-0.0414383561643836,-0.0415068493150685,1.750523928119175e-07,-0.0416438356164384,7.822653803782562e-07,-0.0417808219178081,4.991837796522842e-06,-0.0419178082191781,2.844601383193659e-07,-0.0420547945205478,3.95509000009426e-06,-0.0413698630136986,3.215493640463909e-07,-0.0412328767123288,5.7821993500686485e-06,-0.0410958904109589,7.123702421608228e-06,-0.040958904109589,1.1706628769296982e-06,-0.0408219178082192,1.3003110553560244e-05,1,2,1,1,1
1957,34,14:47:54,9,-0.0415068493150685,2721820.0,-0.0414383561643836,-0.0415068493150685,2.051395228264658e-06,-0.0416438356164384,4.2669020747904883e-07,-0.0417808219178081,5.024660120175076e-06,-0.0419178082191781,2.954009128701107e-07,-0.0420547945205478,3.95509000009426e-06,-0.0413698630136986,4.911313695829359e-07,-0.0412328767123288,5.590735795430614e-06,-0.0410958904109589,7.107291259782111e-06,-0.040958904109589,1.1706628769296982e-06,-0.0408219178082192,1.3003110553560244e-05,1,1,1,1,1
1958,34,14:47:57,9,-0.0415068493150685,3267698.0,-0.0414383561643836,-0.0415068493150685,4.0480865837755926e-07,-0.0416438356164384,3.993382711021867e-07,-0.0417808219178081,4.986367409247469e-06,-0.0419178082191781,3.336936237977177e-07,-0.0420547945205478,3.949619612818888e-06,-0.0413698630136986,4.1454594772772214e-07,-0.0412328767123288,5.590735795430614e-06,-0.0410958904109589,1.0570046405092853e-05,-0.040958904109589,1.1597221023789532e-06,-0.0408219178082192,1.2997640166284872e-05,1,1,1,1,1
1959,34,14:48:00,9,-0.0412328767123288,5136565.0,-0.0413698630136987,-0.0415068493150685,7.111503457984149e-08,-0.0416438356164384,1.1487813278282086e-07,-0.0417808219178081,4.860548501913904e-06,-0.0419178082191781,3.336936237977177e-07,-0.0420547945205478,3.949619612818888e-06,-0.0412328767123288,3.4889035964870224e-06,-0.0410958904109589,1.0537224081440616e-05,-0.040958904109589,1.1597221023789532e-06,-0.0408219178082192,1.3232866819125883e-05,-0.0406849315068492,1.5754715353072571e-06,1,1,1,1,1
1960,34,14:48:03,9,-0.0413698630136986,5773525.0,-0.0413013698630136,-0.0413698630136986,7.65854218552139e-07,-0.0415068493150685,9.026139004364496e-07,-0.0416438356164384,9.048184665084245e-06,-0.0417808219178081,5.057482443827311e-06,-0.0419178082191781,3.391640110730901e-07,-0.0412328767123288,2.0120084398819765e-07,-0.0410958904109589,1.0553635243266737e-05,-0.040958904109589,1.6465865698870986e-06,-0.0408219178082192,1.3200044495473651e-05,-0.0406849315068492,1.5754715353072571e-06,1,1,1,1,1
1961,34,14:48:06,9,-0.0415068493150685,6529909.0,-0.0412328767123286,-0.0413698630136986,1.531708437104278e-07,-0.0415068493150685,9.463769986394288e-07,-0.0416438356164384,9.250588994273025e-06,-0.0417808219178081,5.1833013511608765e-06,-0.0419178082191781,3.719863347253246e-07,-0.0410958904109589,8.429921495221654e-06,-0.040958904109589,1.6465865698870986e-06,-0.0408219178082192,1.3200044495473651e-05,-0.0406849315068492,1.5754715353072571e-06,-0.0405479452054793,1.4988861134520434e-06,1,1,1,1,1
1962,34,14:48:09,9,-0.0410958904109589,7673715.0,-0.0412328767123286,-0.0413698630136986,6.509760857693181e-07,-0.0415068493150685,8.188622712504977e-07,-0.0416438356164384,9.267000156099142e-06,-0.0417808219178081,5.216123674813111e-06,-0.0419178082191781,3.719863347253246e-07,-0.0410958904109589,4.753821246171387e-06,-0.040958904109589,1.1597221023789532e-06,-0.0408219178082192,1.2680357704313271e-05,-0.0406849315068492,1.1268997787267187e-06,-0.0405479452054793,1.4988861134520434e-06,1,1,1,1,1
1963,34,14:48:12,9,-0.0412328767123288,13221295.0,-0.0411643835616437,-0.0412328767123288,7.603838312767665e-07,-0.0413698630136986,5.743906639141042e-07,-0.0415068493150685,3.5557517289920734e-07,-0.0416438356164384,8.143984352337938e-06,-0.0417808219178081,5.210653287537738e-06,-0.0410958904109589,7.603838312767665e-07,-0.0408219178082192,1.3128984164766564e-05,-0.0406849315068492,1.613764246234864e-06,-0.0405479452054793,1.4988861134520434e-06,-0.0404109589041096,1.887283610003485e-06,1,1,1,1,1
1964,34,14:48:15,9,-0.0410958904109589,2660116.0,-0.041027397260274,-0.0410958904109589,7.767949931028838e-07,-0.0412328767123288,2.182684522873596e-06,-0.0413698630136986,9.35436224088684e-07,-0.0415068493150685,3.2275284924697285e-07,-0.0416438356164384,8.297155196048365e-06,-0.040958904109589,5.470387275372421e-08,-0.0408219178082192,1.2516300789924852e-05,-0.0406849315068492,1.613764246234864e-06,-0.0405479452054793,1.4715341770751812e-06,-0.0404109589041096,1.887283610003485e-06,1,1,1,1,1
1965,34,14:48:18,9,-0.0408219178082192,3598499.0,-0.0409589041095891,-0.0410958904109589,4.108260843804688e-06,-0.0412328767123288,2.3194442047579065e-06,-0.0413698630136986,1.0995478423498563e-06,-0.0415068493150685,5.689202766387318e-07,-0.0416438356164384,8.247921710570014e-06,-0.0408219178082192,1.1214348618386215e-05,-0.0406849315068492,1.613764246234864e-06,-0.0405479452054793,1.37853759339385e-06,-0.0404109589041096,1.89822438455423e-06,-0.0402739726027396,1.455123015249064e-06,1,1,1,1,1
1966,34,14:48:21,9,-0.040958904109589,2801621.0,-0.0408904109589041,-0.040958904109589,1.241066761163741e-06,-0.0410958904109589,4.720944218646399e-06,-0.0412328767123288,1.143310940552836e-06,-0.0413698630136986,1.1706628769296982e-06,-0.0415068493150685,5.743906639141042e-07,-0.0408219178082192,9.91239644684758e-06,-0.0406849315068492,1.613764246234864e-06,-0.0405479452054793,1.37853759339385e-06,-0.0404109589041096,1.89822438455423e-06,-0.0402739726027396,1.455123015249064e-06,1,1,1,1,1
1967,34,14:48:24,9,-0.0408219178082192,4403074.0,-0.0409589041095891,-0.0410958904109589,5.5141503735754e-06,-0.0412328767123288,1.1651924896543256e-06,-0.0413698630136986,1.312892946089381e-06,-0.0415068493150685,7.330318948999044e-07,-0.0416438356164384,8.66914153077369e-06,-0.0408219178082192,8.069587085392874e-06,-0.0406849315068492,1.613764246234864e-06,-0.0405479452054793,1.37853759339385e-06,-0.0404109589041096,1.89822438455423e-06,-0.0402739726027396,1.455123015249064e-06,1,1,1,1,1
1968,34,14:48:27,9,-0.0410958904109589,3094560.0,-0.0409589041095891,-0.0410958904109589,4.720944218646399e-06,-0.0412328767123288,8.096173167551183e-07,-0.0413698630136986,1.5700011480318848e-06,-0.0415068493150685,7.93206154929001e-07,-0.0416438356164384,8.680082305324435e-06,-0.0408219178082192,6.1877738626647605e-06,-0.0406849315068492,1.1268997787267187e-06,-0.0405479452054793,8.916731258857046e-07,-0.0404109589041096,1.89822438455423e-06,-0.0402739726027396,1.455123015249064e-06,1,1,1,1,1
1969,34,14:48:30,9,-0.040958904109589,4457034.0,-0.0408904109589041,-0.040958904109589,2.406970401163865e-09,-0.0410958904109589,4.988993195139648e-06,-0.0412328767123288,9.35436224088684e-07,-0.0413698630136986,1.5809419225826295e-06,-0.0415068493150685,7.986765422043734e-07,-0.0408219178082192,4.218434443530689e-06,-0.0406849315068492,1.613764246234864e-06,-0.0405479452054793,1.3238337206401255e-06,-0.0404109589041096,1.89822438455423e-06,-0.0402739726027396,1.4770045643505535e-06,1,1,1,1,1
1970,34,14:48:33,9,-0.040958904109589,1011236.0,-0.0408904109589041,-0.040958904109589,7.056799585230423e-07,-0.0410958904109589,7.062269972505796e-06,-0.0412328767123288,6.728576348708078e-07,-0.0413698630136986,1.5918826971333744e-06,-0.0415068493150685,8.643211895088425e-07,-0.0408219178082192,3.909685785708669e-06,-0.0406849315068492,1.6411161826117262e-06,-0.0405479452054793,1.3238337206401255e-06,-0.0404109589041096,1.89822438455423e-06,-0.0402739726027396,1.4770045643505535e-06,1,1,1,1,1
1971,34,14:48:36,9,-0.040958904109589,4403986.0,-0.041027397260274,-0.0410958904109589,7.401433983578885e-06,-0.0412328767123288,1.482474951625926e-06,-0.0413698630136986,1.7122312171915677e-06,-0.0415068493150685,7.877357676536286e-07,-0.0416438356164384,8.844193923585608e-06,-0.040958904109589,1.247248298784912e-06,-0.0408219178082192,1.710590101008956e-06,-0.0406849315068492,1.6411161826117262e-06,-0.0405479452054793,1.3238337206401255e-06,-0.0404109589041096,1.89822438455423e-06,1,1,1,1,1
1972,34,14:48:39,9,-0.040958904109589,2709341.0,-0.041027397260274,-0.0410958904109589,7.204500041665478e-06,-0.0412328767123288,1.5918826971333744e-06,-0.0413698630136986,1.9310467082064645e-06,-0.0415068493150685,8.588508022334701e-07,-0.0416438356164384,8.844193923585608e-06,-0.040958904109589,5.525091148126145e-07,-0.0408219178082192,1.4863042227186866e-06,-0.0406849315068492,1.6411161826117262e-06,-0.0405479452054793,1.3238337206401255e-06,-0.0404109589041096,1.9091651591049747e-06,1,1,1,1,1
1973,34,14:48:42,9,-0.040958904109589,2317382.0,-0.0408904109589041,-0.040958904109589,3.993382711021867e-07,-0.0410958904109589,7.560075214564685e-06,-0.0412328767123288,1.8271093499743888e-06,-0.0413698630136986,1.9802801936848164e-06,-0.0415068493150685,8.588508022334701e-07,-0.0408219178082192,1.097906726167245e-06,-0.0406849315068492,1.6411161826117262e-06,-0.0405479452054793,1.3238337206401255e-06,-0.0404109589041096,1.9091651591049747e-06,-0.0402739726027396,9.901400968424082e-07,1,1,1,1,1
1974,34,14:48:45,9,-0.0410958904109589,8115795.0,-0.0408904109589041,-0.040958904109589,5.470387275372421e-09,-0.0410958904109589,2.22989396506006e-06,-0.0412328767123288,1.8380501245251333e-06,-0.0413698630136986,2.045924840989285e-06,-0.0415068493150685,8.588508022334701e-07,-0.0408219178082192,1.1361994370948518e-06,-0.0406849315068492,1.6411161826117262e-06,-0.0405479452054793,1.3238337206401255e-06,-0.0404109589041096,1.8927539972788576e-06,-0.0402739726027396,9.901400968424082e-07,1,1,1,1,1
1975,34,14:48:48,9,-0.0408219178082192,2651900.0,-0.0408904109589041,-0.040958904109589,4.704533056820282e-07,-0.0410958904109589,1.7495392584096076e-06,-0.0412328767123288,2.0076321300616783e-06,-0.0413698630136986,2.133451037395244e-06,-0.0415068493150685,9.409066113640564e-07,-0.0408219178082192,1.6121231300522524e-06,-0.0406849315068492,9.299658368133116e-07,-0.0405479452054793,1.3238337206401255e-06,-0.0404109589041096,1.8927539972788576e-06,-0.0402739726027396,9.901400968424082e-07,1,1,1,0,1
1976,34,14:48:51,9,-0.0408219178082192,3332698.0,-0.0408904109589041,-0.040958904109589,2.0076321300616783e-06,-0.0410958904109589,2.192640627714774e-06,-0.0412328767123288,2.5054373721205686e-06,-0.0413698630136986,2.084217551916892e-06,-0.0415068493150685,9.463769986394288e-07,-0.0408219178082192,9.502062697321896e-07,-0.0406849315068492,9.518473859148012e-07,-0.0405479452054793,1.312892946089381e-06,-0.0404109589041096,1.8927539972788576e-06,-0.0402739726027396,9.901400968424082e-07,1,1,1,0,1
1977,34,14:48:54,9,-0.0408219178082192,1148182.0,-0.0408904109589041,-0.040958904109589,1.405889529770712e-06,-0.0410958904109589,2.8272055516579745e-06,-0.0412328767123288,2.5054373721205686e-06,-0.0413698630136986,2.1006287137430094e-06,-0.0415068493150685,1.19801481330656e-06,-0.0408219178082192,1.6777677773567215e-06,-0.0406849315068492,9.682585477409186e-07,-0.0405479452054793,1.312892946089381e-06,-0.0404109589041096,1.405889529770712e-06,-0.0402739726027396,9.901400968424082e-07,1,1,1,0,1
1978,34,14:48:57,9,-0.040958904109589,1351205.0,-0.0408904109589041,-0.040958904109589,5.032756293342627e-07,-0.0410958904109589,2.95302445899154e-06,-0.0412328767123288,2.5054373721205686e-06,-0.0413698630136986,2.0678063900907757e-06,-0.0415068493150685,1.2144259751326774e-06,-0.0408219178082192,1.7434124246611906e-06,-0.0406849315068492,9.682585477409186e-07,-0.0405479452054793,1.312892946089381e-06,-0.0404109589041096,1.405889529770712e-06,-0.0402739726027396,9.901400968424082e-07,1,1,1,0,1
1979,34,14:49:00,9,-0.040958904109589,945212.0,-0.0408904109589041,-0.040958904109589,5.689202766387318e-07,-0.0410958904109589,3.3851850537459613e-06,-0.0412328767123288,2.5054373721205686e-06,-0.0413698630136986,2.0732767773661474e-06,-0.0415068493150685,1.2417779115095396e-06,-0.0408219178082192,2.191984181241729e-06,-0.0406849315068492,9.244954495379392e-07,-0.0405479452054793,1.312892946089381e-06,-0.0404109589041096,1.405889529770712e-06,-0.0402739726027396,9.901400968424082e-07,1,1,1,0,1
1980,34,14:49:03,9,-0.0412328767123288,9813608.0,-0.0410958904109589,-0.0412328767123288,4.9233485478351786e-08,-0.0413698630136986,1.6291907383514144e-06,-0.0415068493150685,1.247248298784912e-06,-0.0416438356164384,9.019246316397523e-06,-0.0417808219178081,5.489643038581732e-06,-0.040958904109589,2.6257858921787617e-07,-0.0408219178082192,2.022402175705184e-06,-0.0406849315068492,9.244954495379392e-07,-0.0405479452054793,1.312892946089381e-06,-0.0404109589041096,1.405889529770712e-06,1,1,1,1,1
1981,34,14:49:06,9,-0.0410958904109589,856399.0,-0.0411643835616437,-0.0412328767123288,2.224806504893964e-07,-0.0413698630136986,1.4049048600611451e-06,-0.0415068493150685,1.247248298784912e-06,-0.0416438356164384,9.024716703672898e-06,-0.0417808219178081,5.473231876755615e-06,-0.0410958904109589,4.3763098202979367e-08,-0.040958904109589,1.4770045643505535e-06,-0.0408219178082192,1.9239352047484804e-06,-0.0406849315068492,9.244954495379392e-07,-0.0405479452054793,8.260284785812356e-07,1,1,1,1,1
1982,34,14:49:09,9,-0.0410958904109589,3877538.0,-0.041027397260274,-0.0410958904109589,3.418445008380226e-07,-0.0412328767123288,3.063416874208556e-07,-0.0413698630136986,1.0940774550744842e-08,-0.0415068493150685,1.2964817842632638e-06,-0.0416438356164384,9.084890963701994e-06,-0.040958904109589,1.4770045643505535e-06,-0.0408219178082192,1.4534818990664523e-06,-0.0406849315068492,4.3763098202979364e-07,-0.0405479452054793,8.260284785812356e-07,-0.0404109589041096,1.405889529770712e-06,1,0,1,1,1
1983,34,14:49:12,9,-0.040958904109589,1715226.0,-0.041027397260274,-0.0410958904109589,4.950153445484503e-07,-0.0412328767123288,1.531708437104278e-07,-0.0413698630136986,1.641116182611726e-08,-0.0415068493150685,1.274600235161774e-06,-0.0416438356164384,9.09583173825274e-06,-0.040958904109589,3.156413457889887e-06,-0.0408219178082192,1.5464784827477834e-06,-0.0406849315068492,4.485717565805385e-07,-0.0405479452054793,8.260284785812356e-07,-0.0404109589041096,1.405889529770712e-06,1,1,1,1,1
1984,34,14:49:15,9,-0.040958904109589,5047077.0,-0.041027397260274,-0.0410958904109589,2.1334510373952441e-07,-0.0412328767123288,1.641116182611726e-08,-0.0413698630136986,2.1881549101489683e-08,-0.0415068493150685,8.67001679273775e-07,-0.0416438356164384,9.09583173825274e-06,-0.040958904109589,1.4770045643505535e-06,-0.0408219178082192,1.5574192572985285e-06,-0.0406849315068492,4.485717565805385e-07,-0.0405479452054793,8.260284785812356e-07,-0.0404109589041096,1.405889529770712e-06,1,1,1,1,1
1985,34,14:49:18,9,-0.0410958904109589,2498840.0,-0.0413013698630136,-0.0415068493150685,7.521235464909541e-07,-0.0416438356164384,9.183357934658695e-06,-0.0417808219178081,5.511524587683221e-06,-0.0419178082191781,4.485717565805385e-07,-0.0420547945205478,3.9769715491957495e-06,-0.0410958904109589,5.142164038850075e-07,-0.040958904109589,1.5043565007274155e-06,-0.0408219178082192,1.1143178879933622e-06,-0.0406849315068492,4.485717565805385e-07,-0.0405479452054793,8.260284785812356e-07,1,1,1,1,1
1986,34,14:49:21,9,-0.0410958904109589,2078983.0,-0.0411643835616437,-0.0412328767123288,1.0940774550744842e-08,-0.0413698630136986,4.3763098202979367e-08,-0.0415068493150685,8.013570319693059e-07,-0.0416438356164384,9.183357934658695e-06,-0.0417808219178081,5.511524587683221e-06,-0.0410958904109589,3.883974965514419e-07,-0.040958904109589,1.8927539972788576e-06,-0.0408219178082192,1.2456071826023e-06,-0.0406849315068492,4.485717565805385e-07,-0.0405479452054793,8.260284785812356e-07,1,1,1,1,1
1987,34,14:49:24,9,-0.0412328767123288,300988.0,-0.0413013698630136,-0.0413698630136986,1.3675968188431052e-07,-0.0415068493150685,9.162351647521268e-07,-0.0416438356164384,1.0211790742428712e-05,-0.0417808219178081,6.020270604292857e-06,-0.0419178082191781,5.579795020879869e-07,-0.0412328767123288,9.026139004364496e-07,-0.0410958904109589,1.2910113969878914e-06,-0.040958904109589,1.9036947718296024e-06,-0.0408219178082192,1.2456071826023e-06,-0.0406849315068492,4.485717565805385e-07,1,1,1,1,1
1988,34,14:49:27,9,-0.0413698630136986,870690.0,-0.0413013698630136,-0.0413698630136986,7.111503457984149e-08,-0.0415068493150685,9.249330805199688e-07,-0.0416438356164384,1.0211790742428712e-05,-0.0417808219178081,6.047622540669719e-06,-0.0419178082191781,5.579795020879869e-07,-0.0412328767123288,1.5535899862057675e-06,-0.0410958904109589,1.2910113969878914e-06,-0.040958904109589,1.6794088935393331e-06,-0.0408219178082192,1.2018440843993209e-06,-0.0406849315068492,4.485717565805385e-07,1,1,1,1,1
1989,34,14:49:30,9,-0.0412328767123288,1047360.0,-0.0413013698630136,-0.0413698630136986,4.431013693051661e-07,-0.0415068493150685,7.189182957294436e-07,-0.0416438356164384,1.0780711019067444e-05,-0.0417808219178081,6.047622540669719e-06,-0.0419178082191781,5.579795020879869e-07,-0.0412328767123288,1.1925444260311878e-06,-0.0410958904109589,1.4879453389012984e-06,-0.040958904109589,1.7505239281191746e-06,-0.0408219178082192,1.2182552462254382e-06,-0.0406849315068492,5.908018257402214e-07,1,1,1,1,1
1990,34,14:49:33,9,-0.0412328767123288,1539594.0,-0.0413698630136987,-0.0415068493150685,6.368624865988572e-07,-0.0416438356164384,1.0791651793618189e-05,-0.0417808219178081,6.047622540669719e-06,-0.0419178082191781,5.579795020879869e-07,-0.0420547945205478,3.9769715491957495e-06,-0.0412328767123288,1.7231719917423126e-06,-0.0410958904109589,2.5546708575989204e-06,-0.040958904109589,1.482474951625926e-06,-0.0408219178082192,1.2073144716746932e-06,-0.0406849315068492,5.908018257402214e-07,1,1,1,1,1
1991,34,14:49:36,9,-0.0415068493150685,1577376.0,-0.0415753424657533,-0.0416438356164384,1.0791651793618189e-05,-0.0417808219178081,6.698598626439037e-06,-0.0419178082191781,5.634498893633593e-07,-0.0420547945205478,3.971501161920378e-06,-0.0421917808219177,4.031675421949474e-06,-0.0415068493150685,5.798610511894766e-07,-0.0413698630136986,1.1258057012716443e-07,-0.0412328767123288,1.936517095481837e-06,-0.0410958904109589,2.434322337540728e-06,-0.040958904109589,1.482474951625926e-06,1,1,1,1,1
1992,34,14:49:39,9,-0.0415068493150685,4807248.0,-0.0415753424657533,-0.0416438356164384,9.839804407703388e-06,-0.0417808219178081,6.715009788265154e-06,-0.0419178082191781,5.634498893633593e-07,-0.0420547945205478,3.971501161920378e-06,-0.0421917808219177,4.059027358326336e-06,-0.0415068493150685,1.0940774550744841e-07,-0.0413698630136986,2.7351936376862106e-08,-0.0412328767123288,6.596192976644065e-07,-0.0410958904109589,2.3413257538593963e-06,-0.040958904109589,1.5043565007274155e-06,1,1,1,1,1
1993,34,14:49:42,9,-0.0413698630136986,3673285.0,-0.0413013698630136,-0.0413698630136986,1.0940774550744842e-08,-0.0415068493150685,1.050314356871505e-06,-0.0416438356164384,8.4886187506864e-06,-0.0417808219178081,6.715009788265154e-06,-0.0419178082191781,5.634498893633593e-07,-0.0412328767123288,4.353334193741373e-07,-0.0410958904109589,2.406970401163865e-06,-0.040958904109589,1.5262380498289051e-06,-0.0408219178082192,1.097906726167245e-06,-0.0406849315068492,6.455056984939457e-07,1,1,1,1,1
1994,34,14:49:45,9,-0.0412328767123288,2439327.0,-0.0411643835616437,-0.0412328767123288,6.794220996012548e-08,-0.0413698630136986,2.7898975104399344e-07,-0.0415068493150685,4.212198202036764e-07,-0.0416438356164384,8.466737201584911e-06,-0.0417808219178081,6.742361724642016e-06,-0.0410958904109589,2.8883644813966384e-06,-0.040958904109589,1.5262380498289051e-06,-0.0408219178082192,1.097906726167245e-06,-0.0406849315068492,6.400353112185732e-07,-0.0405479452054793,8.096173167551183e-07,1,1,1,1,1
1995,34,14:49:48,9,-0.0413698630136986,1987556.0,-0.0412328767123286,-0.0413698630136986,5.470387275372421e-09,-0.0415068493150685,9.529414633698756e-08,-0.0416438356164384,8.433914877932676e-06,-0.0417808219178081,6.769713661018878e-06,-0.0419178082191781,5.579795020879869e-07,-0.0410958904109589,2.5273189212220584e-06,-0.040958904109589,1.5973530844087468e-06,-0.0408219178082192,1.1416698243702242e-06,-0.0406849315068492,6.400353112185732e-07,-0.0405479452054793,8.096173167551183e-07,1,1,1,1,1
1996,34,14:49:51,9,-0.0415068493150685,2610600.0,-0.0414383561643836,-0.0415068493150685,9.529414633698756e-08,-0.0416438356164384,8.505029912512518e-06,-0.0417808219178081,7.004940313859892e-06,-0.0419178082191781,5.579795020879869e-07,-0.0420547945205478,3.9769715491957495e-06,-0.0413698630136986,1.3949487552199674e-06,-0.0410958904109589,2.0896879391922647e-06,-0.040958904109589,1.6520569571624711e-06,-0.0408219178082192,1.1307290498194794e-06,-0.0406849315068492,6.400353112185732e-07,1,1,1,1,1
1997,34,14:49:54,9,-0.0415068493150685,2241888.0,-0.0415753424657533,-0.0416438356164384,8.111162028685703e-06,-0.0417808219178081,6.6274835918591954e-06,-0.0419178082191781,5.579795020879869e-07,-0.0420547945205478,3.9769715491957495e-06,-0.0421917808219177,4.048086583775591e-06,-0.0415068493150685,3.696887720696682e-07,-0.0413698630136986,2.899305255947383e-07,-0.0412328767123288,5.525091148126145e-07,-0.0410958904109589,2.199095684699713e-06,-0.040958904109589,1.662997731713216e-06,1,1,1,1,1
1998,34,14:49:57,9,-0.0412328767123288,7839219.0,-0.0413698630136987,-0.0415068493150685,3.4463439834846253e-07,-0.0416438356164384,3.475118220553084e-06,-0.0417808219178081,6.66030591551143e-06,-0.0419178082191781,5.798610511894766e-07,-0.0420547945205478,3.9769715491957495e-06,-0.0412328767123288,1.3347744951908706e-06,-0.0410958904109589,2.379618464787003e-06,-0.040958904109589,1.7559943153945471e-06,-0.0408219178082192,1.1307290498194794e-06,-0.0406849315068492,6.673872475954353e-07,1,1,1,1,2
