uuid,date,time,sym,n_close,amount_delta,n_midprice,n_bid1,n_bsize1,n_bid2,n_bsize2,n_bid3,n_bsize3,n_bid4,n_bsize4,n_bid5,n_bsize5,n_ask1,n_asize1,n_ask2,n_asize2,n_ask3,n_asize3,n_ask4,n_asize4,n_ask5,n_asize5,label_5,label_10,label_20,label_40,label_60
0,38,09:40:03,4,-0.015311004784689,10343260.0,-0.0157894736842104,-0.016267942583732,5.74658708848075e-06,-0.0167464114832535,4.701753072393341e-06,-0.0172248803827751,1.1609266845415657e-07,-0.0177033492822965,1.2383217968443369e-05,-0.0181818181818181,2.9603630455809928e-06,-0.015311004784689,7.526674671444484e-06,-0.0143540669856457,2.9177957338144687e-05,-0.0138755980861243,6.481840655357075e-06,-0.0129186602870813,4.256731176652408e-07,-0.0124401913875596,5.855714196827658e-06,0,0,2,2,0
1,38,09:40:06,4,-0.0143540669856457,7765038.0,-0.0160287081339711,-0.0177033492822965,1.1938196072702436e-05,-0.0181818181818181,3.927801949365631e-06,-0.0186602870813396,5.553099307723823e-05,-0.0191387559808611,7.311903234804295e-05,-0.0196172248803827,3.482780053624697e-07,-0.0143540669856457,3.131019268208603e-05,-0.0138755980861243,9.24871592018114e-06,-0.0133971291866027,1.81878513911512e-06,-0.0129186602870813,6.191608984221684e-07,-0.0124401913875596,5.066284051339393e-06,0,0,2,2,0
2,38,09:40:09,4,-0.0167464114832535,4045288.0,-0.0172248803827751,-0.0177033492822965,9.674389037846383e-08,-0.0181818181818181,3.985848283592709e-06,-0.0186602870813396,5.589861986067639e-05,-0.0191387559808611,7.368014691223804e-05,-0.0196172248803827,1.3157169091471078e-06,-0.0167464114832535,1.0835315722387947e-06,-0.016267942583732,8.319974572547888e-07,-0.0148325358851674,4.837194518923191e-07,-0.0143540669856457,4.388012635895984e-05,-0.0138755980861243,9.422854922862376e-06,0,0,2,2,0
3,38,09:40:12,4,-0.0177033492822965,6540425.0,-0.0181818181818179,-0.0186602870813396,3.5079334651230976e-05,-0.0191387559808611,7.393168102722205e-05,-0.0196172248803827,1.3157169091471078e-06,-0.0200956937799041,4.8758920750745765e-06,-0.0205741626794258,8.513462353304816e-07,-0.0177033492822965,3.869755615138552e-08,-0.016267942583732,1.3157169091471078e-05,-0.0157894736842104,2.844270377126836e-06,-0.015311004784689,2.979711823656685e-06,-0.0148325358851674,2.573387484067137e-06,0,2,2,2,0
4,38,09:40:15,4,-0.0177033492822965,16722431.0,-0.0184210526315788,-0.0191387559808611,6.736857550394707e-05,-0.0196172248803827,1.3157169091471078e-06,-0.0200956937799041,4.295428732803794e-06,-0.0205741626794258,8.513462353304816e-07,-0.0210526315789472,4.218033620501022e-06,-0.0177033492822965,7.932999011034033e-07,-0.0172248803827751,2.9023167113539144e-07,-0.016267942583732,3.5756541883880226e-06,-0.015311004784689,3.095804492110842e-07,-0.0148325358851674,1.547902246055421e-07,0,2,2,2,0
5,38,09:40:18,4,-0.0186602870813396,7476544.0,-0.0188995215311003,-0.0191387559808611,5.413401130017321e-05,-0.0196172248803827,1.4124607995255717e-06,-0.0200956937799041,4.024545839744095e-06,-0.0205741626794258,8.513462353304816e-07,-0.0210526315789472,4.218033620501022e-06,-0.0186602870813396,6.404445543054305e-06,-0.0167464114832535,2.51534114984006e-07,-0.016267942583732,1.5204269811879374e-05,-0.0157894736842104,7.739511230277106e-08,-0.015311004784689,7.159047888006322e-07,0,2,2,2,0
6,38,09:40:21,4,-0.0186602870813396,8091998.0,-0.0188995215311003,-0.0191387559808611,3.14378946173856e-05,-0.0196172248803827,7.410582002990328e-06,-0.0200956937799041,4.082592173971173e-06,-0.0205741626794258,8.513462353304816e-07,-0.0210526315789472,4.218033620501022e-06,-0.0186602870813396,1.0448340160874092e-06,-0.0177033492822965,5.1467749681342745e-06,-0.0172248803827751,9.372548099865576e-07,-0.0167464114832535,6.675328436114004e-06,-0.016267942583732,2.309857126676202e-05,0,2,2,2,0
7,38,09:40:24,4,-0.0191387559808611,11736911.0,-0.0196172248803826,-0.0200956937799041,1.9697056081055238e-06,-0.0205741626794258,8.513462353304816e-07,-0.0210526315789472,4.218033620501022e-06,-0.0215311004784688,6.984908885325088e-06,-0.0220095693779902,1.0254852380117164e-06,-0.0191387559808611,1.7897619720015805e-05,-0.0186602870813396,6.133562649994606e-06,-0.0181818181818181,2.128365588326204e-07,-0.0177033492822965,9.790481706300536e-06,-0.0172248803827751,9.372548099865576e-07,1,2,2,2,0
8,38,09:40:27,4,-0.0191387559808611,9902631.0,-0.019377990430622,-0.0196172248803827,5.030682299680119e-07,-0.0224880382775118,2.1631933888624507e-06,-0.0229665071770333,1.2963681310714152e-06,-0.0234449760765549,7.894301454882647e-06,-0.0239234449760765,1.491790789635912e-05,-0.0191387559808611,9.86787681860331e-06,-0.0186602870813396,9.867876818603309e-07,-0.0177033492822965,1.3691001878579442e-05,-0.0172248803827751,9.372548099865576e-07,-0.0167464114832535,8.745647690213128e-06,2,2,2,2,0
9,38,09:40:30,4,-0.0196172248803827,5740604.0,-0.0203349282296649,-0.0210526315789472,1.722041248736656e-06,-0.0215311004784688,2.128365588326204e-07,-0.0220095693779902,5.8046334227078287e-08,-0.0224880382775118,8.087789235639575e-07,-0.0229665071770333,1.2770193529957225e-06,-0.0196172248803827,5.475704195421052e-06,-0.0191387559808611,1.2626625596635583e-05,-0.0186602870813396,6.017469981540449e-06,-0.0177033492822965,1.291705075555173e-05,-0.0172248803827751,9.372548099865576e-07,2,2,2,2,0
10,38,09:40:33,4,-0.0191387559808611,6869673.0,-0.0212918660287081,-0.0234449760765549,7.948478033494586e-06,-0.0239234449760765,1.665929792317147e-05,-0.0244019138755979,2.128365588326204e-06,-0.0248803827751196,5.514401751572438e-06,-0.025358851674641,9.674389037846383e-08,-0.0191387559808611,1.0564432829328249e-05,-0.0186602870813396,1.481729425036552e-06,-0.0181818181818181,3.869755615138552e-08,-0.0177033492822965,1.6883550261068746e-05,-0.0172248803827751,9.372548099865576e-07,2,2,2,2,0
11,38,09:40:36,4,-0.0200956937799041,5234599.0,-0.0210526315789472,-0.0224880382775118,4.082592173971173e-06,-0.0229665071770333,1.547902246055421e-07,-0.0234449760765549,9.012660827657688e-06,-0.0239234449760765,2.664326741022893e-05,-0.0244019138755979,2.263807034856053e-06,-0.0196172248803827,9.151972029802676e-06,-0.0191387559808611,4.488916513560721e-06,-0.0177033492822965,2.9955197753445265e-05,-0.0172248803827751,9.372548099865576e-07,-0.0167464114832535,8.281277016396503e-06,2,2,2,2,0
12,38,09:40:39,4,-0.0196172248803827,7257244.0,-0.0200956937799043,-0.0205741626794258,1.934877807569276e-05,-0.0224880382775118,4.837194518923191e-07,-0.0234449760765549,1.9635139991213016e-05,-0.0239234449760765,2.7842891650921885e-05,-0.0244019138755979,2.263807034856053e-06,-0.0196172248803827,8.513462353304816e-07,-0.0191387559808611,2.7862240428997576e-06,-0.0186602870813396,5.8046334227078287e-08,-0.0177033492822965,2.9955197753445265e-05,-0.0172248803827751,9.372548099865576e-07,2,2,2,2,1
13,38,09:40:42,4,-0.0148325358851674,13361259.0,-0.0145933014354067,-0.0148325358851674,1.1028803503144874e-06,-0.0172248803827751,8.823042802515899e-06,-0.0177033492822965,2.9023167113539144e-07,-0.0181818181818181,2.128365588326204e-07,-0.0186602870813396,4.256731176652408e-07,-0.0143540669856457,1.6671100677797642e-05,-0.0138755980861243,5.9013773130862925e-06,-0.0133971291866027,1.1996242406929513e-06,-0.0129186602870813,1.9348778075692766e-07,-0.0124401913875596,2.0091771153799365e-06,2,2,2,0,0
14,38,09:40:45,4,-0.0148325358851674,3986348.0,-0.0145933014354067,-0.0148325358851674,1.7839573385788727e-06,-0.0177033492822965,2.51534114984006e-07,-0.0186602870813396,3.173199604413613e-06,-0.0191387559808611,6.714025992265389e-06,-0.0196172248803827,1.598209069052222e-05,-0.0143540669856457,1.46394789798499e-05,-0.0138755980861243,5.862679756934907e-06,-0.0133971291866027,1.1996242406929513e-06,-0.0129186602870813,1.9348778075692766e-07,-0.0124401913875596,2.0091771153799365e-06,2,2,2,1,0
15,38,09:40:48,4,-0.0167464114832535,7312161.0,-0.0155502392344495,-0.0167464114832535,1.1222291283901802e-06,-0.0172248803827751,3.869755615138553e-07,-0.0181818181818181,8.803694024440208e-06,-0.0186602870813396,5.8046334227078287e-08,-0.0191387559808611,1.1435127842734423e-05,-0.0143540669856457,1.0111864910137797e-05,-0.0138755980861243,5.862679756934907e-06,-0.0133971291866027,1.1996242406929513e-06,-0.0129186602870813,1.9348778075692766e-07,-0.0124401913875596,2.0091771153799365e-06,2,2,2,1,0
16,38,09:40:51,4,-0.0148325358851674,4567451.0,-0.0138755980861243,-0.0148325358851674,7.35253566876325e-07,-0.0157894736842104,2.766875264824065e-06,-0.016267942583732,2.128365588326204e-07,-0.0167464114832535,3.6182215001545462e-06,-0.0186602870813396,2.631433818294216e-06,-0.0129186602870813,5.0500310777558116e-08,-0.0124401913875596,2.0091771153799365e-06,-0.0119617224880382,1.934877807569276e-05,-0.0114832535885166,2.0548402316385715e-05,-0.011004784688995,5.417657861193974e-07,2,2,2,0,0
17,38,09:40:54,4,-0.0148325358851674,1629708.0,-0.0136363636363634,-0.0148325358851674,7.604069783747256e-06,-0.015311004784689,9.674389037846383e-08,-0.0157894736842104,2.766875264824065e-06,-0.016267942583732,4.082592173971173e-06,-0.0167464114832535,3.6182215001545462e-06,-0.0124401913875596,1.5953067523408682e-06,-0.0119617224880382,1.934877807569276e-05,-0.0114832535885166,1.996793897411493e-05,-0.011004784688995,5.417657861193974e-07,-0.0105263157894736,3.8117092809114736e-06,2,2,2,0,0
18,38,09:40:57,4,-0.0143540669856457,1915896.0,-0.0133971291866027,-0.0143540669856457,2.51534114984006e-07,-0.0148325358851674,1.0622479163555326e-05,-0.015311004784689,8.319974572547888e-07,-0.0157894736842104,2.766875264824065e-06,-0.016267942583732,1.954226585644969e-06,-0.0124401913875596,1.285726303129784e-06,-0.0119617224880382,1.8884407401876135e-05,-0.0114832535885166,1.996793897411493e-05,-0.011004784688995,5.417657861193974e-07,-0.0105263157894736,3.8117092809114736e-06,2,2,2,0,0
19,38,09:41:00,4,-0.0119617224880382,5967773.0,-0.0124401913875596,-0.0129186602870813,7.739511230277106e-08,-0.0143540669856457,2.642075646235846e-06,-0.0148325358851674,3.3666873851705405e-06,-0.0157894736842104,3.869755615138552e-08,-0.016267942583732,1.3157169091471078e-06,-0.0119617224880382,9.558296369392224e-06,-0.0114832535885166,1.9387475631844148e-05,-0.011004784688995,5.417657861193974e-07,-0.0105263157894736,3.8117092809114736e-06,-0.0100478468899519,2.543203390269057e-06,2,2,2,0,0
20,38,09:41:03,4,-0.0124401913875596,5969749.0,-0.0119617224880382,-0.0124401913875596,2.109016810250511e-06,-0.0129186602870813,1.547902246055421e-06,-0.0143540669856457,5.394439327503142e-06,-0.0148325358851674,3.869755615138553e-07,-0.0157894736842104,5.8046334227078287e-08,-0.0114832535885166,1.751064415850195e-05,-0.011004784688995,5.417657861193974e-07,-0.0105263157894736,3.8117092809114736e-06,-0.0100478468899519,1.4790205961059548e-06,-0.0095693779904305,1.1531871733112889e-05,2,2,2,0,0
21,38,09:41:06,4,-0.0114832535885166,3671210.0,-0.0114832535885166,-0.0124401913875596,2.37989970331021e-06,-0.0129186602870813,4.643706738166263e-07,-0.0138755980861243,2.9023167113539144e-07,-0.0143540669856457,2.0196254555408105e-05,-0.0148325358851674,1.6059485802824992e-06,-0.0105263157894736,2.534689927915752e-06,-0.0100478468899519,1.4790205961059548e-06,-0.0095693779904305,1.1531871733112889e-05,-0.0090909090909089,9.287413476332526e-06,-0.0086124401913875,1.8903756179951828e-05,2,2,2,0,0
22,38,09:41:09,4,-0.0119617224880382,8467897.0,-0.0105263157894736,-0.011004784688995,5.8046334227078287e-08,-0.0119617224880382,5.8046334227078287e-08,-0.0124401913875596,1.7413900268123485e-07,-0.0143540669856457,1.1028803503144874e-06,-0.0167464114832535,2.8453345599209996e-05,-0.0100478468899519,9.60473343677389e-07,-0.0095693779904305,1.1531871733112889e-05,-0.0090909090909089,9.287413476332526e-06,-0.0086124401913875,1.8903756179951828e-05,-0.0081339712918659,2.879098177663083e-06,2,2,2,0,0
23,38,09:41:12,4,-0.0114832535885166,2935103.0,-0.0102870813397127,-0.011004784688995,1.9348778075692766e-07,-0.0114832535885166,3.3241200734040164e-05,-0.0119617224880382,1.3853725102196018e-05,-0.0124401913875596,1.4376142110239725e-05,-0.0129186602870813,1.7413900268123485e-07,-0.0095693779904305,4.385207063075008e-06,-0.0090909090909089,9.287413476332526e-06,-0.0086124401913875,1.87102683991949e-05,-0.0081339712918659,2.879098177663083e-06,-0.0076555023923444,8.145835569866653e-06,2,2,1,0,0
24,38,09:41:15,4,-0.0105263157894736,2995675.0,-0.0100478468899521,-0.0105263157894736,3.6956166124573177e-06,-0.011004784688995,3.15385082633792e-06,-0.0114832535885166,3.327989829019155e-05,-0.0119617224880382,2.7010894193667096e-05,-0.0124401913875596,2.4108577482313183e-05,-0.0095693779904305,1.0572172340558526e-06,-0.0090909090909089,9.287413476332526e-06,-0.0086124401913875,1.87102683991949e-05,-0.0081339712918659,2.879098177663083e-06,-0.0076555023923444,8.029742901412497e-06,2,2,1,0,0
25,38,09:41:18,4,-0.0100478468899519,2574996.0,-0.0098086124401912,-0.0100478468899519,6.965560107249395e-09,-0.0105263157894736,8.12648679179096e-07,-0.011004784688995,9.674389037846383e-08,-0.0114832535885166,4.804301596194513e-05,-0.0119617224880382,3.283487639445062e-05,-0.0095693779904305,4.643706738166263e-07,-0.0090909090909089,4.218033620501022e-06,-0.0086124401913875,1.87102683991949e-05,-0.0081339712918659,2.879098177663083e-06,-0.0076555023923444,7.720162452201413e-06,2,2,1,0,0
26,38,09:41:21,4,-0.0100478468899519,1825478.0,-0.0093301435406698,-0.0095693779904305,1.9348778075692766e-07,-0.0100478468899519,3.044723717991013e-06,-0.0105263157894736,5.164188868402398e-05,-0.011004784688995,1.9929241417963544e-06,-0.0114832535885166,5.144840090326706e-05,-0.0090909090909089,1.9155290294935838e-06,-0.0086124401913875,1.87102683991949e-05,-0.0081339712918659,2.879098177663083e-06,-0.0076555023923444,7.681464896050026e-06,-0.0071770334928229,1.197689362885382e-05,2,2,1,0,0
27,38,09:41:24,4,-0.0086124401913875,3986689.0,-0.0088516746411482,-0.0090909090909089,7.449279559141714e-06,-0.0095693779904305,7.971696567185417e-06,-0.0100478468899519,7.456245119248963e-06,-0.0105263157894736,6.373487498133196e-05,-0.011004784688995,2.225109478704668e-05,-0.0086124401913875,1.2034939963080898e-05,-0.0081339712918659,2.879098177663083e-06,-0.0076555023923444,7.681464896050026e-06,-0.0071770334928229,1.1783405848096892e-05,-0.0066985645933013,2.9410142675053e-06,2,1,0,0,0
28,38,09:41:27,4,-0.0086124401913875,3900870.0,-0.0090909090909089,-0.0095693779904305,1.863287328689213e-05,-0.0100478468899519,1.1693627517825676e-05,-0.0105263157894736,6.625021613117203e-05,-0.011004784688995,2.2715465460863305e-05,-0.0114832535885166,5.413788105578835e-05,-0.0086124401913875,6.172260206145991e-06,-0.0081339712918659,2.879098177663083e-06,-0.0076555023923444,7.681464896050026e-06,-0.0071770334928229,1.0796618166236562e-05,-0.0066985645933013,2.9410142675053e-06,2,2,0,0,0
29,38,09:41:30,4,-0.0090909090909089,2932731.0,-0.0081339712918661,-0.0086124401913875,3.869755615138553e-07,-0.0090909090909089,5.66919197617798e-06,-0.0095693779904305,3.306706173135893e-05,-0.0100478468899519,1.6840402485959954e-05,-0.0105263157894736,6.648240146808033e-05,-0.0076555023923444,6.361878231287781e-06,-0.0071770334928229,8.881089136742978e-06,-0.0066985645933013,3.908453171289938e-06,-0.0062200956937799,1.4898559118283427e-06,-0.0057416267942582,6.849467438795238e-06,1,0,0,0,0
30,38,09:41:33,4,-0.0086124401913875,4382316.0,-0.0081339712918661,-0.0086124401913875,4.837194518923191e-07,-0.0090909090909089,2.128365588326204e-07,-0.0095693779904305,3.5868764796719244e-05,-0.0100478468899519,1.99168581999951e-05,-0.0105263157894736,6.30963653048341e-05,-0.0076555023923444,2.221239723089529e-06,-0.0071770334928229,8.881089136742978e-06,-0.0066985645933013,3.908453171289938e-06,-0.0062200956937799,1.4898559118283427e-06,-0.0057416267942582,6.44314309920569e-06,1,0,0,0,0
31,38,09:41:36,4,-0.0086124401913875,2291243.0,-0.0078947368421051,-0.0086124401913875,2.684933189673506e-05,-0.0090909090909089,1.4318095776012644e-05,-0.0095693779904305,3.91967546257384e-05,-0.0100478468899519,2.1309970221444982e-05,-0.0105263157894736,5.831721712013799e-05,-0.0071770334928229,4.001327306053263e-06,-0.0066985645933013,3.908453171289938e-06,-0.0062200956937799,1.4898559118283427e-06,-0.0057416267942582,6.44314309920569e-06,-0.0052631578947368,1.1957544850778128e-05,1,1,0,0,0
32,38,09:41:39,4,-0.0066985645933013,2344717.0,-0.006937799043062,-0.0071770334928229,1.0487037717025478e-06,-0.0076555023923444,2.51534114984006e-07,-0.0086124401913875,3.124150451991732e-05,-0.0090909090909089,1.7201063709290868e-05,-0.0095693779904305,5.54884257654717e-05,-0.0066985645933013,3.4053849413219262e-06,-0.0062200956937799,1.4898559118283427e-06,-0.0057416267942582,6.44314309920569e-06,-0.0052631578947368,1.1957544850778128e-05,-0.0047846889952152,2.6449779629472008e-05,0,1,0,0,0
33,38,09:41:42,4,-0.0076555023923444,2446855.0,-0.0071770334928229,-0.0076555023923444,5.769225158829311e-06,-0.0081339712918659,1.0061364599360235e-06,-0.0086124401913875,3.817223682663047e-05,-0.0090909090909089,1.5072698120964662e-05,-0.0095693779904305,5.85494024570463e-05,-0.0066985645933013,1.0254852380117164e-06,-0.0062200956937799,1.4898559118283427e-06,-0.0057416267942582,6.44314309920569e-06,-0.0052631578947368,1.1957544850778128e-05,-0.0047846889952152,2.6449779629472008e-05,0,0,0,0,0
34,38,09:41:45,4,-0.0071770334928229,3599296.0,-0.0076555023923443,-0.0081339712918659,1.101274401734205e-05,-0.0086124401913875,3.952665129192896e-05,-0.0090909090909089,1.714301737506379e-05,-0.0095693779904305,5.947814380467955e-05,-0.0100478468899519,1.9026814408513237e-05,-0.0071770334928229,2.8462052549344053e-05,-0.0062200956937799,3.869755615138553e-07,-0.0057416267942582,7.101001553779244e-06,-0.0052631578947368,1.1957544850778128e-05,-0.0047846889952152,2.277351179509038e-05,0,0,0,0,0
35,38,09:41:48,4,-0.0076555023923444,5931619.0,-0.0081339712918661,-0.0086124401913875,4.392211320738408e-05,-0.0090909090909089,1.863287328689213e-05,-0.0095693779904305,5.7698056221715816e-05,-0.0100478468899519,1.877528029352923e-05,-0.0105263157894736,5.7794800112094285e-05,-0.0076555023923444,7.023606441476473e-06,-0.0071770334928229,1.253800819304891e-05,-0.0066985645933013,2.147714366401897e-06,-0.0062200956937799,3.869755615138553e-07,-0.0057416267942582,7.101001553779244e-06,0,0,0,0,0
36,38,09:41:51,4,-0.0071770334928229,3814033.0,-0.0078947368421051,-0.0086124401913875,3.7691806667011016e-05,-0.0090909090909089,1.9774451193358e-05,-0.0095693779904305,5.80269854490026e-05,-0.0100478468899519,1.862049006892369e-05,-0.0105263157894736,5.82785195639866e-05,-0.0071770334928229,2.186411922553282e-06,-0.0066985645933013,4.4115214012579495e-06,-0.0062200956937799,2.2446517445611176e-06,-0.0057416267942582,7.294489334536172e-06,-0.0052631578947368,1.1802754626172583e-05,1,0,0,0,0
37,38,09:41:54,4,-0.0081339712918659,5242709.0,-0.0083732057416267,-0.0086124401913875,2.4863566802826715e-05,-0.0090909090909089,2.03162169794774e-05,-0.0095693779904305,5.876223901587892e-05,-0.0100478468899519,1.8252863285485524e-05,-0.0105263157894736,5.878158779395461e-05,-0.0081339712918659,2.708828930596986e-06,-0.0076555023923444,3.139455335449605e-05,-0.0071770334928229,1.485986156213204e-05,-0.0066985645933013,5.0113335216044255e-06,-0.0062200956937799,1.2751038239662288e-05,2,0,0,0,0
38,38,09:41:57,4,-0.0076555023923444,7710681.0,-0.0081339712918661,-0.0086124401913875,4.199071817986843e-06,-0.0090909090909089,1.6562554032793006e-05,-0.0095693779904305,5.8239822007835215e-05,-0.0100478468899519,1.8252863285485524e-05,-0.0105263157894736,5.8239822007835215e-05,-0.0076555023923444,1.3465975589559136e-05,-0.0071770334928229,1.5730556575538214e-05,-0.0066985645933013,5.437006639269666e-06,-0.0062200956937799,1.3911964924203854e-05,-0.0057416267942582,7.294489334536172e-06,0,0,0,0,0
39,38,09:42:00,4,-0.0086124401913875,8405033.0,-0.0088516746411482,-0.0090909090909089,3.869755615138553e-07,-0.0095693779904305,4.4985909025985673e-05,-0.0100478468899519,1.8465699844318145e-05,-0.0105263157894736,5.804633422707829e-05,-0.011004784688995,4.605009182014878e-06,-0.0086124401913875,1.3137820313395388e-05,-0.0076555023923444,1.47050713375265e-06,-0.0071770334928229,1.4394329961630874e-05,-0.0066985645933013,6.578584545735539e-06,-0.0062200956937799,1.4531125822626022e-05,1,0,0,0,0
40,38,09:42:03,4,-0.0086124401913875,4557450.0,-0.0090909090909089,-0.0095693779904305,3.049019146723817e-05,-0.0100478468899519,1.834960717586399e-05,-0.0105263157894736,5.657582709332564e-05,-0.011004784688995,4.218033620501022e-06,-0.0114832535885166,4.591465037361893e-05,-0.0086124401913875,1.3660237321439093e-05,-0.0081339712918659,2.109016810250511e-06,-0.0071770334928229,1.5203108885194831e-05,-0.0066985645933013,6.578584545735539e-06,-0.0062200956937799,1.3679586099514784e-05,1,0,0,0,0
41,38,09:42:06,4,-0.0071770334928229,10470538.0,-0.0074162679425837,-0.0076555023923444,1.0777269388160867e-05,-0.0081339712918659,2.457294815612981e-06,-0.0086124401913875,1.1609266845415657e-07,-0.0090909090909089,3.2892922728677695e-07,-0.0095693779904305,2.1164080434754254e-05,-0.0071770334928229,5.5608388189541e-07,-0.0066985645933013,6.578584545735539e-06,-0.0062200956937799,1.406656166102864e-05,-0.0057416267942582,8.958484249045749e-06,-0.0052631578947368,1.665929792317147e-05,0,0,0,0,0
42,38,09:42:09,4,-0.0086124401913875,4406363.0,-0.0074162679425836,-0.0081339712918659,5.8046334227078287e-08,-0.0086124401913875,1.8185916513343628e-06,-0.0095693779904305,1.2307370758386651e-05,-0.0100478468899519,1.7285424381700888e-05,-0.0105263157894736,5.644038564679579e-05,-0.0066985645933013,5.649843198102287e-06,-0.0062200956937799,1.406656166102864e-05,-0.0057416267942582,8.958484249045749e-06,-0.0052631578947368,1.665929792317147e-05,-0.0047846889952152,3.119023025801673e-05,0,0,0,0,0
43,38,09:42:12,4,-0.0100478468899519,4160316.0,-0.0095693779904304,-0.0100478468899519,1.5564737547429528e-05,-0.0105263157894736,5.676931487408257e-05,-0.011004784688995,3.889104393214245e-06,-0.0114832535885166,4.62435796009057e-05,-0.0119617224880382,3.711095634917872e-05,-0.0090909090909089,1.2634752083427374e-05,-0.0086124401913875,1.6214276027430534e-05,-0.0081339712918659,3.869755615138552e-08,-0.0076555023923444,3.676267834381625e-06,-0.0071770334928229,1.2576705749200296e-06,0,0,0,0,0
44,38,09:42:15,4,-0.0086124401913875,3512743.0,-0.0090909090909089,-0.0095693779904305,2.9023167113539144e-07,-0.0100478468899519,1.5092046899040357e-05,-0.0105263157894736,5.487313462266468e-05,-0.011004784688995,3.889104393214245e-06,-0.0114832535885166,4.62435796009057e-05,-0.0086124401913875,2.788158920707327e-05,-0.0081339712918659,1.6446461364338848e-06,-0.0076555023923444,5.649843198102287e-06,-0.0071770334928229,9.132623251726983e-06,-0.0066985645933013,5.553099307723823e-06,0,0,0,0,0
45,38,09:42:18,4,-0.0086124401913875,2249016.0,-0.0093301435406698,-0.0100478468899519,1.3079773979168307e-05,-0.0105263157894736,5.493118095689175e-05,-0.011004784688995,3.889104393214245e-06,-0.0114832535885166,4.62435796009057e-05,-0.0119617224880382,4.218033620501022e-05,-0.0086124401913875,2.4282716484994417e-05,-0.0081339712918659,6.752723548416774e-06,-0.0076555023923444,1.9764970292100917e-05,-0.0071770334928229,1.162861562349135e-05,-0.0066985645933013,5.8820285350106e-06,0,0,0,0,0
46,38,09:42:21,4,-0.0095693779904305,2688715.0,-0.0100478468899521,-0.0105263157894736,5.731108066020196e-05,-0.011004784688995,3.889104393214245e-06,-0.0114832535885166,4.62435796009057e-05,-0.0119617224880382,4.4308701793336426e-05,-0.0124401913875596,7.255791778384786e-06,-0.0095693779904305,5.224170080437046e-06,-0.0090909090909089,1.5285534679797282e-06,-0.0086124401913875,2.0587099872537094e-05,-0.0081339712918659,6.423794321129997e-06,-0.0076555023923444,2.189333588042712e-05,0,0,0,0,0
47,38,09:42:24,4,-0.0114832535885166,13811546.0,-0.0117224880382773,-0.0119617224880382,4.132898996967974e-05,-0.0124401913875596,7.507325893368792e-06,-0.0129186602870813,1.218973018768644e-06,-0.0133971291866027,1.47050713375265e-06,-0.0138755980861243,3.540826387851776e-06,-0.0114832535885166,4.709492583623618e-05,-0.011004784688995,1.876831473342198e-06,-0.0100478468899519,2.418597259461595e-06,-0.0095693779904305,1.9522917078374e-05,-0.0090909090909089,8.861740358667285e-06,0,0,0,0,0
48,38,09:42:27,4,-0.0114832535885166,3501754.0,-0.0117224880382773,-0.0119617224880382,3.912322926905077e-05,-0.0124401913875596,7.507325893368792e-06,-0.0129186602870813,1.218973018768644e-06,-0.0133971291866027,1.47050713375265e-06,-0.0138755980861243,3.540826387851776e-06,-0.0114832535885166,2.722373075249972e-05,-0.011004784688995,2.263807034856053e-06,-0.0105263157894736,0.0001319882701066,-0.0100478468899519,1.1750899900929728e-05,-0.0095693779904305,4.19674996461776e-05,0,0,0,0,0
49,38,09:42:30,4,-0.0119617224880382,6435454.0,-0.0122009569377989,-0.0124401913875596,5.649843198102287e-06,-0.0129186602870813,1.218973018768644e-06,-0.0133971291866027,1.47050713375265e-06,-0.0138755980861243,3.540826387851776e-06,-0.0143540669856457,2.408922870423749e-05,-0.0119617224880382,1.0896457861107135e-05,-0.0114832535885166,2.128365588326204e-07,-0.011004784688995,3.3860361632462336e-06,-0.0105263157894736,0.0001331298480131,-0.0100478468899519,1.7942508885151414e-05,0,0,0,0,0
50,38,09:42:33,4,-0.0138755980861243,3562845.0,-0.014114832535885,-0.0143540669856457,1.4550281112920956e-05,-0.0148325358851674,1.4124607995255716e-05,-0.015311004784689,3.831058058987167e-06,-0.0157894736842104,3.676267834381625e-07,-0.016267942583732,4.953287187377347e-06,-0.0138755980861243,1.1260988840053187e-05,-0.0129186602870813,3.444082497473312e-06,-0.0124401913875596,2.5153411498400597e-06,-0.0119617224880382,4.419570492937438e-05,-0.0114832535885166,6.385096764978611e-07,0,0,0,0,0
51,38,09:42:36,4,-0.0129186602870813,2757722.0,-0.013157894736842,-0.0133971291866027,5.8046334227078287e-08,-0.0143540669856457,5.959423647313371e-06,-0.0148325358851674,1.4124607995255716e-05,-0.015311004784689,3.6375702782302393e-06,-0.0157894736842104,3.676267834381625e-07,-0.0129186602870813,2.9023167113539144e-07,-0.0124401913875596,1.2557356971124605e-05,-0.0119617224880382,7.004567243849991e-05,-0.0114832535885166,1.7607388048880415e-06,-0.011004784688995,3.3860361632462336e-06,0,0,0,0,0
52,38,09:42:39,4,-0.0148325358851674,3071963.0,-0.0145933014354067,-0.0148325358851674,4.585660403939185e-06,-0.015311004784689,3.6375702782302393e-06,-0.0157894736842104,3.676267834381625e-07,-0.016267942583732,4.953287187377347e-06,-0.0167464114832535,2.1952156165777225e-05,-0.0143540669856457,2.9874513348869627e-05,-0.0138755980861243,2.0645146206764177e-05,-0.0133971291866027,3.947150727441323e-06,-0.0129186602870813,3.482780053624697e-07,-0.0124401913875596,2.739786975518095e-05,0,0,0,0,0
53,38,09:42:42,4,-0.0157894736842104,2194680.0,-0.0160287081339712,-0.016267942583732,2.631433818294216e-06,-0.0167464114832535,2.191345860962584e-05,-0.0172248803827751,1.1996242406929513e-06,-0.0177033492822965,7.159047888006322e-06,-0.0181818181818181,1.6833436925852705e-06,-0.0157894736842104,4.218033620501022e-07,-0.0143540669856457,3.584748114083598e-05,-0.0138755980861243,2.3353975137361163e-05,-0.0133971291866027,4.488916513560721e-06,-0.0129186602870813,6.269004096524455e-07,0,0,0,0,1
54,38,09:42:45,4,-0.015311004784689,2699206.0,-0.0155502392344497,-0.0157894736842104,1.9348778075692764e-06,-0.016267942583732,7.739511230277106e-08,-0.0167464114832535,1.3341949922093943e-05,-0.0172248803827751,1.1996242406929513e-06,-0.0177033492822965,7.062303997627858e-06,-0.015311004784689,2.8829679332782217e-06,-0.0148325358851674,6.346399208827226e-06,-0.0143540669856457,4.261568371171331e-05,-0.0138755980861243,2.364420680849656e-05,-0.0133971291866027,2.6507825963699083e-05,0,0,0,0,0
55,38,09:42:48,4,-0.016267942583732,1749945.0,-0.0165071770334928,-0.0167464114832535,3.838604082436687e-06,-0.0172248803827751,1.1996242406929513e-06,-0.0177033492822965,7.062303997627858e-06,-0.0181818181818181,1.6833436925852705e-06,-0.0186602870813396,1.4105259217180023e-05,-0.016267942583732,1.5285534679797282e-06,-0.0157894736842104,3.869755615138553e-07,-0.015311004784689,1.5711207797462525e-05,-0.0148325358851674,1.523909761241562e-05,-0.0143540669856457,5.213528252495415e-05,0,0,0,0,0
56,38,09:42:51,4,-0.0177033492822965,3736752.0,-0.0181818181818179,-0.0186602870813396,3.3355358524686757e-06,-0.0191387559808611,6.955885718211548e-05,-0.0196172248803827,3.465753128918088e-05,-0.0200956937799041,2.310244102237716e-05,-0.0205741626794258,1.5852647365195836e-05,-0.0177033492822965,2.3218533690831315e-06,-0.0167464114832535,1.280889108610861e-05,-0.016267942583732,6.868816216870931e-06,-0.0157894736842104,4.179336064349637e-06,-0.015311004784689,1.6214276027430534e-05,0,0,0,1,1
57,38,09:42:54,4,-0.0167464114832535,3548653.0,-0.0179425837320573,-0.0191387559808611,5.720253401519733e-05,-0.0196172248803827,3.369009238539624e-05,-0.0200956937799041,2.310244102237716e-05,-0.0205741626794258,1.5852647365195836e-05,-0.0210526315789472,6.752723548416774e-06,-0.0167464114832535,2.8674889108176677e-05,-0.016267942583732,2.3431370249663936e-05,-0.0157894736842104,1.3737632433741862e-05,-0.015311004784689,1.646581014241454e-05,-0.0148325358851674,9.442203700938067e-06,0,0,0,1,1
58,38,09:42:57,4,-0.0177033492822965,2586923.0,-0.0172248803827751,-0.0177033492822965,3.598872722078854e-06,-0.0191387559808611,5.2558827277031066e-05,-0.0196172248803827,3.250981692277898e-05,-0.0200956937799041,2.3083092244301467e-05,-0.0205741626794258,1.600743758980138e-05,-0.0167464114832535,3.4440824974733115e-05,-0.016267942583732,3.173199604413613e-05,-0.0157894736842104,2.24639313458793e-05,-0.015311004784689,1.555641757285698e-05,-0.0148325358851674,9.03587936134852e-06,0,0,0,1,1
59,38,09:43:00,4,-0.0191387559808611,5840322.0,-0.0179425837320573,-0.0191387559808611,3.5768151150725644e-05,-0.0196172248803827,2.7072810283509317e-05,-0.0200956937799041,2.40698799261618e-05,-0.0205741626794258,3.2118971605649985e-06,-0.0210526315789472,1.6504507698565927e-05,-0.0167464114832535,2.7765496538619116e-05,-0.016267942583732,3.1074137589562574e-05,-0.0157894736842104,2.317983613467993e-05,-0.015311004784689,4.566311625863492e-06,-0.0148325358851674,8.04909167948819e-06,0,0,0,1,1
60,38,09:43:03,4,-0.0191387559808611,7818628.0,-0.019377990430622,-0.0196172248803827,5.193212035515937e-06,-0.0200956937799041,2.412792626038888e-05,-0.0205741626794258,3.2118971605649985e-06,-0.0210526315789472,1.6620600367020082e-05,-0.0215311004784688,2.923600367237177e-05,-0.0191387559808611,1.598209069052222e-05,-0.0186602870813396,6.133562649994605e-07,-0.0177033492822965,5.224170080437046e-07,-0.0172248803827751,5.998121203464756e-07,-0.0167464114832535,2.3431370249663936e-05,0,0,0,2,2
61,38,09:43:06,4,-0.0191387559808611,7296201.0,-0.0200956937799041,-0.0210526315789472,1.4499974289924156e-05,-0.0215311004784688,2.9332747562750228e-05,-0.0220095693779902,1.5865998022068066e-06,-0.0224880382775118,1.5711207797462525e-05,-0.0229665071770333,2.010338042064478e-05,-0.0191387559808611,9.011886876534662e-06,-0.0186602870813396,4.173531430926929e-06,-0.0177033492822965,1.1725359513869814e-05,-0.0172248803827751,1.6059485802824992e-06,-0.0167464114832535,2.4959923717643665e-05,0,0,1,2,2
62,38,09:43:09,4,-0.0200956937799041,7664765.0,-0.0208133971291865,-0.0215311004784688,2.0276358496641475e-05,-0.0220095693779902,1.5865998022068066e-06,-0.0224880382775118,1.5807951687840987e-05,-0.0229665071770333,2.010338042064478e-05,-0.0234449760765549,4.0841400762172286e-05,-0.0200956937799041,5.5202063849951454e-05,-0.0196172248803827,3.269943494792077e-06,-0.0191387559808611,9.210018364029755e-06,-0.0186602870813396,2.128365588326204e-06,-0.0181818181818181,5.030682299680119e-07,0,1,1,2,2
63,38,09:43:12,4,-0.0200956937799041,5310648.0,-0.0212918660287081,-0.0215311004784688,1.6832275999168162e-05,-0.0220095693779902,1.5865998022068066e-06,-0.0224880382775118,1.6001439468597914e-05,-0.0229665071770333,2.049035598215864e-05,-0.0234449760765549,4.101553976485352e-05,-0.0210526315789472,1.9348778075692766e-07,-0.0200956937799041,2.0761238875218332e-05,-0.0196172248803827,9.132623251726983e-06,-0.0191387559808611,3.728606279076374e-05,-0.0186602870813396,5.127426190058582e-06,0,0,2,2,2
64,38,09:43:15,4,-0.0215311004784688,9661159.0,-0.0220095693779904,-0.0224880382775118,1.0950247464157564e-05,-0.0229665071770333,2.0084031642569088e-05,-0.0234449760765549,4.120902754561045e-05,-0.0239234449760765,9.579580025275486e-05,-0.0244019138755979,4.121289730122559e-06,-0.0215311004784688,3.269943494792077e-06,-0.0210526315789472,5.224170080437046e-07,-0.0196172248803827,6.172260206145991e-06,-0.0191387559808611,4.2369567254590496e-05,-0.0186602870813396,9.151972029802676e-06,1,0,2,2,2
65,38,09:43:18,4,-0.0215311004784688,3886067.0,-0.022248803827751,-0.0224880382775118,5.300404266055276e-06,-0.0229665071770333,2.0548402316385715e-05,-0.0234449760765549,4.0996190986777823e-05,-0.0239234449760765,9.608603192389026e-05,-0.0244019138755979,4.159987286273944e-06,-0.0220095693779902,1.547902246055421e-07,-0.0215311004784688,1.4124607995255717e-06,-0.0210526315789472,1.2576705749200296e-06,-0.0205741626794258,1.547902246055421e-07,-0.0200956937799041,1.0874013278539333e-05,1,2,2,2,2
66,38,09:43:21,4,-0.0215311004784688,2767273.0,-0.0217703349282295,-0.0220095693779902,1.3544144652984934e-07,-0.0224880382775118,9.287413476332526e-07,-0.0229665071770333,1.7413900268123488e-05,-0.0234449760765549,4.2273210339773546e-05,-0.0239234449760765,9.655040259770688e-05,-0.0215311004784688,2.1865280152217364e-05,-0.0210526315789472,8.784345246364515e-06,-0.0205741626794258,1.7259110043517943e-05,-0.0200956937799041,3.07452083622758e-05,-0.0196172248803827,6.539886989584154e-06,0,1,2,2,2
67,38,09:43:24,4,-0.0229665071770333,5075541.0,-0.0232057416267942,-0.0234449760765549,4.1258753905264975e-05,-0.0239234449760765,9.78467707287783e-05,-0.0244019138755979,4.353475067030872e-06,-0.0248803827751196,1.1918847294626742e-05,-0.025358851674641,2.283155812931746e-06,-0.0229665071770333,2.292830201969592e-05,-0.0224880382775118,4.501493219309921e-06,-0.0220095693779902,1.1880149738475356e-05,-0.0215311004784688,3.395826644952534e-05,-0.0210526315789472,1.5633812685159752e-05,2,2,2,2,2
68,38,09:43:27,4,-0.0239234449760765,10649099.0,-0.0232057416267942,-0.0239234449760765,9.373264004654376e-05,-0.0244019138755979,4.430870179333643e-06,-0.0248803827751196,1.1918847294626742e-05,-0.025358851674641,2.283155812931746e-06,-0.0258373205741626,2.0896680321748184e-05,-0.0224880382775118,1.31116994629932e-05,-0.0220095693779902,1.3331308094152314e-05,-0.0215311004784688,3.800216106734513e-05,-0.0210526315789472,1.3370005650303698e-05,-0.0205741626794258,1.919398785108722e-05,2,2,2,2,2
69,38,09:43:30,4,-0.0220095693779902,9573569.0,-0.022248803827751,-0.0224880382775118,9.674389037846383e-08,-0.0229665071770333,1.9348778075692766e-07,-0.0234449760765549,8.378020906774967e-06,-0.0239234449760765,6.590909717369755e-05,-0.0244019138755979,4.430870179333643e-06,-0.0220095693779902,6.068744243441035e-06,-0.0215311004784688,4.266521658358708e-05,-0.0210526315789472,1.3756981211817557e-05,-0.0205741626794258,1.919398785108722e-05,-0.0200956937799041,2.983581579271824e-05,0,2,2,2,2
70,38,09:43:33,4,-0.0234449760765549,9813414.0,-0.0227272727272725,-0.0229665071770333,1.934877807569276e-08,-0.0239234449760765,2.0458817473895257e-05,-0.0244019138755979,4.450218957409336e-06,-0.0248803827751196,1.1938196072702436e-05,-0.025358851674641,2.283155812931746e-06,-0.0224880382775118,2.9023167113539144e-07,-0.0220095693779902,2.489220299437874e-06,-0.0215311004784688,4.1214058227910126e-05,-0.0210526315789472,1.1570569289264271e-05,-0.0205741626794258,1.919398785108722e-05,2,2,2,2,2
71,38,09:43:36,4,-0.0239234449760765,12589888.0,-0.0227272727272725,-0.0229665071770333,1.9348778075692766e-07,-0.0239234449760765,2.358616047426948e-07,-0.0244019138755979,4.605009182014878e-06,-0.0248803827751196,1.323456420377385e-05,-0.025358851674641,2.3218533690831315e-06,-0.0224880382775118,8.513462353304816e-07,-0.0205741626794258,1.0312898714344242e-05,-0.0200956937799041,2.7204381974424024e-05,-0.0196172248803827,2.766875264824065e-06,-0.0191387559808611,4.658760087509152e-05,2,2,2,2,2
72,38,09:43:39,4,-0.0215311004784688,4881320.0,-0.0210526315789472,-0.0215311004784688,8.037288924862016e-06,-0.0220095693779902,6.772072326492467e-07,-0.0224880382775118,8.552159909456201e-06,-0.0229665071770333,2.128365588326204e-06,-0.0234449760765549,1.6856461971762777e-05,-0.0205741626794258,5.398309083118281e-06,-0.0200956937799041,2.7146335640196945e-05,-0.0196172248803827,2.5927362621428303e-06,-0.0191387559808611,4.608453264512351e-05,-0.0186602870813396,1.2770193529957225e-06,0,1,2,2,2
73,38,09:43:42,4,-0.0234449760765549,5344011.0,-0.0220095693779904,-0.0224880382775118,1.9348778075692766e-07,-0.0234449760765549,3.511300152508269e-05,-0.0239234449760765,1.8381339171908125e-05,-0.0244019138755979,1.1802754626172583e-05,-0.0248803827751196,1.4472886000618188e-05,-0.0215311004784688,3.2892922728677695e-07,-0.0205741626794258,2.8636191552025287e-06,-0.0200956937799041,2.724307953057541e-05,-0.0196172248803827,2.5927362621428303e-06,-0.0191387559808611,2.85094570556295e-05,2,2,2,2,2
74,38,09:43:45,4,-0.0229665071770333,8803937.0,-0.0232057416267942,-0.0234449760765549,3.136920645521689e-05,-0.0239234449760765,4.3999121344125344e-05,-0.0244019138755979,1.3815027546044632e-05,-0.0248803827751196,1.6175578471279148e-05,-0.025358851674641,7.197745444157708e-06,-0.0229665071770333,2.3199184912755625e-05,-0.0200956937799041,6.520538211508461e-06,-0.0196172248803827,2.3992484813859025e-06,-0.0191387559808611,2.8877083839067665e-05,-0.0186602870813396,1.2770193529957225e-06,2,2,2,2,2
75,38,09:43:48,4,-0.0205741626794258,17597914.0,-0.0200956937799043,-0.0205741626794258,4.4502189574093364e-07,-0.0224880382775118,9.67438903784638e-06,-0.0234449760765549,2.51534114984006e-07,-0.0239234449760765,2.4512192992972133e-05,-0.0244019138755979,1.4085910439104332e-05,-0.0196172248803827,2.128365588326204e-06,-0.0191387559808611,2.847075949947812e-05,-0.0186602870813396,1.2770193529957225e-06,-0.0181818181818181,1.6833436925852705e-06,-0.0177033492822965,8.997181805197135e-06,0,1,2,2,2
76,38,09:43:51,4,-0.0224880382775118,5289479.0,-0.0220095693779904,-0.0224880382775118,1.4376142110239725e-05,-0.0229665071770333,2.7552659979786496e-05,-0.0234449760765549,1.1435127842734423e-05,-0.0239234449760765,3.947150727441324e-05,-0.0244019138755979,1.5053349342888969e-05,-0.0215311004784688,2.772679898246773e-05,-0.0210526315789472,1.934877807569276e-08,-0.0200956937799041,4.837194518923191e-07,-0.0196172248803827,1.1609266845415657e-07,-0.0191387559808611,1.014746666179707e-05,2,2,2,2,2
77,38,09:43:54,4,-0.0215311004784688,6547137.0,-0.0220095693779904,-0.0224880382775118,1.0835315722387947e-06,-0.0229665071770333,3.676267834381625e-05,-0.0234449760765549,2.3508765361966708e-05,-0.0239234449760765,4.009066817283541e-05,-0.0244019138755979,1.5749905353613907e-05,-0.0215311004784688,3.540826387851776e-06,-0.0210526315789472,1.934877807569276e-08,-0.0205741626794258,1.1802754626172586e-06,-0.0200956937799041,1.1996242406929513e-06,-0.0196172248803827,2.128365588326204e-07,2,2,2,2,2
78,38,09:43:57,4,-0.0215311004784688,8886620.0,-0.0210526315789472,-0.0215311004784688,5.417657861193974e-07,-0.0224880382775118,3.889104393214245e-06,-0.0229665071770333,2.3025045910074388e-05,-0.0234449760765549,2.3915089701556256e-05,-0.0239234449760765,4.564376748055922e-05,-0.0205741626794258,6.559235767659847e-06,-0.0200956937799041,1.1996242406929513e-06,-0.0196172248803827,4.837194518923191e-07,-0.0191387559808611,9.973327659115834e-06,-0.0186602870813396,1.5092046899040356e-06,2,2,2,2,2
79,38,09:44:00,4,-0.0205741626794258,4532003.0,-0.0198564593301434,-0.0205741626794258,9.674389037846383e-08,-0.0215311004784688,3.2118971605649985e-06,-0.0220095693779902,1.3350656872228009e-06,-0.0224880382775118,8.861740358667285e-06,-0.0229665071770333,2.710763808404556e-05,-0.0191387559808611,1.00700715494943e-05,-0.0186602870813396,1.5092046899040356e-06,-0.0181818181818181,1.4898559118283427e-06,-0.0177033492822965,8.223230682169424e-06,-0.0172248803827751,2.708828930596987e-07,1,2,2,2,2
80,38,09:44:03,4,-0.0215311004784688,7802333.0,-0.0208133971291865,-0.0215311004784688,1.8381339171908123e-06,-0.0220095693779902,4.06324339589548e-07,-0.0224880382775118,5.998121203464756e-07,-0.0229665071770333,2.7119247350890976e-05,-0.0234449760765549,4.488916513560721e-05,-0.0200956937799041,3.326054951211586e-05,-0.0196172248803827,6.772072326492467e-07,-0.0191387559808611,8.367379078833336e-06,-0.0186602870813396,1.5092046899040356e-06,-0.0181818181818181,1.4898559118283427e-06,2,2,2,2,2
81,38,09:44:06,4,-0.0200956937799041,2529354.0,-0.0208133971291865,-0.0215311004784688,8.196142392863455e-06,-0.0220095693779902,7.932999011034033e-07,-0.0224880382775118,7.720162452201413e-06,-0.0229665071770333,2.978937872533658e-05,-0.0234449760765549,5.0732496114466425e-05,-0.0200956937799041,3.088064980880565e-05,-0.0196172248803827,9.867876818603309e-07,-0.0191387559808611,1.00700715494943e-05,-0.0186602870813396,1.5092046899040356e-06,-0.0181818181818181,1.4898559118283427e-06,2,2,2,2,2
82,38,09:44:09,4,-0.0205741626794258,5573527.0,-0.0208133971291865,-0.0210526315789472,9.674389037846383e-08,-0.0215311004784688,2.101277299020234e-06,-0.0220095693779902,2.109016810250511e-06,-0.0224880382775118,2.803637943167881e-05,-0.0229665071770333,2.793189603007007e-05,-0.0205741626794258,4.06324339589548e-07,-0.0200956937799041,3.347338607094848e-06,-0.0196172248803827,1.625297358358192e-06,-0.0191387559808611,1.00700715494943e-05,-0.0186602870813396,1.5092046899040356e-06,2,2,2,2,2
83,38,09:44:12,4,-0.0200956937799041,3342143.0,-0.019377990430622,-0.0196172248803827,1.1609266845415657e-07,-0.0200956937799041,3.869755615138552e-08,-0.0215311004784688,1.547902246055421e-07,-0.0220095693779902,4.577920892708908e-06,-0.0224880382775118,3.039693035691333e-05,-0.0191387559808611,9.7991886564346e-06,-0.0186602870813396,1.5092046899040356e-06,-0.0181818181818181,1.4898559118283427e-06,-0.0177033492822965,7.13969910993063e-06,-0.0172248803827751,2.708828930596987e-07,2,2,2,1,2
84,38,09:44:15,4,-0.0215311004784688,2319097.0,-0.0196172248803826,-0.0200956937799041,4.256731176652408e-07,-0.0205741626794258,3.869755615138552e-08,-0.0215311004784688,7.91365023295834e-06,-0.0220095693779902,8.544420398225924e-06,-0.0224880382775118,3.786555869413074e-05,-0.0191387559808611,7.457986509275776e-06,-0.0186602870813396,1.5092046899040356e-06,-0.0181818181818181,1.4898559118283427e-06,-0.0177033492822965,7.101001553779244e-06,-0.0172248803827751,2.708828930596987e-07,2,2,2,1,2
85,38,09:44:18,4,-0.0200956937799041,8194671.0,-0.0196172248803826,-0.0200956937799041,3.418929085974911e-07,-0.0205741626794258,1.1802754626172586e-06,-0.0210526315789472,5.823982200783522e-06,-0.0215311004784688,2.844270377126836e-06,-0.0220095693779902,9.047488628193937e-06,-0.0191387559808611,1.9348778075692764e-06,-0.016267942583732,9.489608207223515e-06,-0.0157894736842104,5.843330978859214e-06,-0.015311004784689,9.674389037846383e-08,-0.0148325358851674,5.108077411982889e-06,2,2,2,1,2
86,38,09:44:21,4,-0.0196172248803827,2006922.0,-0.0198564593301434,-0.0200956937799041,3.869755615138553e-07,-0.0205741626794258,1.936812685376845e-05,-0.0210526315789472,1.2976644992024865e-05,-0.0215311004784688,3.095804492110842e-05,-0.0220095693779902,1.034385675926535e-05,-0.0196172248803827,1.2963681310714152e-06,-0.0191387559808611,3.869755615138552e-08,-0.0172248803827751,3.869755615138553e-07,-0.0167464114832535,3.869755615138552e-05,-0.016267942583732,9.683095987980444e-06,2,2,2,1,2
87,38,09:44:24,4,-0.0196172248803827,2474005.0,-0.0179425837320573,-0.0191387559808611,4.837194518923191e-07,-0.0196172248803827,2.921665489429607e-06,-0.0200956937799041,7.932999011034033e-06,-0.0205741626794258,2.033556575755309e-05,-0.0210526315789472,1.4156920454642124e-05,-0.0167464114832535,3.722704901763288e-05,-0.016267942583732,9.683095987980444e-06,-0.0157894736842104,5.069379855831504e-06,-0.015311004784689,9.674389037846383e-08,-0.0148325358851674,4.8565432969988834e-06,1,1,2,1,1
88,38,09:44:27,4,-0.0191387559808611,1695657.0,-0.0179425837320573,-0.0191387559808611,8.706950134061743e-07,-0.0196172248803827,5.804633422707829e-07,-0.0200956937799041,1.6852785703928396e-05,-0.0205741626794258,2.3025045910074388e-05,-0.0210526315789472,1.4834127687291373e-05,-0.0167464114832535,3.610481988924269e-05,-0.016267942583732,9.683095987980444e-06,-0.0157894736842104,5.069379855831504e-06,-0.015311004784689,9.674389037846383e-08,-0.0148325358851674,4.8565432969988834e-06,1,1,2,1,1
89,38,09:44:30,4,-0.0196172248803827,4329687.0,-0.0186602870813397,-0.0196172248803827,4.256731176652408e-06,-0.0200956937799041,2.283155812931746e-06,-0.0205741626794258,2.4379460375372883e-05,-0.0210526315789472,1.5627427588394773e-05,-0.0215311004784688,4.8236503742702056e-05,-0.0177033492822965,3.076455714035149e-06,-0.0172248803827751,8.706950134061743e-07,-0.0167464114832535,3.5969378442712844e-05,-0.016267942583732,9.683095987980444e-06,-0.0157894736842104,5.069379855831504e-06,2,2,2,1,1
90,38,09:44:33,4,-0.0191387559808611,4329507.0,-0.0184210526315788,-0.0191387559808611,3.908453171289938e-06,-0.0196172248803827,4.75979940662042e-06,-0.0200956937799041,1.1996242406929513e-06,-0.0205741626794258,1.547902246055421e-05,-0.0210526315789472,8.332938253858602e-06,-0.0177033492822965,2.7475264867483723e-06,-0.0172248803827751,2.7862240428997576e-06,-0.0167464114832535,3.767207091337381e-05,-0.016267942583732,9.683095987980444e-06,-0.0157894736842104,5.069379855831504e-06,1,2,2,1,2
91,38,09:44:36,4,-0.0172248803827751,3429179.0,-0.0177033492822965,-0.0181818181818181,7.739511230277106e-08,-0.0191387559808611,2.267676790471192e-05,-0.0196172248803827,4.837194518923191e-07,-0.0200956937799041,2.418597259461595e-06,-0.0205741626794258,1.5169442011343124e-05,-0.0172248803827751,2.8829679332782217e-06,-0.0167464114832535,3.649179545075655e-05,-0.016267942583732,9.683095987980444e-06,-0.0157894736842104,5.398309083118281e-06,-0.015311004784689,2.128365588326204e-07,0,2,1,1,1
92,38,09:44:39,4,-0.0191387559808611,5955918.0,-0.0181818181818181,-0.0191387559808611,3.2892922728677695e-07,-0.0196172248803827,6.617282101886925e-06,-0.0200956937799041,6.501189433432768e-06,-0.0205741626794258,1.4472886000618188e-05,-0.0210526315789472,6.2045726655323984e-06,-0.0172248803827751,4.837194518923191e-07,-0.0167464114832535,1.57692541316896e-05,-0.016267942583732,9.683095987980444e-06,-0.0157894736842104,5.398309083118281e-06,-0.015311004784689,2.128365588326204e-07,2,2,1,1,1
93,38,09:44:42,4,-0.0177033492822965,2141242.0,-0.0179425837320573,-0.0181818181818181,5.8046334227078287e-08,-0.0186602870813396,1.7413900268123485e-07,-0.0191387559808611,1.1222291283901802e-06,-0.0196172248803827,5.286086170279263e-05,-0.0200956937799041,9.30676225440822e-06,-0.0177033492822965,1.5092046899040356e-06,-0.0172248803827751,2.708828930596987e-07,-0.0167464114832535,1.5865998022068066e-05,-0.016267942583732,9.683095987980444e-06,-0.0157894736842104,5.398309083118281e-06,1,2,1,1,1
94,38,09:44:45,4,-0.0167464114832535,1151950.0,-0.0169856459330142,-0.0172248803827751,3.4053849413219262e-06,-0.0177033492822965,5.804633422707829e-07,-0.0181818181818181,5.611145641950901e-06,-0.0186602870813396,4.4502189574093364e-07,-0.0191387559808611,8.900437914818671e-06,-0.0167464114832535,1.3776329989893248e-05,-0.016267942583732,9.683095987980444e-06,-0.0157894736842104,5.359611526966895e-06,-0.015311004784689,1.547902246055421e-07,-0.0148325358851674,2.984607064509836e-05,1,1,1,0,1
95,38,09:44:48,4,-0.0181818181818181,2584196.0,-0.0186602870813397,-0.0191387559808611,3.064846447189733e-05,-0.0196172248803827,7.184201299504723e-05,-0.0200956937799041,1.4550281112920956e-05,-0.0205741626794258,1.4627676225223728e-05,-0.0210526315789472,6.765687229727488e-06,-0.0181818181818181,5.224170080437046e-07,-0.0177033492822965,1.064182794163102e-06,-0.0172248803827751,4.643706738166263e-06,-0.0167464114832535,1.4085910439104332e-05,-0.016267942583732,9.683095987980444e-06,2,2,1,1,2
96,38,09:44:51,4,-0.0181818181818181,1932560.0,-0.0184210526315788,-0.0186602870813396,1.2654100861503068e-05,-0.0191387559808611,3.552435654697191e-05,-0.0196172248803827,9.339655177136896e-05,-0.0200956937799041,1.5034000564813276e-05,-0.0205741626794258,1.4550281112920956e-05,-0.0181818181818181,1.812980505692412e-07,-0.0177033492822965,2.573387484067137e-06,-0.0172248803827751,1.4047212882952946e-05,-0.0167464114832535,1.4182654329482796e-05,-0.016267942583732,9.683095987980444e-06,2,2,1,1,2
97,38,09:44:54,4,-0.0172248803827751,3372157.0,-0.0174641148325358,-0.0177033492822965,9.674389037846383e-08,-0.0181818181818181,9.51959881324084e-06,-0.0186602870813396,1.0944249342954098e-05,-0.0191387559808611,4.032285350974372e-05,-0.0196172248803827,9.40737590040182e-05,-0.0172248803827751,1.9697056081055237e-05,-0.0167464114832535,1.4182654329482796e-05,-0.016267942583732,9.683095987980444e-06,-0.0157894736842104,5.359611526966895e-06,-0.015311004784689,3.751147605534556e-06,2,2,1,0,2
98,38,09:44:57,4,-0.0177033492822965,2503237.0,-0.0174641148325358,-0.0177033492822965,5.069379855831504e-06,-0.0181818181818181,9.771132928224844e-06,-0.0186602870813396,4.025764812762863e-05,-0.0191387559808611,4.450218957409336e-05,-0.0196172248803827,9.67825879346152e-05,-0.0172248803827751,7.081652775703551e-06,-0.0167464114832535,1.6330368695884693e-05,-0.016267942583732,9.683095987980444e-06,-0.0157894736842104,5.359611526966895e-06,-0.015311004784689,5.898861971936452e-06,2,2,1,1,2
99,38,09:45:00,4,-0.0177033492822965,3455403.0,-0.0174641148325358,-0.0177033492822965,3.747858313261688e-05,-0.0181818181818181,1.809110750077273e-05,-0.0186602870813396,6.320529892540025e-05,-0.0191387559808611,5.082924000484489e-05,-0.0196172248803827,9.67825879346152e-05,-0.0172248803827751,1.0796618166236562e-05,-0.0167464114832535,1.6001439468597914e-05,-0.016267942583732,9.683095987980444e-06,-0.0157894736842104,5.359611526966895e-06,-0.015311004784689,5.898861971936452e-06,2,2,1,1,2
100,38,09:45:03,4,-0.0172248803827751,5324947.0,-0.0174641148325358,-0.0177033492822965,1.8903756179951828e-05,-0.0181818181818181,2.3508765361966708e-05,-0.0186602870813396,3.561394138946237e-05,-0.0191387559808611,5.218365447014338e-05,-0.0196172248803827,9.67825879346152e-05,-0.0172248803827751,4.4502189574093364e-07,-0.0167464114832535,1.687213448200409e-05,-0.016267942583732,1.11342543436574e-05,-0.0157894736842104,5.359611526966895e-06,-0.015311004784689,5.898861971936452e-06,2,1,1,1,2
101,38,09:45:06,4,-0.0177033492822965,3205190.0,-0.0167464114832536,-0.0172248803827751,8.900437914818671e-07,-0.0177033492822965,2.240588501165222e-05,-0.0181818181818181,4.771408673465835e-05,-0.0186602870813396,3.631049740018731e-05,-0.0191387559808611,5.620820030988747e-05,-0.016267942583732,1.11342543436574e-05,-0.0157894736842104,5.359611526966895e-06,-0.015311004784689,6.866300875721091e-06,-0.0148325358851674,2.9904116979325437e-05,-0.0143540669856457,4.283819465958378e-05,2,1,0,0,2
102,38,09:45:09,4,-0.0172248803827751,4317539.0,-0.0167464114832536,-0.0172248803827751,2.9424847746390527e-05,-0.0177033492822965,2.4747087158811044e-05,-0.0181818181818181,4.935873287109224e-05,-0.0186602870813396,1.4446378174654488e-05,-0.0191387559808611,5.705954654521796e-05,-0.016267942583732,7.012964613534842e-06,-0.0157894736842104,5.359611526966895e-06,-0.015311004784689,6.866300875721091e-06,-0.0148325358851674,2.9904116979325437e-05,-0.0143540669856457,4.285754343765947e-05,2,0,0,0,2
103,38,09:45:12,4,-0.016267942583732,3024172.0,-0.0165071770334928,-0.0167464114832535,2.72817770867268e-06,-0.0172248803827751,6.527813352064922e-05,-0.0177033492822965,2.7572008757862185e-05,-0.0181818181818181,5.168058624017537e-05,-0.0186602870813396,1.404005383506494e-05,-0.016267942583732,1.3824701935082478e-06,-0.0157894736842104,4.488916513560721e-06,-0.015311004784689,6.866300875721091e-06,-0.0148325358851674,2.9904116979325437e-05,-0.0143540669856457,4.30510312184164e-05,1,1,0,0,2
104,38,09:45:15,4,-0.0167464114832535,5452373.0,-0.0165071770334928,-0.0167464114832535,3.7730117247600887e-06,-0.0172248803827751,3.648541035399157e-05,-0.0177033492822965,3.132567170454658e-05,-0.0181818181818181,5.1583842349796906e-05,-0.0186602870813396,1.4136797725443404e-05,-0.016267942583732,3.869755615138552e-08,-0.0157894736842104,4.06324339589548e-06,-0.015311004784689,6.885649653796784e-06,-0.0148325358851674,2.9710629198568507e-05,-0.0143540669856457,4.30510312184164e-05,1,0,0,1,2
105,38,09:45:18,4,-0.0167464114832535,2698022.0,-0.0162679425837318,-0.0167464114832535,6.288352874600148e-06,-0.0172248803827751,2.8320226006049223e-05,-0.0177033492822965,3.945215849633754e-05,-0.0181818181818181,5.1912771577083685e-05,-0.0186602870813396,2.0154267706983853e-05,-0.0157894736842104,3.250594716716384e-06,-0.015311004784689,3.289292272867769e-06,-0.0148325358851674,2.9710629198568507e-05,-0.0143540669856457,4.30510312184164e-05,-0.0138755980861243,1.9348778075692766e-07,0,0,0,0,2
106,38,09:45:21,4,-0.0157894736842104,2595896.0,-0.0160287081339712,-0.016267942583732,1.193335887818351e-05,-0.0167464114832535,2.2173699674743903e-05,-0.0172248803827751,1.8374954075143142e-05,-0.0177033492822965,3.908453171289938e-05,-0.0181818181818181,5.222235202629477e-05,-0.0157894736842104,6.772072326492467e-07,-0.015311004784689,3.289292272867769e-06,-0.0148325358851674,2.9710629198568507e-05,-0.0143540669856457,4.3438006779930255e-05,-0.0138755980861243,1.9348778075692766e-07,0,0,0,0,2
107,38,09:45:24,4,-0.016267942583732,5194885.0,-0.0157894736842104,-0.016267942583732,1.4982726302912691e-05,-0.0167464114832535,2.499862127379505e-05,-0.0172248803827751,1.827821018476468e-05,-0.0177033492822965,3.900713660059661e-05,-0.0181818181818181,5.286086170279263e-05,-0.015311004784689,4.97263596545304e-06,-0.0148325358851674,2.7577813391284897e-06,-0.0143540669856457,4.363149456068718e-05,-0.0138755980861243,1.9348778075692766e-07,-0.0133971291866027,6.752723548416774e-06,0,0,0,0,2
108,38,09:45:27,4,-0.0157894736842104,6239709.0,-0.0160287081339712,-0.016267942583732,2.9023167113539144e-07,-0.0167464114832535,1.856225024691585e-05,-0.0172248803827751,1.8916719861262545e-05,-0.0177033492822965,4.0071319394759714e-05,-0.0181818181818181,5.1525796015569824e-05,-0.0157894736842104,1.354414465298493e-06,-0.015311004784689,9.151972029802676e-06,-0.0148325358851674,2.7577813391284897e-06,-0.0143540669856457,4.3341262889551786e-05,-0.0138755980861243,1.9348778075692766e-07,0,0,0,1,2
109,38,09:45:30,4,-0.0157894736842104,1860671.0,-0.0162679425837318,-0.0167464114832535,1.0589005777484378e-05,-0.0172248803827751,1.8761929636657e-05,-0.0177033492822965,2.8849028110857908e-05,-0.0181818181818181,5.086793756099627e-05,-0.0186602870813396,2.057994082464909e-05,-0.0157894736842104,3.3279898290191552e-06,-0.015311004784689,9.229367142105449e-06,-0.0148325358851674,2.7577813391284897e-06,-0.0143540669856457,4.363149456068718e-05,-0.0138755980861243,1.9348778075692766e-07,0,0,0,0,2
110,38,09:45:33,4,-0.0167464114832535,2620682.0,-0.0169856459330142,-0.0172248803827751,1.4511583556769573e-05,-0.0177033492822965,2.815247210013297e-05,-0.0181818181818181,5.034552055295257e-05,-0.0186602870813396,2.0657335936951863e-05,-0.0191387559808611,7.101001553779243e-05,-0.0167464114832535,2.2555451066177323e-05,-0.016267942583732,8.886893770165686e-07,-0.0157894736842104,1.3737632433741862e-06,-0.015311004784689,1.2015591185005204e-05,-0.0148325358851674,2.7577813391284897e-06,0,0,0,1,2
111,38,09:45:36,4,-0.0167464114832535,2287011.0,-0.0169856459330142,-0.0172248803827751,1.0699874275858098e-05,-0.0177033492822965,2.724307953057541e-05,-0.0181818181818181,4.897175730957839e-05,-0.0186602870813396,2.0386453043892167e-05,-0.0191387559808611,5.77561025559429e-05,-0.0167464114832535,5.663967806097542e-06,-0.016267942583732,1.1259634425587889e-05,-0.0157894736842104,8.436067241002044e-06,-0.015311004784689,1.2770193529957223e-05,-0.0148325358851674,3.454337349853429e-06,0,0,1,1,2
112,38,09:45:39,4,-0.0172248803827751,3273016.0,-0.0174641148325358,-0.0177033492822965,2.5695177284519988e-05,-0.0181818181818181,4.881696708497284e-05,-0.0186602870813396,2.0715382271178946e-05,-0.0191387559808611,5.820112445168383e-05,-0.0196172248803827,9.610538070196597e-05,-0.0172248803827751,7.35253566876325e-07,-0.016267942583732,1.1815524819702545e-05,-0.0157894736842104,8.939135470970056e-06,-0.015311004784689,1.2770193529957223e-05,-0.0148325358851674,3.686522686761742e-06,1,0,1,1,2
113,38,09:45:42,4,-0.0167464114832535,4229648.0,-0.0169856459330142,-0.0172248803827751,5.224170080437046e-07,-0.0177033492822965,1.296755106632929e-05,-0.0181818181818181,4.881696708497284e-05,-0.0186602870813396,2.0812126161557407e-05,-0.0191387559808611,6.394771154016459e-05,-0.0167464114832535,1.0138759711663008e-05,-0.016267942583732,3.3988063567761907e-06,-0.0157894736842104,1.646581014241454e-05,-0.015311004784689,1.288628619841138e-05,-0.0148325358851674,3.705871464837435e-06,1,0,0,1,2
114,38,09:45:45,4,-0.0177033492822965,7512968.0,-0.0179425837320573,-0.0181818181818181,4.908784997803254e-05,-0.0186602870813396,2.077342860540602e-05,-0.0191387559808611,6.447012854820829e-05,-0.0196172248803827,9.610538070196597e-05,-0.0200956937799041,1.714301737506379e-05,-0.0177033492822965,6.034496906247059e-06,-0.016267942583732,9.377578782165256e-06,-0.0157894736842104,1.6852785703928396e-05,-0.015311004784689,1.288628619841138e-05,-0.0148325358851674,4.269365928735835e-05,2,0,0,1,2
115,38,09:45:48,4,-0.0177033492822965,2116523.0,-0.0179425837320573,-0.0181818181818181,4.620488204475432e-05,-0.0186602870813396,2.077342860540602e-05,-0.0191387559808611,6.450882610435967e-05,-0.0196172248803827,9.610538070196597e-05,-0.0200956937799041,1.7201063709290868e-05,-0.0177033492822965,1.355691484651489e-05,-0.0172248803827751,7.797557564504183e-06,-0.0167464114832535,3.315606611050712e-06,-0.016267942583732,9.396927560240948e-06,-0.0157894736842104,1.6852785703928396e-05,1,0,1,2,2
116,38,09:45:51,4,-0.0172248803827751,3272284.0,-0.0177033492822965,-0.0181818181818181,3.794295380643351e-05,-0.0186602870813396,2.1624774840736503e-05,-0.0191387559808611,6.485710410972214e-05,-0.0196172248803827,9.610538070196597e-05,-0.0200956937799041,1.7201063709290868e-05,-0.0172248803827751,1.5337002429478625e-05,-0.0167464114832535,1.008767893754318e-05,-0.016267942583732,9.996739680587424e-06,-0.0157894736842104,1.694952959430686e-05,-0.015311004784689,7.855603898731262e-06,0,0,1,2,2
117,38,09:45:54,4,-0.0181818181818181,6127104.0,-0.0177033492822965,-0.0181818181818181,1.2963681310714152e-06,-0.0186602870813396,2.1624774840736503e-05,-0.0191387559808611,7.025541319284043e-05,-0.0196172248803827,9.658910015385828e-05,-0.0200956937799041,1.7278458821593637e-05,-0.0172248803827751,5.952845062767636e-06,-0.0167464114832535,1.8465699844318145e-05,-0.016267942583732,1.0228925017495736e-05,-0.0157894736842104,2.381834581117779e-05,-0.015311004784689,7.855603898731262e-06,0,0,1,2,2
118,38,09:45:57,4,-0.0177033492822965,3047067.0,-0.0174641148325358,-0.0177033492822965,6.140141234540341e-06,-0.0181818181818181,1.625297358358192e-06,-0.0186602870813396,1.934161902780476e-05,-0.0191387559808611,6.971364740672102e-05,-0.0196172248803827,9.660844893193397e-05,-0.0172248803827751,3.482780053624697e-07,-0.0167464114832535,1.1654929961674291e-05,-0.016267942583732,1.990331405534212e-05,-0.0157894736842104,2.317983613467993e-05,-0.015311004784689,8.900437914818671e-06,0,0,1,2,2
119,38,09:46:00,4,-0.0167464114832535,3464066.0,-0.0172248803827751,-0.0177033492822965,4.295428732803794e-06,-0.0181818181818181,6.191608984221684e-07,-0.0186602870813396,1.393053975115652e-05,-0.0191387559808611,7.275140556460479e-05,-0.0196172248803827,9.660844893193397e-05,-0.0167464114832535,2.584996750912553e-07,-0.016267942583732,1.990331405534212e-05,-0.0157894736842104,2.3915089701556256e-05,-0.015311004784689,8.900437914818671e-06,-0.0148325358851674,4.269365928735835e-05,0,0,0,2,2
120,38,09:46:03,4,-0.0172248803827751,4755410.0,-0.0177033492822965,-0.0181818181818181,2.457294815612981e-06,-0.0191387559808611,5.600716650568103e-05,-0.0196172248803827,9.660844893193397e-05,-0.0200956937799041,1.714301737506379e-05,-0.0205741626794258,7.70081367412572e-06,-0.0172248803827751,3.869755615138552e-08,-0.016267942583732,1.7000997343988202e-05,-0.0157894736842104,2.3837694589253483e-05,-0.015311004784689,9.055228139424213e-06,-0.0148325358851674,4.250017150660143e-05,0,0,1,2,2
121,38,09:46:06,4,-0.0181818181818181,1485704.0,-0.0184210526315788,-0.0186602870813396,9.674389037846383e-08,-0.0191387559808611,5.04734159760329e-05,-0.0196172248803827,9.660844893193397e-05,-0.0200956937799041,1.6446461364338848e-05,-0.0205741626794258,7.70081367412572e-06,-0.0181818181818181,1.1435127842734423e-05,-0.0172248803827751,1.6175578471279148e-05,-0.0167464114832535,5.030682299680119e-07,-0.016267942583732,1.711709001244236e-05,-0.0157894736842104,2.360550925234517e-05,0,1,1,2,2
122,38,09:46:09,4,-0.0191387559808611,2843345.0,-0.0184210526315788,-0.0191387559808611,4.536533856405001e-05,-0.0196172248803827,4.833324763308053e-05,-0.0200956937799041,1.6581902810868696e-05,-0.0205741626794258,7.70081367412572e-06,-0.0210526315789472,1.0500001398336192e-05,-0.0177033492822965,2.128365588326204e-07,-0.0172248803827751,1.7704131939258877e-05,-0.0167464114832535,1.799436361039427e-06,-0.016267942583732,1.711709001244236e-05,-0.0157894736842104,2.360550925234517e-05,1,1,1,2,2
123,38,09:46:12,4,-0.0191387559808611,7547263.0,-0.019377990430622,-0.0196172248803827,4.62435796009057e-05,-0.0200956937799041,1.638841503011177e-05,-0.0205741626794258,7.70081367412572e-06,-0.0210526315789472,1.055804773256327e-05,-0.0215311004784688,9.804025850953525e-05,-0.0191387559808611,8.888635160192498e-06,-0.0186602870813396,1.0835315722387947e-06,-0.0181818181818181,1.008071337743593e-05,-0.0177033492822965,1.106750105929626e-05,-0.0172248803827751,1.820720016922689e-05,1,1,2,2,2
124,38,09:46:15,4,-0.0181818181818181,2706912.0,-0.0186602870813397,-0.0191387559808611,5.53375052964813e-06,-0.0196172248803827,4.630162593513278e-05,-0.0200956937799041,1.638841503011177e-05,-0.0205741626794258,7.70081367412572e-06,-0.0210526315789472,1.3460364443917185e-05,-0.0181818181818181,2.4754633182260564e-05,-0.0177033492822965,1.3331308094152314e-05,-0.0172248803827751,2.4205321372691645e-05,-0.0167464114832535,1.5324232235948667e-05,-0.016267942583732,1.8839131261179017e-05,0,0,2,2,2
125,38,09:46:18,4,-0.0181818181818181,3864173.0,-0.0186602870813397,-0.0191387559808611,7.739511230277106e-08,-0.0196172248803827,3.674332956574055e-05,-0.0200956937799041,1.5904695578219452e-05,-0.0205741626794258,7.70081367412572e-06,-0.0210526315789472,1.3692549780825497e-05,-0.0181818181818181,2.584609775351039e-05,-0.0177033492822965,2.130300466133773e-05,-0.0172248803827751,2.4418157931524265e-05,-0.0167464114832535,1.5459673682478518e-05,-0.016267942583732,1.8819782483103324e-05,1,1,2,2,2
126,38,09:46:21,4,-0.0191387559808611,2725770.0,-0.019377990430622,-0.0196172248803827,2.1999560672062672e-05,-0.0200956937799041,2.234783867742514e-05,-0.0205741626794258,7.70081367412572e-06,-0.0210526315789472,1.3731247336976884e-05,-0.0215311004784688,9.8117653621838e-05,-0.0191387559808611,1.4318095776012643e-06,-0.0186602870813396,5.437006639269666e-06,-0.0181818181818181,2.6360968738104578e-05,-0.0177033492822965,2.2754163017014688e-05,-0.0172248803827751,1.894245373610321e-05,2,2,2,2,2
127,38,09:46:24,4,-0.0181818181818181,7609099.0,-0.0184210526315788,-0.0186602870813396,7.35253566876325e-07,-0.0191387559808611,4.508265291636414e-06,-0.0200956937799041,1.625297358358192e-06,-0.0205741626794258,7.70081367412572e-06,-0.0210526315789472,1.371189855890119e-05,-0.0181818181818181,2.675703822531401e-05,-0.0177033492822965,2.8810330554706525e-05,-0.0172248803827751,1.8033061166545656e-05,-0.0167464114832535,1.3060425201092614e-05,-0.016267942583732,1.8723038592724855e-05,1,1,1,2,2
128,38,09:46:27,4,-0.0186602870813396,1646482.0,-0.0188995215311003,-0.0191387559808611,4.7211018504690345e-06,-0.0196172248803827,2.128365588326204e-07,-0.0200956937799041,3.5601751659274683e-06,-0.0205741626794258,7.70081367412572e-06,-0.0210526315789472,1.3750596115052576e-05,-0.0186602870813396,5.8046334227078287e-08,-0.0181818181818181,2.7705128351022952e-05,-0.0177033492822965,2.8674889108176677e-05,-0.0172248803827751,1.8255959089977637e-05,-0.0167464114832535,1.4685722559450809e-05,1,1,2,2,2
129,38,09:46:30,4,-0.0181818181818181,1862079.0,-0.019377990430622,-0.0196172248803827,9.480901257089452e-07,-0.0200956937799041,3.753662946684396e-06,-0.0205741626794258,7.739511230277106e-06,-0.0210526315789472,1.3886037561582426e-05,-0.0215311004784688,9.8369187736822e-05,-0.0191387559808611,1.934877807569276e-08,-0.0181818181818181,2.035917126680544e-05,-0.0177033492822965,2.8674889108176677e-05,-0.0172248803827751,1.9223397993762277e-05,-0.0167464114832535,1.5014651786737584e-05,1,2,2,2,2
130,38,09:46:33,4,-0.0191387559808611,2835622.0,-0.0186602870813397,-0.0191387559808611,9.500250035165146e-06,-0.0196172248803827,2.9023167113539144e-07,-0.0200956937799041,8.319974572547888e-07,-0.0205741626794258,7.874952676806954e-06,-0.0210526315789472,1.4118222898490736e-05,-0.0181818181818181,1.503825729598993e-05,-0.0177033492822965,2.7978333097451733e-05,-0.0172248803827751,1.8894468766475492e-05,-0.0167464114832535,1.4763117671753578e-05,-0.016267942583732,1.86262947023464e-05,1,1,2,2,2
131,38,09:46:36,4,-0.0181818181818181,4668471.0,-0.0179425837320573,-0.0181818181818181,9.592737194366958e-06,-0.0186602870813396,1.9155290294935838e-06,-0.0191387559808611,4.256731176652408e-07,-0.0196172248803827,5.0113335216044255e-06,-0.0200956937799041,2.689480152521294e-06,-0.0177033492822965,2.809442576590589e-05,-0.0172248803827751,1.899121265685396e-05,-0.0167464114832535,1.5169442011343124e-05,-0.016267942583732,1.852955081196793e-05,-0.0157894736842104,1.7975014832318577e-05,1,1,1,2,2
132,38,09:46:39,4,-0.0191387559808611,3223402.0,-0.0184210526315788,-0.0186602870813396,2.51534114984006e-07,-0.0191387559808611,2.6894801525212943e-08,-0.0196172248803827,6.249655318448763e-06,-0.0200956937799041,5.66919197617798e-06,-0.0205741626794258,7.971696567185417e-06,-0.0181818181818181,1.4511583556769572e-06,-0.0177033492822965,2.6914150303288635e-05,-0.0172248803827751,1.9165351659535195e-05,-0.0167464114832535,3.478910298009559e-05,-0.016267942583732,1.852955081196793e-05,1,1,1,2,2
133,38,09:46:42,4,-0.0177033492822965,3649030.0,-0.0188995215311003,-0.0191387559808611,3.269943494792077e-06,-0.0196172248803827,5.057577101205331e-06,-0.0200956937799041,5.785284644632136e-06,-0.0205741626794258,8.12648679179096e-06,-0.0210526315789472,2.7275391989961817e-05,-0.0186602870813396,5.8046334227078287e-08,-0.0181818181818181,6.578584545735539e-07,-0.0177033492822965,1.2499310636897524e-05,-0.0172248803827751,1.9861907670260132e-05,-0.0167464114832535,3.494389320470113e-05,1,2,2,2,2
134,38,09:46:45,4,-0.0191387559808611,3691921.0,-0.019377990430622,-0.0196172248803827,5.8046334227078287e-08,-0.0200956937799041,3.1209579036092426e-07,-0.0205741626794258,8.436067241002044e-06,-0.0210526315789472,2.8184784559519375e-05,-0.0215311004784688,9.966555586789342e-05,-0.0191387559808611,9.0939256955756e-06,-0.0186602870813396,7.932999011034033e-07,-0.0181818181818181,6.578584545735539e-06,-0.0177033492822965,1.2963681310714152e-06,-0.0172248803827751,2.0210185675622604e-05,2,2,2,2,2
135,38,09:46:48,4,-0.0191387559808611,3439951.0,-0.0188995215311003,-0.0191387559808611,6.772072326492467e-07,-0.0200956937799041,5.8046334227078287e-08,-0.0210526315789472,2.822348211567076e-05,-0.0215311004784688,9.931727786253096e-05,-0.0220095693779902,1.0525735273176862e-05,-0.0186602870813396,5.2023059612115135e-06,-0.0181818181818181,7.874952676806954e-06,-0.0177033492822965,2.9023167113539144e-06,-0.0172248803827751,2.0210185675622604e-05,-0.0167464114832535,3.624026133577255e-05,1,2,2,2,2
136,38,09:46:51,4,-0.0181818181818181,2527107.0,-0.0179425837320573,-0.0181818181818181,9.674389037846383e-08,-0.0186602870813396,5.707889532329365e-06,-0.0191387559808611,3.85040683706286e-06,-0.0200956937799041,4.06324339589548e-07,-0.0210526315789472,2.4356241841682048e-05,-0.0177033492822965,2.979711823656685e-06,-0.0172248803827751,2.001669789486568e-05,-0.0167464114832535,3.660788811921071e-05,-0.016267942583732,1.814257525045408e-05,-0.0157894736842104,1.7278458821593637e-05,1,1,2,2,2
137,38,09:46:54,4,-0.0191387559808611,1960216.0,-0.0186602870813397,-0.0191387559808611,2.546899006881514e-05,-0.0200956937799041,1.81878513911512e-06,-0.0205741626794258,1.0061364599360235e-06,-0.0210526315789472,2.5439773413920843e-05,-0.0215311004784688,9.978164853634758e-05,-0.0181818181818181,3.763337335722242e-05,-0.0177033492822965,3.889104393214245e-06,-0.0172248803827751,2.001669789486568e-05,-0.0167464114832535,3.757532702299535e-05,-0.016267942583732,1.7136438790518053e-05,2,2,2,2,2
138,38,09:46:57,4,-0.0181818181818181,4887780.0,-0.0184210526315788,-0.0186602870813396,2.813312332205728e-05,-0.0191387559808611,1.662659848822355e-05,-0.0196172248803827,1.218973018768644e-06,-0.0200956937799041,2.167063144477589e-06,-0.0205741626794258,1.0061364599360235e-06,-0.0181818181818181,2.51340627203249e-05,-0.0177033492822965,5.050031077755811e-06,-0.0172248803827751,2.001669789486568e-05,-0.0167464114832535,3.757532702299535e-05,-0.016267942583732,1.7136438790518053e-05,1,2,2,2,2
139,38,09:47:00,4,-0.0186602870813396,3134188.0,-0.0184210526315788,-0.0186602870813396,6.327050430751533e-06,-0.0191387559808611,3.7716766590728656e-05,-0.0196172248803827,1.5285534679797282e-06,-0.0200956937799041,3.6956166124573177e-06,-0.0205741626794258,6.152911428070298e-06,-0.0181818181818181,2.348941658389101e-05,-0.0177033492822965,5.417657861193973e-06,-0.0172248803827751,2.669202633097968e-05,-0.0167464114832535,3.753662946684396e-05,-0.016267942583732,1.7136438790518053e-05,2,1,2,2,2
140,38,09:47:03,4,-0.0181818181818181,3818184.0,-0.0184210526315788,-0.0186602870813396,1.780087582963734e-06,-0.0191387559808611,4.085126863899089e-05,-0.0196172248803827,1.8574826952665047e-06,-0.0200956937799041,5.688540754253672e-06,-0.0205741626794258,1.7201063709290868e-05,-0.0181818181818181,5.329814408730329e-06,-0.0177033492822965,6.907513773022316e-06,-0.0172248803827751,2.669202633097968e-05,-0.0167464114832535,3.790425625028213e-05,-0.016267942583732,1.7136438790518053e-05,2,2,2,2,2
141,38,09:47:06,4,-0.0181818181818181,4097023.0,-0.0184210526315788,-0.0186602870813396,2.51534114984006e-07,-0.0191387559808611,2.363085615162433e-05,-0.0196172248803827,2.03162169794774e-06,-0.0200956937799041,6.327050430751533e-06,-0.0205741626794258,1.809110750077273e-05,-0.0181818181818181,3.3949366011610523e-06,-0.0177033492822965,6.984908885325088e-06,-0.0172248803827751,2.634374832561721e-05,-0.0167464114832535,3.794295380643351e-05,-0.016267942583732,1.7136438790518053e-05,1,1,2,2,2
142,38,09:47:09,4,-0.0177033492822965,4460437.0,-0.0179425837320573,-0.0181818181818181,2.8661731939085203e-05,-0.0191387559808611,6.5371781606535565e-06,-0.0196172248803827,2.0896680321748184e-06,-0.0200956937799041,6.520538211508461e-06,-0.0205741626794258,1.3969817770650175e-05,-0.0177033492822965,6.9655601072493945e-06,-0.0172248803827751,2.661463121867691e-05,-0.0167464114832535,3.794295380643351e-05,-0.016267942583732,1.7136438790518053e-05,-0.0157894736842104,1.6446461364338848e-05,1,1,2,2,2
143,38,09:47:12,4,-0.0177033492822965,4936991.0,-0.0181818181818179,-0.0186602870813396,1.4395490888315416e-05,-0.0191387559808611,4.995467523582357e-06,-0.0196172248803827,2.0896680321748184e-06,-0.0200956937799041,5.74658708848075e-06,-0.0205741626794258,1.3989166548725868e-05,-0.0177033492822965,9.0939256955756e-06,-0.0172248803827751,2.661463121867691e-05,-0.0167464114832535,3.794295380643351e-05,-0.016267942583732,1.7136438790518053e-05,-0.0157894736842104,1.6446461364338848e-05,2,2,2,2,2
144,38,09:47:15,4,-0.0172248803827751,1993161.0,-0.0174641148325358,-0.0177033492822965,9.210018364029755e-06,-0.0181818181818181,9.887225596679e-06,-0.0186602870813396,2.0200124311023243e-05,-0.0191387559808611,1.1399913066636664e-05,-0.0196172248803827,1.8961802514178909e-06,-0.0172248803827751,2.6111562988708896e-05,-0.0167464114832535,3.790425625028213e-05,-0.016267942583732,1.7136438790518053e-05,-0.0157894736842104,1.6446461364338848e-05,-0.015311004784689,7.739511230277106e-06,0,1,2,2,2
145,38,09:47:18,4,-0.0172248803827751,1962931.0,-0.0174641148325358,-0.0177033492822965,8.590857465607587e-06,-0.0181818181818181,1.4298746997936952e-05,-0.0186602870813396,2.114821443673219e-05,-0.0191387559808611,1.3644371323417022e-05,-0.0196172248803827,4.8565432969988834e-06,-0.0172248803827751,2.10228343548017e-05,-0.0167464114832535,3.829123181179598e-05,-0.016267942583732,1.7039694900139588e-05,-0.0157894736842104,1.625297358358192e-05,-0.015311004784689,7.739511230277106e-06,2,2,2,2,2
146,38,09:47:21,4,-0.0181818181818181,4777402.0,-0.0179425837320573,-0.0186602870813396,5.723368554789919e-05,-0.0191387559808611,1.6333851475938315e-05,-0.0196172248803827,4.8565432969988834e-06,-0.0200956937799041,7.91365023295834e-06,-0.0205741626794258,1.6117532137052072e-05,-0.0172248803827751,2.0693905127514924e-05,-0.0167464114832535,3.867820737330983e-05,-0.016267942583732,1.7039694900139588e-05,-0.0157894736842104,1.625297358358192e-05,-0.015311004784689,7.739511230277106e-06,1,2,2,2,2
147,38,09:47:24,4,-0.0177033492822965,3062223.0,-0.0174641148325358,-0.0177033492822965,1.934877807569276e-08,-0.0186602870813396,4.802366718386944e-05,-0.0191387559808611,2.022295586915256e-05,-0.0196172248803827,4.8565432969988834e-06,-0.0200956937799041,8.784345246364515e-06,-0.0172248803827751,1.254806955764827e-05,-0.0167464114832535,3.685942223419471e-05,-0.016267942583732,1.7039694900139588e-05,-0.0157894736842104,1.625297358358192e-05,-0.015311004784689,7.739511230277106e-06,1,2,2,2,2
148,38,09:47:27,4,-0.0172248803827751,3287991.0,-0.0169856459330142,-0.0172248803827751,4.024545839744095e-06,-0.0177033492822965,3.4827800536246973e-06,-0.0181818181818181,4.430870179333643e-06,-0.0186602870813396,4.780076926043746e-05,-0.0191387559808611,2.1422580109845512e-05,-0.0167464114832535,4.933938409301655e-06,-0.016267942583732,1.7039694900139588e-05,-0.0157894736842104,9.73243537207346e-06,-0.015311004784689,7.739511230277106e-06,-0.0148325358851674,4.346761041038607e-05,1,2,2,2,2
149,38,09:47:30,4,-0.0186602870813396,4605272.0,-0.0181818181818179,-0.0186602870813396,3.342462715019773e-05,-0.0191387559808611,4.164205319894445e-05,-0.0196172248803827,4.895240853150269e-06,-0.0200956937799041,9.30676225440822e-06,-0.0205741626794258,6.423794321129997e-06,-0.0177033492822965,4.643706738166263e-07,-0.0167464114832535,4.353475067030872e-06,-0.016267942583732,1.7039694900139588e-05,-0.0157894736842104,3.4634312755490046e-06,-0.015311004784689,7.739511230277106e-06,2,2,2,2,2
150,38,09:47:33,4,-0.0167464114832535,2908378.0,-0.0165071770334928,-0.0167464114832535,1.5672510241311135e-06,-0.0172248803827751,3.250594716716384e-06,-0.0177033492822965,8.12648679179096e-07,-0.0181818181818181,6.714025992265389e-06,-0.0186602870813396,3.4701646503193454e-05,-0.016267942583732,1.2705568611184407e-05,-0.0157894736842104,3.4634312755490046e-06,-0.015311004784689,7.739511230277106e-06,-0.0148325358851674,4.346761041038607e-05,-0.0143540669856457,2.6856103969061555e-05,1,1,2,2,2
151,38,09:47:36,4,-0.0177033492822965,2568987.0,-0.0179425837320573,-0.0181818181818181,7.874952676806954e-06,-0.0186602870813396,3.582387563158364e-05,-0.0191387559808611,4.3402792003832494e-05,-0.0196172248803827,5.843330978859214e-06,-0.0200956937799041,9.24871592018114e-06,-0.0177033492822965,2.03162169794774e-06,-0.0172248803827751,4.256731176652408e-07,-0.016267942583732,1.2744266167335797e-05,-0.0157894736842104,3.4634312755490046e-06,-0.015311004784689,7.758860008352799e-06,2,2,2,2,2
152,38,09:47:39,4,-0.0177033492822965,942319.0,-0.0174641148325358,-0.0177033492822965,1.625297358358192e-05,-0.0181818181818181,1.1048152281220569e-05,-0.0186602870813396,3.6075409746567645e-05,-0.0191387559808611,4.477655524720668e-05,-0.0196172248803827,5.66919197617798e-06,-0.0172248803827751,2.165050871557717e-05,-0.0167464114832535,1.1996242406929513e-06,-0.016267942583732,1.2550778386578868e-05,-0.0157894736842104,3.4634312755490046e-06,-0.015311004784689,7.952347789109726e-06,2,2,2,2,2
153,38,09:47:42,4,-0.0172248803827751,2681300.0,-0.0174641148325358,-0.0177033492822965,2.03162169794774e-06,-0.0181818181818181,1.5092046899040357e-05,-0.0186602870813396,3.712024376265505e-05,-0.0191387559808611,4.57826917071427e-05,-0.0196172248803827,5.66919197617798e-06,-0.0172248803827751,1.7045499533562295e-05,-0.0167464114832535,3.269943494792077e-06,-0.016267942583732,1.2550778386578868e-05,-0.0157894736842104,2.999060601732378e-06,-0.015311004784689,7.952347789109726e-06,2,2,2,2,2
154,38,09:47:45,4,-0.0167464114832535,2783374.0,-0.0169856459330142,-0.0172248803827751,4.528388020835135e-06,-0.0177033492822965,1.5053349342888969e-05,-0.0181818181818181,2.317983613467993e-05,-0.0186602870813396,4.0448233591674205e-05,-0.0191387559808611,4.775626707086336e-05,-0.0167464114832535,1.6639949145095776e-06,-0.016267942583732,1.1680083373172691e-05,-0.0157894736842104,3.018409379808071e-06,-0.015311004784689,7.952347789109726e-06,-0.0148325358851674,4.340956407615898e-05,2,2,2,2,2
155,38,09:47:48,4,-0.0172248803827751,2941576.0,-0.0167464114832536,-0.0172248803827751,6.965560107249394e-07,-0.0177033492822965,2.838543138816431e-05,-0.0181818181818181,3.415059330359773e-05,-0.0186602870813396,4.114478960239915e-05,-0.0191387559808611,5.2980437151300406e-05,-0.016267942583732,7.674886311504291e-06,-0.0157894736842104,3.018409379808071e-06,-0.015311004784689,8.552159909456201e-06,-0.0148325358851674,4.340956407615898e-05,-0.0143540669856457,2.5482340725687367e-05,2,2,2,2,2
156,38,09:47:51,4,-0.0167464114832535,1021133.0,-0.0165071770334928,-0.0167464114832535,6.984908885325088e-06,-0.0172248803827751,6.133562649994606e-06,-0.0177033492822965,3.333871857554166e-05,-0.0181818181818181,4.272210199112962e-05,-0.0186602870813396,4.178329927889701e-05,-0.016267942583732,7.03637663500643e-06,-0.0157894736842104,3.269943494792077e-06,-0.015311004784689,8.552159909456201e-06,-0.0148325358851674,4.340956407615898e-05,-0.0143540669856457,2.9156093218919156e-05,2,2,2,2,2
157,38,09:47:54,4,-0.0167464114832535,1374530.0,-0.0162679425837318,-0.0167464114832535,5.869258341480642e-06,-0.0172248803827751,1.5459673682478518e-05,-0.0177033492822965,3.767284486449684e-05,-0.0181818181818181,4.274145076920531e-05,-0.0186602870813396,4.217027484041087e-05,-0.0157894736842104,2.689480152521294e-06,-0.015311004784689,8.552159909456201e-06,-0.0148325358851674,4.340956407615898e-05,-0.0143540669856457,2.9156093218919156e-05,-0.0138755980861243,1.1609266845415657e-07,2,2,2,2,2
158,38,09:47:57,4,-0.0157894736842104,1307647.0,-0.0155502392344497,-0.0157894736842104,5.8046334227078287e-08,-0.016267942583732,1.9348778075692766e-07,-0.0167464114832535,2.285748549193889e-05,-0.0172248803827751,3.7381839242238414e-05,-0.0177033492822965,4.160064681386247e-05,-0.015311004784689,6.984908885325088e-06,-0.0148325358851674,4.340956407615898e-05,-0.0143540669856457,2.8730420101253912e-05,-0.0138755980861243,1.1609266845415657e-07,-0.0133971291866027,6.346399208827226e-06,1,2,2,2,2
159,38,09:48:00,4,-0.016267942583732,2193701.0,-0.0157894736842104,-0.016267942583732,1.674230418111619e-05,-0.0167464114832535,3.742711538293554e-05,-0.0172248803827751,4.2257731317312994e-05,-0.0177033492822965,4.336138561875051e-05,-0.0181818181818181,4.159987286273944e-05,-0.015311004784689,4.198684842425329e-06,-0.0148325358851674,4.340956407615898e-05,-0.0143540669856457,2.8730420101253912e-05,-0.0138755980861243,1.1609266845415657e-07,-0.0133971291866027,6.346399208827226e-06,2,2,2,2,2
160,38,09:48:03,4,-0.0157894736842104,6298474.0,-0.0160287081339712,-0.016267942583732,7.35253566876325e-07,-0.0167464114832535,2.223948552020126e-05,-0.0172248803827751,4.4289353015260736e-05,-0.0177033492822965,4.281961983263112e-05,-0.0181818181818181,3.937476338403477e-05,-0.0157894736842104,2.51534114984006e-07,-0.015311004784689,4.159987286273944e-06,-0.0148325358851674,4.340956407615898e-05,-0.0143540669856457,2.542429439146029e-05,-0.0138755980861243,1.1609266845415657e-07,2,2,2,2,2
161,38,09:48:06,4,-0.015311004784689,851930.0,-0.0150717703349281,-0.015311004784689,4.334126288955179e-06,-0.0157894736842104,1.47050713375265e-06,-0.016267942583732,1.2267125299989212e-05,-0.0167464114832535,2.5277243678085023e-05,-0.0172248803827751,4.427000423718504e-05,-0.0148325358851674,4.211319594508757e-05,-0.0143540669856457,2.542429439146029e-05,-0.0138755980861243,1.1609266845415657e-07,-0.0133971291866027,6.346399208827226e-06,-0.0129186602870813,6.965560107249394e-07,1,2,2,2,2
162,38,09:48:09,4,-0.015311004784689,2218844.0,-0.0150717703349281,-0.015311004784689,4.566311625863492e-06,-0.0157894736842104,7.720162452201413e-06,-0.016267942583732,1.547902246055421e-05,-0.0167464114832535,2.58770557984315e-05,-0.0172248803827751,4.467632857677459e-05,-0.0148325358851674,3.592158696086588e-05,-0.0143540669856457,2.571452606259568e-05,-0.0138755980861243,1.1609266845415657e-07,-0.0133971291866027,6.346399208827226e-06,-0.0129186602870813,6.965560107249394e-07,2,2,2,2,2
163,38,09:48:12,4,-0.015311004784689,2347549.0,-0.0150717703349281,-0.015311004784689,1.8187851391151202e-07,-0.0157894736842104,9.500250035165146e-06,-0.016267942583732,2.0587099872537094e-05,-0.0167464114832535,2.893416273439096e-05,-0.0172248803827751,4.423130668103365e-05,-0.0148325358851674,3.0252394984687902e-05,-0.0143540669856457,2.761070631401357e-05,-0.0138755980861243,1.1609266845415657e-07,-0.0133971291866027,6.346399208827226e-06,-0.0129186602870813,6.965560107249394e-07,2,2,2,2,2
164,38,09:48:15,4,-0.015311004784689,1859080.0,-0.0150717703349281,-0.015311004784689,2.232848989934945e-06,-0.0157894736842104,1.5324232235948667e-05,-0.016267942583732,2.395378725770764e-05,-0.0167464114832535,2.986290408202421e-05,-0.0172248803827751,4.517939680674261e-05,-0.0148325358851674,1.6592157663248816e-05,-0.0143540669856457,2.761070631401357e-05,-0.0138755980861243,1.1609266845415657e-07,-0.0133971291866027,6.346399208827226e-06,-0.0129186602870813,6.965560107249394e-07,2,2,2,2,2
165,38,09:48:18,4,-0.0148325358851674,2332539.0,-0.0150717703349281,-0.015311004784689,7.128089843085214e-06,-0.0157894736842104,2.081928520944541e-05,-0.016267942583732,2.3508765361966708e-05,-0.0167464114832535,3.0462716202370685e-05,-0.0172248803827751,4.485046757945583e-05,-0.0148325358851674,6.294157508022856e-07,-0.0143540669856457,2.761070631401357e-05,-0.0138755980861243,1.1609266845415657e-07,-0.0133971291866027,5.282216414664124e-06,-0.0129186602870813,6.965560107249394e-07,2,2,2,2,2
166,38,09:48:21,4,-0.0148325358851674,801987.0,-0.0145933014354067,-0.0148325358851674,7.932999011034033e-07,-0.015311004784689,1.0194290704740246e-05,-0.0157894736842104,2.300569713199869e-05,-0.016267942583732,2.3837694589253483e-05,-0.0167464114832535,3.0462716202370685e-05,-0.0143540669856457,2.4611645712281196e-05,-0.0138755980861243,1.1609266845415657e-07,-0.0133971291866027,5.282216414664124e-06,-0.0129186602870813,6.965560107249394e-07,-0.0124401913875596,1.3350656872228009e-06,2,2,2,2,2
167,38,09:48:24,4,-0.0133971291866027,2970399.0,-0.0136363636363634,-0.0138755980861243,5.8046334227078287e-08,-0.0143540669856457,8.513462353304816e-07,-0.0148325358851674,6.677263313921573e-05,-0.015311004784689,1.5070182779814822e-05,-0.0157894736842104,2.3721601920799328e-05,-0.0133971291866027,5.166123746209968e-06,-0.0129186602870813,6.965560107249394e-07,-0.0124401913875596,1.3350656872228009e-06,-0.0119617224880382,1.3737632433741862e-05,-0.0114832535885166,3.927801949365631e-06,2,2,2,2,1
168,38,09:48:27,4,-0.0143540669856457,659391.0,-0.0138755980861243,-0.0143540669856457,1.275084475188153e-05,-0.0148325358851674,7.733706596854398e-05,-0.015311004784689,2.133918687633928e-05,-0.0157894736842104,2.4418157931524265e-05,-0.016267942583732,2.3218533690831315e-05,-0.0133971291866027,3.734314168608704e-06,-0.0129186602870813,6.965560107249394e-07,-0.0124401913875596,1.3350656872228009e-06,-0.0119617224880382,1.3853725102196018e-05,-0.0114832535885166,3.927801949365631e-06,1,2,2,2,1
169,38,09:48:30,4,-0.0143540669856457,370817.0,-0.0138755980861243,-0.0143540669856457,2.3798997033102097e-05,-0.0148325358851674,9.184864952531354e-05,-0.015311004784689,2.240336967050238e-05,-0.0157894736842104,2.207695578436544e-05,-0.016267942583732,2.149649244209466e-05,-0.0133971291866027,3.676267834381625e-06,-0.0129186602870813,6.965560107249394e-07,-0.0124401913875596,1.3350656872228009e-06,-0.0119617224880382,1.0951408390842103e-05,-0.0114832535885166,3.985848283592709e-06,2,2,2,2,1
170,38,09:48:33,4,-0.0133971291866027,311238.0,-0.0138755980861243,-0.0143540669856457,3.117088147994104e-05,-0.0148325358851674,9.48670589051216e-05,-0.015311004784689,2.2519462338956537e-05,-0.0157894736842104,1.8033061166545656e-05,-0.016267942583732,2.184477044745713e-05,-0.0133971291866027,2.8055728209754507e-06,-0.0129186602870813,6.965560107249394e-07,-0.0124401913875596,1.3350656872228009e-06,-0.0119617224880382,1.0951408390842103e-05,-0.0114832535885166,3.985848283592709e-06,2,2,2,2,1
171,38,09:48:36,4,-0.0124401913875596,779390.0,-0.0126794258373206,-0.0129186602870813,5.998121203464756e-07,-0.0133971291866027,2.3992484813859025e-06,-0.0143540669856457,4.99972425475901e-05,-0.0148325358851674,9.54475222473924e-05,-0.015311004784689,2.472522303958551e-05,-0.0124401913875596,1.547902246055421e-06,-0.0119617224880382,9.65504025977069e-06,-0.0114832535885166,3.985848283592709e-06,-0.011004784688995,8.706950134061743e-07,-0.0105263157894736,2.9023167113539144e-06,2,2,2,2,0
172,38,09:48:39,4,-0.0119617224880382,371492.0,-0.0124401913875596,-0.0129186602870813,2.51534114984006e-07,-0.0133971291866027,1.832329283768105e-05,-0.0138755980861243,1.3931120214498788e-06,-0.0143540669856457,5.762066110941305e-05,-0.0148325358851674,9.525403446663548e-05,-0.0119617224880382,9.151972029802676e-06,-0.0114832535885166,3.985848283592709e-06,-0.011004784688995,8.706950134061743e-07,-0.0105263157894736,2.9023167113539144e-06,-0.0100478468899519,8.745647690213128e-06,2,2,2,2,0
173,38,09:48:42,4,-0.0138755980861243,6765264.0,-0.014114832535885,-0.0143540669856457,5.678866365215826e-05,-0.0148325358851674,9.051358383809074e-05,-0.015311004784689,2.416410847539042e-05,-0.0157894736842104,1.3195866647622464e-05,-0.016267942583732,1.9174639073011527e-05,-0.0138755980861243,3.685942223419471e-05,-0.0133971291866027,1.393112021449879e-07,-0.0124401913875596,9.674389037846382e-07,-0.0119617224880382,8.939135470970056e-06,-0.0114832535885166,3.985848283592709e-06,2,2,2,2,1
174,38,09:48:45,4,-0.0124401913875596,4236092.0,-0.0122009569377989,-0.0124401913875596,3.482780053624697e-08,-0.0133971291866027,1.6833436925852705e-06,-0.0138755980861243,3.095804492110842e-06,-0.0143540669856457,5.893637801856015e-05,-0.0148325358851674,7.037150586129458e-05,-0.0119617224880382,8.939135470970056e-06,-0.0114832535885166,3.985848283592709e-06,-0.011004784688995,8.706950134061743e-07,-0.0105263157894736,2.9023167113539144e-06,-0.0100478468899519,8.745647690213128e-06,2,2,2,2,0
175,38,09:48:48,4,-0.0114832535885166,1234723.0,-0.0117224880382773,-0.0119617224880382,3.382166407631095e-06,-0.0124401913875596,3.753662946684396e-06,-0.0129186602870813,2.225109478704668e-06,-0.0133971291866027,1.598209069052222e-05,-0.0138755980861243,3.7730117247600887e-06,-0.0114832535885166,2.9410142675053e-06,-0.011004784688995,8.706950134061743e-07,-0.0105263157894736,2.9023167113539144e-06,-0.0100478468899519,8.745647690213128e-06,-0.0095693779904305,9.364808588635297e-06,2,2,2,2,0
176,38,09:48:51,4,-0.0119617224880382,1321698.0,-0.0114832535885166,-0.0119617224880382,1.0003318265133158e-05,-0.0124401913875596,1.4449667466927356e-05,-0.0129186602870813,2.534689927915752e-06,-0.0133971291866027,2.1032121768278032e-05,-0.0138755980861243,1.5072698120964662e-05,-0.011004784688995,7.159047888006322e-07,-0.0105263157894736,3.50212883170039e-06,-0.0100478468899519,8.745647690213128e-06,-0.0095693779904305,9.364808588635297e-06,-0.0090909090909089,6.578584545735539e-07,2,2,2,2,0
177,38,09:48:54,4,-0.011004784688995,828379.0,-0.0112440191387559,-0.0114832535885166,7.739511230277106e-08,-0.0119617224880382,1.6156229693203455e-05,-0.0124401913875596,2.2305271365658616e-05,-0.0129186602870813,2.534689927915752e-06,-0.0133971291866027,2.3992484813859025e-05,-0.011004784688995,4.198684842425329e-06,-0.0105263157894736,2.457294815612981e-06,-0.0100478468899519,8.745647690213128e-06,-0.0095693779904305,9.364808588635297e-06,-0.0090909090909089,6.578584545735539e-07,2,2,2,2,0
178,38,09:48:57,4,-0.0114832535885166,1466574.0,-0.0112440191387559,-0.0114832535885166,3.095804492110842e-07,-0.0119617224880382,1.4260049441785566e-05,-0.0124401913875596,2.400796383631958e-05,-0.0129186602870813,2.999060601732378e-06,-0.0133971291866027,2.3566811696193784e-05,-0.011004784688995,1.4124607995255717e-06,-0.0105263157894736,4.295428732803794e-06,-0.0100478468899519,8.745647690213128e-06,-0.0095693779904305,9.364808588635297e-06,-0.0090909090909089,6.578584545735539e-07,2,2,2,2,0
179,38,09:49:00,4,-0.0105263157894736,909494.0,-0.0107655502392343,-0.011004784688995,1.2015591185005204e-05,-0.0114832535885166,6.288352874600148e-06,-0.0119617224880382,1.723976126544225e-05,-0.0124401913875596,2.573000508505624e-05,-0.0129186602870813,3.0571069359594564e-06,-0.0105263157894736,1.625297358358192e-06,-0.0100478468899519,8.745647690213128e-06,-0.0095693779904305,9.364808588635297e-06,-0.0090909090909089,6.578584545735539e-07,-0.0086124401913875,1.609818335897638e-05,1,2,2,1,0
180,38,09:49:03,4,-0.0100478468899519,1821774.0,-0.0105263157894736,-0.011004784688995,1.905854640455737e-05,-0.0114832535885166,9.65504025977069e-06,-0.0119617224880382,1.7955666054242884e-05,-0.0124401913875596,1.708110128522157e-05,-0.0129186602870813,3.1345020482622275e-06,-0.0100478468899519,6.694677214189696e-06,-0.0095693779904305,9.693737815922074e-06,-0.0090909090909089,6.578584545735539e-07,-0.0086124401913875,1.609818335897638e-05,-0.0081339712918659,3.50212883170039e-06,2,2,2,1,0
181,38,09:49:06,4,-0.0105263157894736,524440.0,-0.0102870813397127,-0.0105263157894736,1.1609266845415658e-06,-0.011004784688995,4.350417960094912e-05,-0.0114832535885166,1.3853725102196018e-05,-0.0119617224880382,1.8536129396513663e-05,-0.0124401913875596,1.1914977539011604e-05,-0.0100478468899519,4.798496962771805e-06,-0.0095693779904305,9.693737815922074e-06,-0.0090909090909089,6.578584545735539e-07,-0.0086124401913875,1.609818335897638e-05,-0.0081339712918659,3.50212883170039e-06,2,2,2,0,0
182,38,09:49:09,4,-0.0105263157894736,682578.0,-0.0102870813397127,-0.0105263157894736,2.824921599051144e-06,-0.011004784688995,5.34494515318552e-05,-0.0114832535885166,1.4821164005980655e-05,-0.0119617224880382,1.863287328689213e-05,-0.0124401913875596,1.0057494843745096e-05,-0.0100478468899519,2.360550925234517e-06,-0.0095693779904305,9.693737815922074e-06,-0.0090909090909089,6.578584545735539e-07,-0.0086124401913875,1.609818335897638e-05,-0.0081339712918659,3.50212883170039e-06,2,2,2,0,0
183,38,09:49:12,4,-0.0100478468899519,1282714.0,-0.0098086124401912,-0.0100478468899519,3.7149653905330095e-06,-0.0105263157894736,1.071922305393379e-05,-0.011004784688995,5.466842455062384e-05,-0.0114832535885166,1.6485158920490234e-05,-0.0119617224880382,1.990989263988785e-05,-0.0095693779904305,8.784345246364515e-06,-0.0090909090909089,6.578584545735539e-07,-0.0086124401913875,1.609818335897638e-05,-0.0081339712918659,2.72817770867268e-06,-0.0076555023923444,9.848528040527617e-06,2,2,2,0,0
184,38,09:49:15,4,-0.0100478468899519,1802040.0,-0.0102870813397127,-0.0105263157894736,1.6620600367020082e-05,-0.011004784688995,5.2985080858038576e-05,-0.0114832535885166,1.5362929792100053e-05,-0.0119617224880382,1.983249752758508e-05,-0.0124401913875596,8.122617036175822e-06,-0.0100478468899519,1.47050713375265e-05,-0.0095693779904305,8.47476479715343e-06,-0.0090909090909089,6.578584545735539e-07,-0.0086124401913875,1.609818335897638e-05,-0.0081339712918659,2.979711823656685e-06,2,2,2,0,0
185,38,09:49:18,4,-0.0100478468899519,2604567.0,-0.0098086124401912,-0.0100478468899519,3.676267834381625e-07,-0.0105263157894736,1.3698934877590476e-05,-0.011004784688995,5.062452993280406e-05,-0.0114832535885166,1.513074445519174e-05,-0.0119617224880382,2.0625797428688484e-05,-0.0095693779904305,8.610206243683279e-06,-0.0090909090909089,2.0122729198720474e-06,-0.0086124401913875,1.609818335897638e-05,-0.0081339712918659,3.5601751659274683e-06,-0.0076555023923444,9.65504025977069e-06,1,2,2,0,0
186,38,09:49:21,4,-0.0100478468899519,1501358.0,-0.0093301435406698,-0.0095693779904305,1.7413900268123485e-07,-0.0100478468899519,2.204948051949796e-05,-0.0105263157894736,1.561446390708406e-05,-0.011004784688995,5.087606404778806e-05,-0.0114832535885166,1.6794739369701316e-05,-0.0090909090909089,2.0122729198720474e-06,-0.0086124401913875,1.609818335897638e-05,-0.0081339712918659,3.5601751659274683e-06,-0.0076555023923444,9.65504025977069e-06,-0.0071770334928229,7.720162452201413e-06,2,2,2,0,0
187,38,09:49:24,4,-0.0095693779904305,1420003.0,-0.0093301435406698,-0.0095693779904305,1.3679586099514784e-05,-0.0100478468899519,3.265261090497759e-05,-0.0105263157894736,1.8110456278848425e-05,-0.011004784688995,4.54390574085184e-05,-0.0114832535885166,1.6407763808187462e-05,-0.0090909090909089,2.3218533690831317e-07,-0.0086124401913875,1.8400687949983814e-05,-0.0081339712918659,3.792360502835781e-06,-0.0076555023923444,9.65504025977069e-06,-0.0071770334928229,7.720162452201413e-06,2,2,1,0,0
188,38,09:49:27,4,-0.0095693779904305,1867285.0,-0.0090909090909089,-0.0095693779904305,4.082592173971173e-06,-0.0100478468899519,5.91023905344496e-05,-0.0105263157894736,1.9077895182633065e-05,-0.011004784688995,4.530361596198855e-05,-0.0114832535885166,1.57692541316896e-05,-0.0086124401913875,1.772348071733457e-05,-0.0081339712918659,3.792360502835781e-06,-0.0076555023923444,9.65504025977069e-06,-0.0071770334928229,7.720162452201413e-06,-0.0066985645933013,2.6701313744456013e-06,2,2,1,0,0
189,38,09:49:30,4,-0.0090909090909089,1813552.0,-0.0088516746411482,-0.0090909090909089,4.1019409520468654e-06,-0.0100478468899519,7.268523274358592e-05,-0.0105263157894736,1.7549341714653336e-05,-0.011004784688995,3.499071724764431e-05,-0.0114832535885166,1.5575766350932673e-05,-0.0086124401913875,1.665929792317147e-05,-0.0081339712918659,3.792360502835781e-06,-0.0076555023923444,9.65504025977069e-06,-0.0071770334928229,7.70081367412572e-06,-0.0066985645933013,2.6701313744456013e-06,2,2,2,0,0
190,38,09:49:33,4,-0.0095693779904305,2311555.0,-0.0098086124401912,-0.0100478468899519,6.849989855803281e-05,-0.0105263157894736,1.7394551490047795e-05,-0.011004784688995,3.818326563013361e-05,-0.0114832535885166,1.323456420377385e-05,-0.0119617224880382,1.708497104083671e-05,-0.0095693779904305,3.482780053624697e-07,-0.0086124401913875,1.0633507967058471e-05,-0.0081339712918659,3.792360502835781e-06,-0.0076555023923444,9.65504025977069e-06,-0.0071770334928229,7.70081367412572e-06,2,2,1,0,0
191,38,09:49:36,4,-0.0081339712918659,2238457.0,-0.0083732057416267,-0.0086124401913875,2.534689927915752e-06,-0.0090909090909089,7.244762974881641e-06,-0.0095693779904305,3.598872722078854e-06,-0.0100478468899519,7.353058085771293e-05,-0.0105263157894736,1.7394551490047795e-05,-0.0081339712918659,3.2118971605649985e-06,-0.0076555023923444,9.65504025977069e-06,-0.0071770334928229,7.662116117974333e-06,-0.0066985645933013,2.6701313744456013e-06,-0.0062200956937799,1.3350656872228009e-06,2,2,1,0,0
192,38,09:49:39,4,-0.0086124401913875,1589026.0,-0.0083732057416267,-0.0086124401913875,1.7413900268123485e-07,-0.0090909090909089,3.800680477408329e-06,-0.0095693779904305,8.223230682169424e-06,-0.0100478468899519,7.233095661701998e-05,-0.0105263157894736,1.751064415850195e-05,-0.0081339712918659,1.2963681310714152e-06,-0.0076555023923444,9.616342703619303e-06,-0.0071770334928229,7.662116117974333e-06,-0.0066985645933013,2.6701313744456013e-06,-0.0062200956937799,1.3350656872228009e-06,2,2,1,0,0
193,38,09:49:42,4,-0.0081339712918659,2603177.0,-0.0076555023923443,-0.0081339712918659,2.9023167113539144e-06,-0.0086124401913875,5.611145641950901e-06,-0.0090909090909089,1.6590222785441244e-05,-0.0095693779904305,3.656919056305932e-05,-0.0100478468899519,4.944135215347544e-05,-0.0071770334928229,7.333186890687557e-06,-0.0066985645933013,2.6701313744456013e-06,-0.0062200956937799,1.3350656872228009e-06,-0.0057416267942582,4.605009182014878e-06,-0.0052631578947368,1.5711207797462525e-05,2,1,0,0,0
194,38,09:49:45,4,-0.0081339712918659,1446481.0,-0.0076555023923443,-0.0081339712918659,9.674389037846382e-07,-0.0086124401913875,9.500250035165146e-06,-0.0090909090909089,1.893142493260007e-05,-0.0095693779904305,4.427000423718504e-05,-0.0100478468899519,4.905437659196159e-05,-0.0071770334928229,7.333186890687557e-06,-0.0066985645933013,2.6701313744456013e-06,-0.0062200956937799,1.3350656872228009e-06,-0.0057416267942582,4.218033620501022e-06,-0.0052631578947368,1.5711207797462525e-05,2,2,0,0,0
195,38,09:49:48,4,-0.0076555023923444,1269327.0,-0.0074162679425837,-0.0076555023923444,3.676267834381625e-07,-0.0081339712918659,3.0106698685777937e-05,-0.0086124401913875,1.120294250582611e-05,-0.0090909090909089,2.138871974821305e-05,-0.0095693779904305,4.339930922377887e-05,-0.0071770334928229,1.7413900268123486e-06,-0.0066985645933013,2.6701313744456013e-06,-0.0062200956937799,1.3350656872228009e-06,-0.0057416267942582,4.218033620501022e-06,-0.0052631578947368,1.5711207797462525e-05,2,1,0,0,0
196,38,09:49:51,4,-0.0071770334928229,3437624.0,-0.006937799043062,-0.0071770334928229,8.706950134061743e-07,-0.0076555023923444,1.3544144652984934e-07,-0.0081339712918659,1.1357732730431653e-05,-0.0086124401913875,1.3273261759925236e-05,-0.0090909090909089,2.158220752896998e-05,-0.0066985645933013,5.417657861193974e-07,-0.0062200956937799,3.4053849413219262e-06,-0.0057416267942582,4.218033620501022e-06,-0.0052631578947368,1.57692541316896e-05,-0.0047846889952152,1.4840512784056348e-05,1,1,0,0,0
197,38,09:49:54,4,-0.0071770334928229,1018794.0,-0.0066985645933014,-0.0071770334928229,3.869755615138553e-07,-0.0081339712918659,1.876831473342198e-05,-0.0086124401913875,1.358284220913632e-05,-0.0090909090909089,2.1775695309726903e-05,-0.0095693779904305,4.368954089491426e-05,-0.0062200956937799,2.9410142675053e-06,-0.0057416267942582,4.218033620501022e-06,-0.0052631578947368,1.7046273484685323e-05,-0.0047846889952152,1.4840512784056348e-05,-0.0043062200956938,2.495992371764366e-06,1,0,0,0,0
198,38,09:49:57,4,-0.0066985645933013,1545000.0,-0.0064593301435406,-0.0066985645933013,7.739511230277106e-08,-0.0071770334928229,1.141577906465873e-06,-0.0076555023923444,3.869755615138552e-08,-0.0081339712918659,1.3873073880271712e-05,-0.0086124401913875,1.406656166102864e-05,-0.0062200956937799,2.8636191552025287e-06,-0.0057416267942582,4.488916513560721e-06,-0.0052631578947368,1.7046273484685323e-05,-0.0047846889952152,1.4840512784056348e-05,-0.0043062200956938,2.5927362621428303e-06,0,0,0,0,0
199,38,09:50:00,4,-0.0066985645933013,1747750.0,-0.005980861244019,-0.0062200956937799,3.869755615138552e-08,-0.0066985645933013,6.772072326492467e-07,-0.0071770334928229,4.508265291636414e-06,-0.0076555023923444,9.674389037846383e-08,-0.0081339712918659,1.2209078965762133e-05,-0.0057416267942582,4.121289730122559e-06,-0.0052631578947368,1.3215215425698156e-05,-0.0047846889952152,1.3118471535319694e-05,-0.0043062200956938,2.5927362621428303e-06,-0.0038277511961721,3.676267834381625e-07,1,0,0,0,0
200,38,09:50:03,4,-0.0062200956937799,2426980.0,-0.005980861244019,-0.0062200956937799,5.611145641950901e-07,-0.0066985645933013,3.115153270186535e-06,-0.0071770334928229,6.288352874600148e-06,-0.0076555023923444,1.0835315722387947e-06,-0.0081339712918659,1.2015591185005204e-05,-0.0057416267942582,2.360550925234517e-06,-0.0052631578947368,1.3408703206455085e-05,-0.0047846889952152,1.3698934877590476e-05,-0.0043062200956938,2.5927362621428303e-06,-0.0038277511961721,3.676267834381625e-07,0,0,0,0,0
201,38,09:50:06,4,-0.0071770334928229,1669503.0,-0.0066985645933014,-0.0071770334928229,8.784345246364515e-06,-0.0076555023923444,1.1802754626172586e-06,-0.0081339712918659,1.1899498516551049e-05,-0.0086124401913875,1.4027864104877253e-05,-0.0090909090909089,2.2801180547738626e-05,-0.0062200956937799,1.4999172764277027e-05,-0.0057416267942582,2.495992371764366e-06,-0.0052631578947368,1.3408703206455085e-05,-0.0047846889952152,1.3621539765287703e-05,-0.0043062200956938,2.5927362621428303e-06,0,0,0,0,0
202,38,09:50:09,4,-0.0071770334928229,2636902.0,-0.0066985645933014,-0.0071770334928229,4.798496962771805e-06,-0.0076555023923444,2.147714366401897e-06,-0.0081339712918659,1.2228427743837826e-05,-0.0086124401913875,1.400851532680156e-05,-0.0090909090909089,2.1601556307045672e-05,-0.0062200956937799,2.1771245090769496e-05,-0.0057416267942582,5.204821302361353e-06,-0.0052631578947368,1.3505447096833548e-05,-0.0047846889952152,1.4124607995255716e-05,-0.0043062200956938,2.5927362621428303e-06,0,0,0,0,0
203,38,09:50:12,4,-0.0076555023923444,4177169.0,-0.0078947368421051,-0.0081339712918659,1.0777269388160867e-05,-0.0086124401913875,1.3853725102196018e-05,-0.0090909090909089,2.1601556307045672e-05,-0.0095693779904305,3.55437053250476e-05,-0.0100478468899519,3.641962450853422e-05,-0.0076555023923444,1.1377081508507344e-05,-0.0062200956937799,1.3451270518221609e-05,-0.0057416267942582,5.53375052964813e-06,-0.0052631578947368,1.3602190987212012e-05,-0.0047846889952152,1.4124607995255716e-05,1,0,0,0,0
204,38,09:50:15,4,-0.0066985645933013,2909423.0,-0.0064593301435406,-0.0066985645933013,9.99557875390288e-07,-0.0071770334928229,3.095804492110842e-07,-0.0076555023923444,1.9348778075692766e-07,-0.0081339712918659,8.184533126018038e-06,-0.0086124401913875,1.3544144652984934e-05,-0.0062200956937799,1.3760850967432693e-05,-0.0057416267942582,5.9207260911619855e-06,-0.0052631578947368,1.379567876796894e-05,-0.0047846889952152,1.449223477869388e-05,-0.0043062200956938,2.5927362621428303e-06,0,0,0,0,0
205,38,09:50:18,4,-0.0081339712918659,3425735.0,-0.0076555023923443,-0.0081339712918659,2.5153411498400597e-06,-0.0086124401913875,1.3544144652984934e-05,-0.0090909090909089,2.156285875089429e-05,-0.0095693779904305,3.5272822431987907e-05,-0.0100478468899519,3.322707612604491e-05,-0.0071770334928229,6.868816216870931e-06,-0.0066985645933013,1.9348778075692766e-07,-0.0062200956937799,6.240754880533944e-06,-0.0057416267942582,6.094865093843221e-06,-0.0052631578947368,1.379567876796894e-05,0,0,0,0,0
206,38,09:50:21,4,-0.0071770334928229,3952278.0,-0.0074162679425837,-0.0076555023923444,1.3544144652984934e-07,-0.0086124401913875,1.3253912981849542e-05,-0.0090909090909089,2.169830019742413e-05,-0.0095693779904305,3.7033561236875946e-05,-0.0100478468899519,3.2917495676833824e-05,-0.0071770334928229,5.630494420026594e-06,-0.0066985645933013,1.9348778075692766e-07,-0.0052631578947368,1.3090222319329182e-05,-0.0047846889952152,2.497927249571936e-05,-0.0043062200956938,2.5927362621428303e-06,0,0,0,0,0
207,38,09:50:24,4,-0.0081339712918659,1377092.0,-0.0083732057416267,-0.0086124401913875,1.9987287752190623e-05,-0.0090909090909089,2.1601556307045672e-05,-0.0095693779904305,3.627895889192393e-05,-0.0100478468899519,3.2917495676833824e-05,-0.0105263157894736,1.0738571832009485e-05,-0.0081339712918659,3.8349278146023054e-06,-0.0076555023923444,2.03162169794774e-06,-0.0071770334928229,3.9664995055170165e-06,-0.0066985645933013,3.289292272867769e-06,-0.0062200956937799,2.573387484067137e-06,1,0,0,0,0
208,38,09:50:27,4,-0.0076555023923444,2651657.0,-0.0081339712918661,-0.0086124401913875,4.4604738097894526e-06,-0.0090909090909089,2.117588318938043e-05,-0.0095693779904305,3.627895889192393e-05,-0.0100478468899519,3.2917495676833824e-05,-0.0105263157894736,1.0545084051252555e-05,-0.0076555023923444,1.5904695578219452e-06,-0.0071770334928229,1.4550281112920956e-05,-0.0066985645933013,1.085466450046364e-05,-0.0062200956937799,3.908453171289938e-06,-0.0057416267942582,1.5672510241311135e-06,0,0,0,0,0
209,38,09:50:30,4,-0.0071770334928229,4744655.0,-0.0074162679425837,-0.0076555023923444,2.341202147158824e-06,-0.0081339712918659,1.0293549936268547e-05,-0.0086124401913875,3.914838268054917e-06,-0.0090909090909089,2.117588318938043e-05,-0.0095693779904305,3.535021754429068e-05,-0.0071770334928229,5.804633422707829e-07,-0.0066985645933013,1.1222291283901802e-06,-0.0057416267942582,1.7026924706609631e-06,-0.0052631578947368,1.322566376585903e-05,-0.0047846889952152,2.7765496538619116e-05,0,0,0,0,0
210,38,09:50:33,4,-0.0090909090909089,3177320.0,-0.0088516746411482,-0.0090909090909089,1.278489860129475e-05,-0.0095693779904305,4.210294109270745e-05,-0.0100478468899519,3.2685310339925514e-05,-0.0105263157894736,9.829179262451924e-06,-0.011004784688995,1.6570680519584795e-05,-0.0086124401913875,8.319974572547888e-07,-0.0081339712918659,2.844270377126836e-06,-0.0076555023923444,3.4634312755490046e-06,-0.0071770334928229,2.708828930596987e-07,-0.0066985645933013,7.681464896050026e-06,1,0,0,0,0
211,38,09:50:36,4,-0.0086124401913875,1951616.0,-0.0088516746411482,-0.0090909090909089,3.3813924565080674e-06,-0.0095693779904305,4.134833874775544e-05,-0.0100478468899519,3.287879812068244e-05,-0.0105263157894736,9.983969487057465e-06,-0.011004784688995,1.6570680519584795e-05,-0.0086124401913875,7.35253566876325e-07,-0.0081339712918659,2.37989970331021e-06,-0.0076555023923444,4.895240853150269e-06,-0.0071770334928229,3.676267834381625e-07,-0.0066985645933013,7.681464896050026e-06,0,0,0,0,0
212,38,09:50:39,4,-0.0076555023923444,2349833.0,-0.0083732057416267,-0.0090909090909089,2.336558440420658e-06,-0.0095693779904305,4.262535810075116e-05,-0.0100478468899519,3.287879812068244e-05,-0.0105263157894736,9.983969487057465e-06,-0.011004784688995,1.546780016927031e-05,-0.0076555023923444,2.708828930596987e-07,-0.0066985645933013,7.70081367412572e-06,-0.0062200956937799,4.256731176652408e-07,-0.0057416267942582,3.753662946684396e-06,-0.0052631578947368,1.454138067500614e-05,0,0,0,0,0
213,38,09:50:42,4,-0.0095693779904305,1419403.0,-0.0090909090909089,-0.0095693779904305,4.2465924169407445e-05,-0.0100478468899519,3.1717871436140874e-05,-0.0105263157894736,7.429930781066021e-06,-0.011004784688995,1.546780016927031e-05,-0.0114832535885166,1.0680525497782404e-05,-0.0086124401913875,6.636630879962617e-06,-0.0081339712918659,9.674389037846383e-08,-0.0076555023923444,5.611145641950901e-07,-0.0071770334928229,7.739511230277105e-07,-0.0066985645933013,7.816906342579876e-06,0,0,0,0,1
214,38,09:50:45,4,-0.0090909090909089,2038154.0,-0.0088516746411482,-0.0090909090909089,1.4511583556769572e-06,-0.0095693779904305,4.159522915600128e-05,-0.0100478468899519,3.167917387998949e-05,-0.0105263157894736,7.507325893368792e-06,-0.011004784688995,1.519691727621061e-05,-0.0086124401913875,1.0254852380117164e-06,-0.0081339712918659,6.385096764978611e-07,-0.0076555023923444,3.018409379808071e-06,-0.0071770334928229,8.706950134061743e-07,-0.0066985645933013,7.83625512065557e-06,0,0,0,0,1
215,38,09:50:48,4,-0.0081339712918659,3940263.0,-0.0088516746411482,-0.0095693779904305,1.967306359624137e-05,-0.0100478468899519,3.167917387998949e-05,-0.0105263157894736,6.636630879962617e-06,-0.011004784688995,1.5235614832361996e-05,-0.0114832535885166,1.0680525497782404e-05,-0.0081339712918659,1.141577906465873e-06,-0.0076555023923444,6.481840655357075e-06,-0.0071770334928229,3.231245938640692e-06,-0.0066985645933013,7.971696567185417e-06,-0.0062200956937799,1.4898559118283427e-06,0,0,0,0,1
216,38,09:50:51,4,-0.0095693779904305,3230704.0,-0.0098086124401912,-0.0100478468899519,2.9550808291663287e-05,-0.0105263157894736,7.197745444157708e-06,-0.011004784688995,1.5525846503497386e-05,-0.0114832535885166,1.0583781607403942e-05,-0.0119617224880382,1.0409642604722706e-05,-0.0095693779904305,7.118879824721184e-05,-0.0090909090909089,4.97263596545304e-06,-0.0086124401913875,6.385096764978611e-07,-0.0081339712918659,4.024545839744095e-06,-0.0076555023923444,6.597933323811232e-06,0,0,0,0,1
217,38,09:50:54,4,-0.0095693779904305,4597458.0,-0.0098086124401912,-0.0100478468899519,2.9318622954754973e-05,-0.0105263157894736,6.9462113291737015e-06,-0.011004784688995,1.5525846503497386e-05,-0.0114832535885166,1.0583781607403942e-05,-0.0119617224880382,1.050638649510117e-05,-0.0095693779904305,3.239449820544785e-05,-0.0090909090909089,1.3370005650303698e-05,-0.0086124401913875,1.141577906465873e-06,-0.0081339712918659,4.450218957409336e-06,-0.0076555023923444,7.468628337217407e-06,0,0,0,0,1
218,38,09:50:57,4,-0.0095693779904305,1942980.0,-0.0098086124401912,-0.0100478468899519,1.451680772685001e-05,-0.0105263157894736,6.694677214189696e-06,-0.011004784688995,1.5525846503497386e-05,-0.0114832535885166,1.0583781607403942e-05,-0.0119617224880382,1.050638649510117e-05,-0.0095693779904305,3.471635157453098e-05,-0.0090909090909089,2.033556575755309e-05,-0.0086124401913875,1.1802754626172586e-06,-0.0081339712918659,4.62435796009057e-06,-0.0076555023923444,7.468628337217407e-06,0,0,0,0,1
219,38,09:51:00,4,-0.0105263157894736,3440081.0,-0.0107655502392343,-0.011004784688995,8.231357168961216e-06,-0.0114832535885166,1.0583781607403942e-05,-0.0119617224880382,9.86787681860331e-06,-0.0124401913875596,4.194815086810191e-06,-0.0129186602870813,5.727238310405057e-06,-0.0105263157894736,3.611894449723795e-05,-0.0100478468899519,4.432805057141212e-05,-0.0095693779904305,3.655448549172179e-05,-0.0090909090909089,2.288960446354454e-05,-0.0086124401913875,1.141577906465873e-06,0,0,0,0,2
220,38,09:51:03,4,-0.0105263157894736,2492934.0,-0.011004784688995,-0.0114832535885166,5.25164534530453e-06,-0.0119617224880382,9.80983048437623e-06,-0.0124401913875596,4.194815086810191e-06,-0.0129186602870813,5.727238310405057e-06,-0.0133971291866027,1.702692470660963e-05,-0.0105263157894736,3.329402289818681e-05,-0.0100478468899519,6.170325328338422e-05,-0.0095693779904305,3.8586107189669534e-05,-0.0090909090909089,2.292830201969592e-05,-0.0086124401913875,1.141577906465873e-06,0,0,0,0,2
221,38,09:51:06,4,-0.0114832535885166,1117903.0,-0.0117224880382773,-0.0119617224880382,8.5409376181723e-06,-0.0124401913875596,4.194815086810191e-06,-0.0129186602870813,5.727238310405057e-06,-0.0133971291866027,1.702692470660963e-05,-0.0138755980861243,9.074576917499906e-06,-0.0114832535885166,1.7413900268123485e-07,-0.011004784688995,6.655979658038311e-06,-0.0105263157894736,2.9985381847243344e-05,-0.0100478468899519,6.830118660719546e-05,-0.0095693779904305,3.926331442231878e-05,0,0,0,1,2
222,38,09:51:09,4,-0.0119617224880382,1903618.0,-0.0117224880382773,-0.0119617224880382,6.625408588678716e-06,-0.0124401913875596,4.194815086810191e-06,-0.0129186602870813,5.727238310405057e-06,-0.0133971291866027,1.702692470660963e-05,-0.0138755980861243,9.074576917499906e-06,-0.0114832535885166,1.547902246055421e-07,-0.011004784688995,1.2576705749200296e-05,-0.0105263157894736,4.556114819817602e-05,-0.0100478468899519,6.844668941832466e-05,-0.0095693779904305,4.177865557215884e-05,0,0,0,1,2
223,38,09:51:12,4,-0.0119617224880382,537013.0,-0.0117224880382773,-0.0119617224880382,3.0845822008269404e-06,-0.0124401913875596,4.194815086810191e-06,-0.0129186602870813,5.727238310405057e-06,-0.0133971291866027,1.702692470660963e-05,-0.0138755980861243,9.074576917499906e-06,-0.0114832535885166,4.334126288955179e-06,-0.011004784688995,2.025817064525032e-05,-0.0105263157894736,4.925676481063334e-05,-0.0100478468899519,2.551175086836242e-05,-0.0095693779904305,4.309437248130595e-05,0,0,0,1,2
224,38,09:51:15,4,-0.0119617224880382,2071027.0,-0.0122009569377989,-0.0129186602870813,2.906573442530567e-06,-0.0133971291866027,1.702692470660963e-05,-0.0138755980861243,9.074576917499906e-06,-0.0143540669856457,2.662391863215324e-05,-0.0148325358851674,1.099010594699349e-05,-0.0114832535885166,2.302504591007439e-06,-0.011004784688995,2.016142675487186e-05,-0.0105263157894736,4.950829892561734e-05,-0.0100478468899519,2.438952173997224e-05,-0.0095693779904305,3.874089741427508e-05,0,0,0,1,2
225,38,09:51:18,4,-0.0124401913875596,4611120.0,-0.013157894736842,-0.0143540669856457,2.148140039519562e-05,-0.0148325358851674,1.099010594699349e-05,-0.015311004784689,9.17132080787837e-06,-0.0157894736842104,8.939135470970056e-06,-0.016267942583732,9.210018364029755e-06,-0.0119617224880382,1.4898559118283427e-06,-0.0114832535885166,5.224170080437046e-06,-0.011004784688995,2.0683843762915563e-05,-0.0105263157894736,5.7267158933970144e-05,-0.0100478468899519,2.061651001521215e-05,1,0,0,2,2
226,38,09:51:21,4,-0.0124401913875596,1232091.0,-0.0129186602870811,-0.0133971291866027,1.9348778075692766e-07,-0.0138755980861243,3.869755615138553e-06,-0.0143540669856457,2.0823541940622065e-05,-0.0148325358851674,1.099010594699349e-05,-0.015311004784689,9.17132080787837e-06,-0.0124401913875596,3.869755615138552e-08,-0.0119617224880382,9.86787681860331e-06,-0.0114832535885166,7.623418561822949e-06,-0.011004784688995,2.0471007204082943e-05,-0.0105263157894736,5.7267158933970144e-05,0,0,0,2,2
227,38,09:51:24,4,-0.0143540669856457,1515385.0,-0.0136363636363634,-0.0143540669856457,1.83275495688577e-05,-0.0148325358851674,1.099010594699349e-05,-0.015311004784689,9.268064698256831e-06,-0.0157894736842104,8.939135470970056e-06,-0.016267942583732,9.210018364029755e-06,-0.0129186602870813,9.093925695575598e-07,-0.0124401913875596,1.1589918067339964e-05,-0.0119617224880382,1.4472886000618188e-05,-0.0114832535885166,8.706950134061744e-06,-0.011004784688995,1.989054386181216e-05,0,0,1,2,2
228,38,09:51:27,4,-0.0129186602870813,1183035.0,-0.0133971291866029,-0.0138755980861243,2.3218533690831317e-07,-0.0143540669856457,1.1149152902775684e-05,-0.0148325358851674,1.099010594699349e-05,-0.015311004784689,9.074576917499906e-06,-0.0157894736842104,8.939135470970056e-06,-0.0129186602870813,1.3350656872228009e-06,-0.0124401913875596,1.2924983754562766e-05,-0.0119617224880382,1.961966096875246e-05,-0.0114832535885166,4.527614069712106e-06,-0.011004784688995,1.867157084304352e-05,0,0,1,2,2
229,38,09:51:30,4,-0.0138755980861243,2447356.0,-0.0136363636363634,-0.0138755980861243,2.0896680321748184e-06,-0.0143540669856457,3.250594716716384e-06,-0.0148325358851674,4.299685463980446e-06,-0.015311004784689,8.784345246364515e-06,-0.0157894736842104,8.939135470970056e-06,-0.0133971291866027,1.6446461364338848e-06,-0.0129186602870813,3.521477609776083e-06,-0.0124401913875596,1.435679333216403e-05,-0.0119617224880382,2.050970476023433e-05,-0.0114832535885166,4.62435796009057e-06,0,0,1,2,2
230,38,09:51:33,4,-0.0143540669856457,805844.0,-0.0136363636363634,-0.0138755980861243,3.869755615138553e-06,-0.0143540669856457,1.373956731154943e-06,-0.0148325358851674,4.028802570920747e-06,-0.015311004784689,8.784345246364515e-06,-0.0157894736842104,8.939135470970056e-06,-0.0133971291866027,2.457294815612981e-06,-0.0129186602870813,6.904998431872476e-06,-0.0124401913875596,1.4550281112920956e-05,-0.0119617224880382,2.1670631444775893e-05,-0.0114832535885166,4.430870179333643e-06,0,0,0,2,2
231,38,09:51:36,4,-0.0143540669856457,2563568.0,-0.0145933014354067,-0.0148325358851674,2.2874125441083983e-06,-0.015311004784689,8.397369684850658e-06,-0.0157894736842104,8.939135470970056e-06,-0.016267942583732,9.577645147467915e-06,-0.0167464114832535,1.931008051954138e-05,-0.0143540669856457,7.507132405588035e-06,-0.0138755980861243,2.283155812931746e-06,-0.0133971291866027,4.392172623182257e-06,-0.0129186602870813,9.536432250166692e-06,-0.0124401913875596,1.4743768893677885e-05,0,0,1,2,2
232,38,09:51:39,4,-0.0143540669856457,683897.0,-0.0145933014354067,-0.0148325358851674,1.8423906483674648e-06,-0.015311004784689,8.397369684850658e-06,-0.0157894736842104,8.842391580591592e-06,-0.016267942583732,9.59699392554361e-06,-0.0167464114832535,1.929073174146569e-05,-0.0143540669856457,6.326856942970776e-06,-0.0138755980861243,1.302172764494123e-05,-0.0133971291866027,5.714081141313587e-06,-0.0129186602870813,1.7411384926973647e-05,-0.0124401913875596,1.3776329989893248e-05,0,0,1,2,2
233,38,09:51:42,4,-0.0143540669856457,895903.0,-0.0148325358851674,-0.015311004784689,6.969816838426047e-06,-0.0157894736842104,8.842391580591592e-06,-0.016267942583732,9.59699392554361e-06,-0.0167464114832535,1.9387475631844148e-05,-0.0172248803827751,1.89811512922546e-05,-0.0143540669856457,1.6057550925017424e-06,-0.0138755980861243,2.457294815612981e-05,-0.0133971291866027,6.313893261660062e-06,-0.0129186602870813,1.7798360488487502e-05,-0.0124401913875596,1.3195866647622464e-05,0,0,1,2,2
234,38,09:51:45,4,-0.0157894736842104,2212738.0,-0.0150717703349281,-0.0157894736842104,1.7843443141403866e-06,-0.016267942583732,9.59699392554361e-06,-0.0167464114832535,1.9387475631844148e-05,-0.0172248803827751,1.89811512922546e-05,-0.0177033492822965,1.5440324904402825e-05,-0.0143540669856457,9.287413476332526e-06,-0.0138755980861243,3.244770734515601e-05,-0.0133971291866027,6.720217601249611e-06,-0.0129186602870813,1.7662919041957654e-05,-0.0124401913875596,1.3176517869546773e-05,0,1,1,2,2
235,38,09:51:48,4,-0.0148325358851674,391137.0,-0.0150717703349281,-0.015311004784689,1.9348778075692766e-07,-0.0157894736842104,1.3199736403237603e-06,-0.016267942583732,9.59699392554361e-06,-0.0167464114832535,2.0064682864493395e-05,-0.0172248803827751,1.89811512922546e-05,-0.0148325358851674,8.184533126018038e-06,-0.0143540669856457,1.1454476620810116e-05,-0.0138755980861243,3.745904086676043e-05,-0.0133971291866027,6.720217601249611e-06,-0.0129186602870813,1.729529225851949e-05,0,1,2,2,2
236,38,09:51:51,4,-0.015311004784689,1971474.0,-0.0157894736842104,-0.016267942583732,5.460612148522012e-06,-0.0167464114832535,2.025817064525032e-05,-0.0172248803827751,1.89811512922546e-05,-0.0177033492822965,1.6427112586263155e-05,-0.0181818181818181,1.8303944059605352e-05,-0.015311004784689,2.186411922553282e-06,-0.0148325358851674,3.50212883170039e-06,-0.0143540669856457,1.261540330535168e-05,-0.0138755980861243,3.774927253789582e-05,-0.0133971291866027,6.758915157400996e-06,1,1,2,2,2
237,38,09:51:54,4,-0.0157894736842104,654207.0,-0.0160287081339712,-0.016267942583732,4.802753693948457e-06,-0.0167464114832535,2.039361209178017e-05,-0.0172248803827751,1.89811512922546e-05,-0.0177033492822965,1.6427112586263155e-05,-0.0181818181818181,1.8303944059605352e-05,-0.0157894736842104,1.9348778075692766e-07,-0.015311004784689,9.093925695575598e-07,-0.0148325358851674,5.398309083118281e-06,-0.0143540669856457,2.247941036833985e-05,-0.0138755980861243,3.7188157973700734e-05,2,2,2,2,2
238,38,09:51:57,4,-0.0157894736842104,1003620.0,-0.0162679425837318,-0.0167464114832535,2.0455915157183903e-05,-0.0172248803827751,1.8787663511497676e-05,-0.0177033492822965,1.681408814777701e-05,-0.0181818181818181,1.772348071733457e-05,-0.0186602870813396,1.785892216386442e-05,-0.0157894736842104,9.074576917499906e-06,-0.015311004784689,4.159987286273944e-06,-0.0148325358851674,3.656919056305932e-06,-0.0143540669856457,2.259550303679401e-05,-0.0138755980861243,3.660769463142995e-05,1,2,2,2,2
239,38,09:52:00,4,-0.016267942583732,2460609.0,-0.0165071770334928,-0.0167464114832535,1.925629091649095e-05,-0.0172248803827751,1.8787663511497676e-05,-0.0177033492822965,1.681408814777701e-05,-0.0181818181818181,1.772348071733457e-05,-0.0186602870813396,1.783957338578873e-05,-0.016267942583732,7.546023449520178e-07,-0.0157894736842104,2.186411922553282e-06,-0.0148325358851674,1.934877807569276e-08,-0.0143540669856457,2.3504895606351567e-05,-0.0138755980861243,3.515653627575299e-05,2,2,2,2,2
240,38,09:52:03,4,-0.016267942583732,2974877.0,-0.0165071770334928,-0.0167464114832535,1.770838867043553e-05,-0.0172248803827751,1.8400687949983814e-05,-0.0177033492822965,1.681408814777701e-05,-0.0181818181818181,1.7916968498091498e-05,-0.0186602870813396,1.783957338578873e-05,-0.016267942583732,1.547902246055421e-07,-0.0157894736842104,3.676267834381625e-07,-0.015311004784689,1.625297358358192e-06,-0.0143540669856457,2.145392513032813e-05,-0.0138755980861243,3.40730047035142e-05,2,2,2,2,2
241,38,09:52:06,4,-0.0143540669856457,2850548.0,-0.0155502392344497,-0.0157894736842104,9.480901257089452e-07,-0.016267942583732,1.5111395677116048e-05,-0.0167464114832535,1.7766435004662607e-05,-0.0172248803827751,1.8400687949983814e-05,-0.0177033492822965,1.687213448200409e-05,-0.015311004784689,7.739511230277106e-08,-0.0143540669856457,1.2998509111250395e-05,-0.0138755980861243,3.3898865700832966e-05,-0.0133971291866027,6.404445543054305e-06,-0.0129186602870813,1.3253912981849542e-05,1,1,2,2,2
242,38,09:52:09,4,-0.016267942583732,2051743.0,-0.015311004784689,-0.016267942583732,1.5724364966553995e-05,-0.0167464114832535,1.910150069188541e-05,-0.0172248803827751,1.8400687949983814e-05,-0.0177033492822965,1.687213448200409e-05,-0.0181818181818181,1.7820224607713036e-05,-0.0143540669856457,8.374151151159827e-06,-0.0138755980861243,2.9874319861088868e-05,-0.0133971291866027,6.404445543054305e-06,-0.0129186602870813,1.3157169091471078e-05,-0.0124401913875596,1.1454476620810116e-05,2,1,2,2,2
243,38,09:52:12,4,-0.016267942583732,1340964.0,-0.0157894736842104,-0.016267942583732,2.360550925234517e-05,-0.0167464114832535,2.159749306364977e-05,-0.0172248803827751,1.87102683991949e-05,-0.0177033492822965,1.81878513911512e-05,-0.0181818181818181,1.7820224607713036e-05,-0.015311004784689,2.708828930596987e-07,-0.0143540669856457,7.83238536504043e-06,-0.0138755980861243,2.478559122718167e-05,-0.0133971291866027,6.365747986902919e-06,-0.0129186602870813,1.2905634976487071e-05,2,2,2,2,2
244,38,09:52:15,4,-0.0143540669856457,964478.0,-0.0150717703349281,-0.015311004784689,9.480901257089452e-07,-0.0157894736842104,2.612085040218523e-06,-0.016267942583732,2.310244102237716e-05,-0.0167464114832535,2.5254412119955708e-05,-0.0172248803827751,1.867157084304352e-05,-0.0148325358851674,3.869755615138552e-08,-0.0143540669856457,7.735641474661966e-06,-0.0138755980861243,2.006448937671264e-05,-0.0133971291866027,6.172260206145991e-06,-0.0129186602870813,1.2441264302670446e-05,2,2,2,2,2
245,38,09:52:18,4,-0.0148325358851674,852383.0,-0.0145933014354067,-0.0148325358851674,2.0896680321748184e-06,-0.015311004784689,1.7413900268123485e-07,-0.0157894736842104,4.218033620501022e-06,-0.016267942583732,2.654652351985047e-05,-0.0167464114832535,2.529310967610709e-05,-0.0143540669856457,4.775278429080974e-06,-0.0138755980861243,1.977425770557725e-05,-0.0133971291866027,6.172260206145991e-06,-0.0129186602870813,1.2441264302670446e-05,-0.0124401913875596,1.1454476620810116e-05,1,2,2,2,2
246,38,09:52:21,4,-0.0157894736842104,1526764.0,-0.0155502392344497,-0.0157894736842104,1.7413900268123485e-07,-0.016267942583732,2.7572008757862185e-05,-0.0167464114832535,2.5796177906075104e-05,-0.0172248803827751,1.903919762648168e-05,-0.0177033492822965,1.8478083062286587e-05,-0.015311004784689,2.109016810250511e-06,-0.0148325358851674,1.547902246055421e-07,-0.0143540669856457,4.291558977188655e-06,-0.0138755980861243,1.7510450670721194e-05,-0.0133971291866027,6.172260206145991e-06,1,2,2,2,2
247,38,09:52:24,4,-0.0148325358851674,1286381.0,-0.0145933014354067,-0.0148325358851674,9.287413476332526e-07,-0.015311004784689,8.12648679179096e-07,-0.0157894736842104,1.5575766350932673e-05,-0.016267942583732,2.5192109054551975e-05,-0.0167464114832535,2.672491925370836e-05,-0.0143540669856457,4.2335126429615765e-06,-0.0138755980861243,1.754914822687258e-05,-0.0133971291866027,6.191608984221684e-06,-0.0129186602870813,1.2441264302670446e-05,-0.0124401913875596,1.120294250582611e-05,1,2,2,2,2
248,38,09:52:27,4,-0.0148325358851674,1129171.0,-0.014114832535885,-0.0143540669856457,2.128365588326204e-07,-0.0148325358851674,2.1412905720807667e-05,-0.015311004784689,1.547902246055421e-07,-0.0157894736842104,1.667864670124716e-05,-0.016267942583732,3.037758157883764e-05,-0.0138755980861243,1.6132817671731868e-05,-0.0133971291866027,6.191608984221684e-06,-0.0129186602870813,1.2441264302670446e-05,-0.0124401913875596,1.120294250582611e-05,-0.0119617224880382,9.693737815922074e-06,1,2,2,2,2
249,38,09:52:30,4,-0.0148325358851674,1666837.0,-0.0143540669856457,-0.0148325358851674,1.0569076536066416e-05,-0.015311004784689,1.3350656872228009e-06,-0.0157894736842104,2.9158608560068997e-05,-0.016267942583732,3.4092546969370646e-05,-0.0167464114832535,2.800193860670408e-05,-0.0138755980861243,1.5707144554066627e-05,-0.0133971291866027,6.191608984221684e-06,-0.0129186602870813,1.2441264302670446e-05,-0.0124401913875596,1.1009454725069182e-05,-0.0119617224880382,9.693737815922074e-06,1,2,2,2,2
250,38,09:52:33,4,-0.0148325358851674,1910748.0,-0.0150717703349281,-0.015311004784689,1.3010118378095814e-06,-0.0157894736842104,3.357012996132694e-05,-0.016267942583732,3.416994208167342e-05,-0.0167464114832535,2.8253472721688087e-05,-0.0172248803827751,1.89811512922546e-05,-0.0148325358851674,5.224170080437046e-06,-0.0143540669856457,6.269004096524455e-06,-0.0138755980861243,1.5707144554066627e-05,-0.0133971291866027,5.978772425389064e-06,-0.0129186602870813,1.2363869190367676e-05,2,2,2,2,2
251,38,09:52:36,4,-0.015311004784689,1260291.0,-0.0150717703349281,-0.015311004784689,8.745647690213128e-06,-0.0157894736842104,2.9216654894296076e-05,-0.016267942583732,3.416994208167342e-05,-0.0167464114832535,2.8466309280520707e-05,-0.0172248803827751,1.89811512922546e-05,-0.0148325358851674,4.813202034109332e-06,-0.0143540669856457,7.507325893368792e-06,-0.0138755980861243,1.5707144554066627e-05,-0.0133971291866027,5.978772425389064e-06,-0.0129186602870813,1.2363869190367676e-05,2,2,2,2,2
252,38,09:52:39,4,-0.0148325358851674,1641172.0,-0.0150717703349281,-0.015311004784689,9.38415736671099e-06,-0.0157894736842104,3.1286974148395195e-05,-0.016267942583732,3.612416866731839e-05,-0.0167464114832535,2.8891982398185948e-05,-0.0172248803827751,1.8787663511497676e-05,-0.0148325358851674,1.3157169091471078e-06,-0.0143540669856457,1.361689605854954e-05,-0.0138755980861243,1.5707144554066627e-05,-0.0133971291866027,6.346399208827226e-06,-0.0129186602870813,1.2363869190367676e-05,2,2,2,2,2
253,38,09:52:42,4,-0.0143540669856457,1966642.0,-0.014114832535885,-0.0143540669856457,2.3682904364647945e-07,-0.0148325358851674,8.726298912137435e-06,-0.015311004784689,1.2286474078064903e-05,-0.0157894736842104,3.370557140785679e-05,-0.016267942583732,3.656919056305932e-05,-0.0138755980861243,1.508798365564446e-05,-0.0133971291866027,6.346399208827226e-06,-0.0129186602870813,1.1396430286583035e-05,-0.0124401913875596,1.1009454725069182e-05,-0.0119617224880382,1.0796618166236562e-05,2,2,2,2,2
254,38,09:52:45,4,-0.0148325358851674,1730828.0,-0.0143540669856457,-0.0148325358851674,2.1404392258454363e-05,-0.015311004784689,1.5788602909765294e-05,-0.0157894736842104,3.598872722078854e-05,-0.016267942583732,3.5737193105804534e-05,-0.0167464114832535,2.968528229928935e-05,-0.0138755980861243,4.213970377105127e-06,-0.0133971291866027,6.346399208827226e-06,-0.0129186602870813,1.1396430286583035e-05,-0.0124401913875596,1.0815966944312257e-05,-0.0119617224880382,1.0796618166236562e-05,2,2,2,2,2
255,38,09:52:48,4,-0.0138755980861243,1334878.0,-0.0136363636363634,-0.0138755980861243,9.326111032483912e-06,-0.0143540669856457,1.1802754626172586e-06,-0.0148325358851674,2.5607140344275583e-05,-0.015311004784689,2.333462635928547e-05,-0.0157894736842104,3.6162866223469774e-05,-0.0133971291866027,4.4115214012579495e-06,-0.0129186602870813,1.1899498516551049e-05,-0.0124401913875596,1.0815966944312257e-05,-0.0119617224880382,1.0699874275858098e-05,-0.0114832535885166,2.08579827655968e-05,2,2,2,2,2
256,38,09:52:51,4,-0.0138755980861243,1241188.0,-0.0133971291866029,-0.0138755980861243,3.976173894554863e-05,-0.0143540669856457,5.978772425389064e-06,-0.0148325358851674,2.8664247280235044e-05,-0.015311004784689,2.8597493995873905e-05,-0.0157894736842104,3.6162866223469774e-05,-0.0129186602870813,9.59699392554361e-06,-0.0124401913875596,1.0815966944312257e-05,-0.0119617224880382,1.050638649510117e-05,-0.0114832535885166,2.08579827655968e-05,-0.011004784688995,9.287413476332526e-06,2,2,2,2,2
257,38,09:52:54,4,-0.0133971291866027,1101095.0,-0.013157894736842,-0.0133971291866027,2.51534114984006e-07,-0.0138755980861243,5.18547252428566e-05,-0.0143540669856457,1.646581014241454e-05,-0.0148325358851674,3.203093466540558e-05,-0.015311004784689,2.9216654894296076e-05,-0.0129186602870813,4.779148184696112e-06,-0.0124401913875596,1.0815966944312257e-05,-0.0119617224880382,1.0545084051252555e-05,-0.0114832535885166,2.08579827655968e-05,-0.011004784688995,9.287413476332526e-06,2,2,2,2,2
258,38,09:52:57,4,-0.0129186602870813,2120845.0,-0.0126794258373206,-0.0129186602870813,4.052214592392335e-06,-0.0133971291866027,6.772072326492467e-07,-0.0138755980861243,4.788822573733959e-05,-0.0143540669856457,1.7762178273485957e-05,-0.0148325358851674,3.700357063085862e-05,-0.0124401913875596,8.494113575229124e-06,-0.0119617224880382,1.0545084051252555e-05,-0.0114832535885166,2.079993643136972e-05,-0.011004784688995,9.287413476332526e-06,-0.0105263157894736,1.8265246503453966e-05,2,2,2,2,2
259,38,09:53:00,4,-0.0129186602870813,530311.0,-0.0126794258373206,-0.0129186602870813,1.2449584277242994e-05,-0.0133971291866027,7.275140556460479e-06,-0.0138755980861243,5.009398643796856e-05,-0.0143540669856457,2.043230964793156e-05,-0.0148325358851674,3.4827800536246976e-05,-0.0124401913875596,6.172260206145991e-06,-0.0119617224880382,1.0545084051252555e-05,-0.0114832535885166,2.0703192540991256e-05,-0.011004784688995,9.67438903784638e-06,-0.0105263157894736,1.8265246503453966e-05,2,2,2,2,2
260,38,09:53:03,4,-0.0124401913875596,5525472.0,-0.0122009569377989,-0.0124401913875596,3.2892922728677695e-07,-0.0129186602870813,5.804633422707829e-07,-0.0133971291866027,3.095804492110842e-06,-0.0138755980861243,3.3694542604353646e-05,-0.0143540669856457,1.449223477869388e-05,-0.0119617224880382,3.7149653905330095e-06,-0.0114832535885166,2.0703192540991256e-05,-0.011004784688995,1.0003318265133158e-05,-0.0105263157894736,1.8265246503453966e-05,-0.0100478468899519,9.10398706017496e-06,2,2,2,2,2
261,38,09:53:06,4,-0.0114832535885166,1073593.0,-0.0117224880382773,-0.0119617224880382,3.173199604413613e-06,-0.0124401913875596,4.643706738166263e-07,-0.0129186602870813,1.1028803503144874e-06,-0.0133971291866027,6.365747986902919e-06,-0.0138755980861243,2.042128084442841e-05,-0.0114832535885166,1.8381339171908125e-05,-0.011004784688995,1.0003318265133158e-05,-0.0105263157894736,1.6330368695884693e-05,-0.0100478468899519,9.10398706017496e-06,-0.0095693779904305,4.00179167672708e-05,2,2,2,2,2
262,38,09:53:09,4,-0.0119617224880382,999558.0,-0.0117224880382773,-0.0119617224880382,3.927801949365631e-06,-0.0124401913875596,4.97263596545304e-06,-0.0129186602870813,2.9410142675053e-06,-0.0133971291866027,7.83625512065557e-06,-0.0138755980861243,2.2801180547738626e-05,-0.0114832535885166,1.6485158920490234e-05,-0.011004784688995,9.964620708981772e-06,-0.0105263157894736,1.6330368695884693e-05,-0.0100478468899519,9.10398706017496e-06,-0.0095693779904305,3.9205268088091706e-05,2,2,2,2,2
263,38,09:53:12,4,-0.0114832535885166,605225.0,-0.0117224880382773,-0.0119617224880382,2.341202147158824e-06,-0.0124401913875596,9.73243537207346e-06,-0.0129186602870813,4.895240853150269e-06,-0.0133971291866027,9.055228139424213e-06,-0.0138755980861243,2.134170221748912e-05,-0.0114832535885166,1.3118471535319694e-05,-0.011004784688995,9.964620708981772e-06,-0.0105263157894736,1.6330368695884693e-05,-0.0100478468899519,9.10398706017496e-06,-0.0095693779904305,3.9205268088091706e-05,2,2,2,2,2
264,38,09:53:15,4,-0.0124401913875596,1672799.0,-0.0117224880382773,-0.0119617224880382,1.9348778075692766e-07,-0.0124401913875596,1.1357732730431653e-05,-0.0129186602870813,5.475704195421052e-06,-0.0133971291866027,1.1957544850778128e-05,-0.0138755980861243,2.376029947695071e-05,-0.0114832535885166,9.442203700938067e-06,-0.011004784688995,9.771132928224844e-06,-0.0105263157894736,1.6330368695884693e-05,-0.0100478468899519,9.10398706017496e-06,-0.0095693779904305,3.914722175386462e-05,2,2,2,2,2
265,38,09:53:18,4,-0.011004784688995,1799396.0,-0.0112440191387559,-0.0114832535885166,1.354414465298493e-06,-0.0119617224880382,3.3860361632462336e-06,-0.0124401913875596,1.1570569289264271e-05,-0.0129186602870813,6.191608984221684e-06,-0.0133971291866027,1.1957544850778128e-05,-0.011004784688995,7.00425766340078e-06,-0.0105263157894736,1.6427112586263155e-05,-0.0100478468899519,9.60705529014297e-06,-0.0095693779904305,3.876024619235077e-05,-0.0090909090909089,3.85040683706286e-06,2,2,2,2,2
266,38,09:53:21,4,-0.0114832535885166,2230026.0,-0.011004784688995,-0.0114832535885166,3.792360502835781e-06,-0.0119617224880382,4.218033620501022e-06,-0.0124401913875596,1.2499310636897524e-05,-0.0129186602870813,6.191608984221684e-06,-0.0133971291866027,1.2151032631535057e-05,-0.0105263157894736,1.1957544850778128e-05,-0.0100478468899519,9.819891848975591e-06,-0.0095693779904305,3.876024619235077e-05,-0.0090909090909089,3.85040683706286e-06,-0.0086124401913875,1.1609266845415657e-07,2,2,2,2,2
267,38,09:53:24,4,-0.0105263157894736,278970.0,-0.0107655502392343,-0.011004784688995,3.6956166124573177e-06,-0.0114832535885166,1.3776329989893248e-05,-0.0119617224880382,6.036818759616142e-06,-0.0124401913875596,1.2344520412291982e-05,-0.0129186602870813,6.191608984221684e-06,-0.0105263157894736,8.203881904093731e-06,-0.0100478468899519,8.600918830206946e-06,-0.0095693779904305,3.885699008272923e-05,-0.0090909090909089,3.85040683706286e-06,-0.0086124401913875,1.1609266845415657e-07,1,2,2,2,2
268,38,09:53:27,4,-0.0105263157894736,489995.0,-0.0107655502392343,-0.011004784688995,1.954226585644969e-06,-0.0114832535885166,1.8400687949983814e-05,-0.0119617224880382,1.1048152281220569e-05,-0.0124401913875596,1.1996242406929512e-05,-0.0129186602870813,6.191608984221684e-06,-0.0105263157894736,6.0561675376918345e-06,-0.0100478468899519,8.600918830206946e-06,-0.0095693779904305,3.885699008272923e-05,-0.0090909090909089,3.85040683706286e-06,-0.0086124401913875,1.1609266845415657e-07,2,2,2,2,2
269,38,09:53:30,4,-0.011004784688995,2126776.0,-0.0107655502392343,-0.011004784688995,1.934877807569276e-08,-0.0114832535885166,2.6720662522531704e-05,-0.0119617224880382,1.1841452182323973e-05,-0.0124401913875596,1.1783405848096892e-05,-0.0129186602870813,6.926862551098009e-06,-0.0105263157894736,1.1222291283901802e-06,-0.0100478468899519,8.794406610963875e-06,-0.0095693779904305,3.89537339731077e-05,-0.0090909090909089,5.166123746209968e-06,-0.0086124401913875,1.1609266845415657e-07,2,2,2,2,2
270,38,09:53:33,4,-0.0105263157894736,326747.0,-0.0102870813397127,-0.0105263157894736,1.7607388048880415e-06,-0.011004784688995,1.0061364599360235e-06,-0.0114832535885166,2.822986721243574e-05,-0.0119617224880382,1.1938196072702436e-05,-0.0124401913875596,1.1686661957718428e-05,-0.0100478468899519,8.639616386358332e-06,-0.0095693779904305,3.89537339731077e-05,-0.0090909090909089,5.069379855831504e-06,-0.0086124401913875,1.1609266845415657e-07,-0.0081339712918659,1.6833436925852705e-06,1,2,2,2,2
271,38,09:53:36,4,-0.0100478468899519,460824.0,-0.0102870813397127,-0.0105263157894736,1.0568302584943386e-05,-0.011004784688995,3.947150727441323e-06,-0.0114832535885166,6.866881339063362e-05,-0.0119617224880382,9.790481706300536e-06,-0.0124401913875596,1.1647964401567044e-05,-0.0100478468899519,8.175245712541705e-06,-0.0095693779904305,3.817978285007999e-05,-0.0090909090909089,5.069379855831504e-06,-0.0086124401913875,1.1609266845415657e-07,-0.0081339712918659,1.6833436925852705e-06,1,2,2,2,2
272,38,09:53:39,4,-0.0100478468899519,1536841.0,-0.0102870813397127,-0.0105263157894736,5.866549512550046e-06,-0.011004784688995,6.752723548416774e-06,-0.0114832535885166,6.957820596019118e-05,-0.0119617224880382,9.59699392554361e-06,-0.0124401913875596,1.0874013278539333e-05,-0.0100478468899519,2.080380618698486e-06,-0.0095693779904305,3.8373270630836914e-05,-0.0090909090909089,5.069379855831504e-06,-0.0086124401913875,1.1609266845415657e-07,-0.0081339712918659,1.6833436925852705e-06,2,2,2,2,2
273,38,09:53:42,4,-0.0100478468899519,1775465.0,-0.0098086124401912,-0.0100478468899519,5.66919197617798e-06,-0.0105263157894736,1.639228478572691e-05,-0.011004784688995,1.112554739352334e-05,-0.0114832535885166,6.890099872754193e-05,-0.0119617224880382,9.364808588635297e-06,-0.0095693779904305,2.9502242858693296e-05,-0.0090909090909089,5.069379855831504e-06,-0.0086124401913875,1.1609266845415657e-07,-0.0081339712918659,1.6833436925852705e-06,-0.0076555023923444,1.0332247492419937e-05,1,2,1,2,2
274,38,09:53:45,4,-0.0100478468899519,2722400.0,-0.0098086124401912,-0.0100478468899519,1.7026924706609631e-06,-0.0105263157894736,2.405440090370124e-05,-0.011004784688995,9.422854922862376e-06,-0.0114832535885166,6.905578895214746e-05,-0.0119617224880382,8.242579460245117e-06,-0.0095693779904305,3.846072710773904e-05,-0.0090909090909089,5.069379855831504e-06,-0.0086124401913875,1.1609266845415657e-07,-0.0081339712918659,7.487977115293099e-06,-0.0076555023923444,1.0332247492419937e-05,2,2,2,2,2
275,38,09:53:48,4,-0.0100478468899519,1094418.0,-0.0098086124401912,-0.0100478468899519,3.9664995055170165e-06,-0.0105263157894736,4.320969119863708e-05,-0.011004784688995,9.73243537207346e-06,-0.0114832535885166,7.010062296823488e-05,-0.0119617224880382,8.242579460245117e-06,-0.0095693779904305,3.519078361294697e-05,-0.0090909090909089,5.069379855831504e-06,-0.0086124401913875,1.1609266845415657e-07,-0.0081339712918659,7.487977115293099e-06,-0.0076555023923444,1.0254852380117164e-05,2,2,2,2,2
276,38,09:53:51,4,-0.0095693779904305,2624501.0,-0.0098086124401912,-0.0100478468899519,7.797557564504183e-06,-0.0105263157894736,4.10232792760838e-05,-0.011004784688995,7.507325893368792e-06,-0.0114832535885166,7.174526910466876e-05,-0.0119617224880382,9.59699392554361e-06,-0.0095693779904305,1.5842005537254207e-05,-0.0090909090909089,5.069379855831504e-06,-0.0086124401913875,1.1609266845415657e-07,-0.0081339712918659,7.487977115293099e-06,-0.0076555023923444,1.0254852380117164e-05,2,2,2,2,2
277,38,09:53:54,4,-0.0100478468899519,2676230.0,-0.0093301435406698,-0.0095693779904305,2.708828930596987e-07,-0.0100478468899519,2.9410142675053e-06,-0.0105263157894736,4.346122531362108e-05,-0.011004784688995,6.617282101886925e-06,-0.0114832535885166,7.03134595270675e-05,-0.0090909090909089,3.8264143522490005e-06,-0.0086124401913875,1.547902246055421e-07,-0.0081339712918659,7.487977115293099e-06,-0.0076555023923444,1.0254852380117164e-05,-0.0071770334928229,6.8107698826438525e-06,2,2,2,2,2
278,38,09:53:57,4,-0.0095693779904305,438868.0,-0.0093301435406698,-0.0095693779904305,6.191608984221684e-06,-0.0100478468899519,1.1822103404248278e-05,-0.0105263157894736,4.4622151998162646e-05,-0.011004784688995,6.423794321129997e-06,-0.0114832535885166,6.427664076745135e-05,-0.0090909090909089,3.2846485661296037e-06,-0.0086124401913875,1.547902246055421e-07,-0.0081339712918659,8.513462353304815e-06,-0.0076555023923444,1.0254852380117164e-05,-0.0071770334928229,6.8107698826438525e-06,2,2,2,2,2
279,38,09:54:00,4,-0.0090909090909089,676579.0,-0.0088516746411482,-0.0090909090909089,1.7266849554748222e-06,-0.0095693779904305,5.839461223244076e-05,-0.0100478468899519,1.7317156377745023e-05,-0.0105263157894736,4.55508933457959e-05,-0.011004784688995,6.0561675376918345e-06,-0.0086124401913875,1.547902246055421e-07,-0.0081339712918659,8.513462353304815e-06,-0.0076555023923444,1.0254852380117164e-05,-0.0071770334928229,6.8107698826438525e-06,-0.0066985645933013,2.8423354993192667e-05,2,2,2,2,2
280,38,09:54:03,4,-0.0090909090909089,300360.0,-0.0086124401913875,-0.0090909090909089,1.6857429410666562e-05,-0.0095693779904305,6.400575787439166e-05,-0.0100478468899519,1.9484219522222613e-05,-0.0105263157894736,4.659572736188331e-05,-0.011004784688995,5.53375052964813e-06,-0.0081339712918659,8.087789235639574e-06,-0.0076555023923444,8.900437914818671e-06,-0.0071770334928229,6.8107698826438525e-06,-0.0066985645933013,2.8423354993192667e-05,-0.0062200956937799,1.5865998022068066e-06,2,1,2,2,2
281,38,09:54:06,4,-0.0086124401913875,167777.0,-0.0083732057416267,-0.0086124401913875,3.869755615138552e-08,-0.0090909090909089,2.453889430671659e-05,-0.0095693779904305,7.203550077580415e-05,-0.0100478468899519,2.130300466133773e-05,-0.0105263157894736,4.651833224958054e-05,-0.0081339712918659,8.087789235639574e-06,-0.0076555023923444,8.900437914818671e-06,-0.0071770334928229,6.8107698826438525e-06,-0.0066985645933013,2.8423354993192667e-05,-0.0062200956937799,1.5865998022068066e-06,1,1,2,2,2
282,38,09:54:09,4,-0.0090909090909089,948673.0,-0.0086124401913875,-0.0090909090909089,2.796362802611421e-05,-0.0095693779904305,7.787883175466337e-05,-0.0100478468899519,2.134170221748912e-05,-0.0105263157894736,4.752446870951657e-05,-0.011004784688995,5.127426190058582e-06,-0.0081339712918659,8.532811131380508e-06,-0.0076555023923444,8.900437914818671e-06,-0.0071770334928229,6.8107698826438525e-06,-0.0066985645933013,2.8423354993192667e-05,-0.0062200956937799,1.5865998022068066e-06,2,1,2,2,2
283,38,09:54:12,4,-0.0081339712918659,1054432.0,-0.0083732057416267,-0.0086124401913875,1.8574826952665047e-06,-0.0090909090909089,3.218166164661523e-05,-0.0095693779904305,7.80529707573446e-05,-0.0100478468899519,2.182542166938144e-05,-0.0105263157894736,4.66344249180347e-05,-0.0081339712918659,7.99104534526111e-06,-0.0076555023923444,8.900437914818671e-06,-0.0071770334928229,6.752723548416774e-06,-0.0066985645933013,2.8423354993192667e-05,-0.0062200956937799,1.5865998022068066e-06,2,1,2,2,2
284,38,09:54:15,4,-0.0081339712918659,879048.0,-0.0078947368421051,-0.0081339712918659,6.269004096524455e-06,-0.0086124401913875,1.0951408390842103e-05,-0.0090909090909089,3.111747885245213e-05,-0.0095693779904305,9.03587936134852e-05,-0.0100478468899519,1.772348071733457e-05,-0.0076555023923444,5.553099307723823e-06,-0.0071770334928229,6.752723548416774e-06,-0.0066985645933013,2.8423354993192667e-05,-0.0062200956937799,1.5865998022068066e-06,-0.0057416267942582,5.998121203464756e-06,2,1,2,2,2
285,38,09:54:18,4,-0.0081339712918659,999835.0,-0.0078947368421051,-0.0081339712918659,1.2068026373590334e-05,-0.0086124401913875,1.625297358358192e-05,-0.0090909090909089,2.9085857154504388e-05,-0.0095693779904305,9.14036276295726e-05,-0.0100478468899519,1.756869049272903e-05,-0.0076555023923444,4.62435796009057e-06,-0.0071770334928229,7.023606441476473e-06,-0.0066985645933013,2.8423354993192667e-05,-0.0062200956937799,1.5865998022068066e-06,-0.0057416267942582,5.998121203464756e-06,1,1,2,2,2
286,38,09:54:21,4,-0.0081339712918659,4212095.0,-0.0083732057416267,-0.0086124401913875,1.1971282483211868e-05,-0.0090909090909089,3.059506184440843e-05,-0.0095693779904305,9.11714422926643e-05,-0.0100478468899519,1.667864670124716e-05,-0.0105263157894736,4.66344249180347e-05,-0.0081339712918659,2.283155812931746e-06,-0.0076555023923444,4.06324339589548e-07,-0.0071770334928229,7.13969910993063e-06,-0.0066985645933013,2.803637943167881e-05,-0.0062200956937799,1.5865998022068066e-06,1,2,2,2,2
287,38,09:54:24,4,-0.0076555023923444,2240167.0,-0.0076555023923443,-0.0081339712918659,2.3218533690831317e-07,-0.0086124401913875,3.01279823416612e-06,-0.0090909090909089,2.66479111169671e-05,-0.0095693779904305,9.202278852799478e-05,-0.0100478468899519,1.625297358358192e-05,-0.0071770334928229,7.526674671444484e-06,-0.0066985645933013,2.803637943167881e-05,-0.0062200956937799,1.6059485802824992e-06,-0.0057416267942582,5.030682299680119e-06,-0.0052631578947368,1.81209046190093e-05,0,1,2,2,2
288,38,09:54:27,4,-0.0076555023923444,1636971.0,-0.0074162679425837,-0.0076555023923444,3.50212883170039e-06,-0.0081339712918659,3.8117092809114736e-06,-0.0090909090909089,2.751860613037328e-05,-0.0095693779904305,9.134558129534552e-05,-0.0100478468899519,1.6136880915127766e-05,-0.0071770334928229,6.4294054667719485e-06,-0.0066985645933013,2.803637943167881e-05,-0.0062200956937799,1.6059485802824992e-06,-0.0057416267942582,5.030682299680119e-06,-0.0052631578947368,1.810155584093361e-05,0,1,2,2,2
289,38,09:54:30,4,-0.0076555023923444,2792255.0,-0.006937799043062,-0.0071770334928229,4.837194518923191e-07,-0.0076555023923444,7.333186890687557e-06,-0.0081339712918659,7.197745444157708e-06,-0.0086124401913875,6.191608984221684e-07,-0.0090909090909089,2.645442333621017e-05,-0.0066985645933013,2.920291726186233e-05,-0.0062200956937799,1.6446461364338848e-06,-0.0057416267942582,5.030682299680119e-06,-0.0052631578947368,1.819829973131207e-05,-0.0047846889952152,7.752939282261636e-05,0,1,2,2,2
290,38,09:54:33,4,-0.0081339712918659,2749600.0,-0.0083732057416267,-0.0086124401913875,1.2576705749200296e-06,-0.0090909090909089,2.515805520513876e-05,-0.0095693779904305,8.745647690213128e-05,-0.0100478468899519,1.5653161463235445e-05,-0.0105263157894736,4.671182003033746e-05,-0.0081339712918659,8.494113575229124e-06,-0.0076555023923444,1.9929241417963544e-06,-0.0071770334928229,2.418597259461595e-06,-0.0066985645933013,2.920291726186233e-05,-0.0062200956937799,1.6446461364338848e-06,2,2,2,2,2
291,38,09:54:36,4,-0.0081339712918659,926595.0,-0.0083732057416267,-0.0086124401913875,5.611145641950901e-07,-0.0090909090909089,2.4867823534003365e-05,-0.0095693779904305,8.852065969629439e-05,-0.0100478468899519,1.7317156377745023e-05,-0.0105263157894736,4.69053078110944e-05,-0.0081339712918659,1.3548594871942344e-05,-0.0076555023923444,3.0571069359594564e-06,-0.0071770334928229,1.2847588642259994e-05,-0.0066985645933013,2.9222266039938024e-05,-0.0062200956937799,1.6446461364338848e-06,2,2,2,2,2
292,38,09:54:39,4,-0.0081339712918659,1480098.0,-0.0083732057416267,-0.0086124401913875,9.674389037846383e-08,-0.0090909090909089,2.368754807138611e-05,-0.0095693779904305,8.968158638083596e-05,-0.0100478468899519,1.735585393389641e-05,-0.0105263157894736,4.7098795591851326e-05,-0.0081339712918659,9.485351476046863e-06,-0.0076555023923444,2.302504591007439e-06,-0.0071770334928229,1.714301737506379e-05,-0.0066985645933013,2.908682459340817e-05,-0.0062200956937799,1.6446461364338848e-06,2,2,2,2,2
293,38,09:54:42,4,-0.0086124401913875,2127697.0,-0.0088516746411482,-0.0090909090909089,1.4651668710037589e-05,-0.0095693779904305,8.92946108193221e-05,-0.0100478468899519,1.619492724935484e-05,-0.0105263157894736,4.7098795591851326e-05,-0.011004784688995,4.97263596545304e-06,-0.0086124401913875,1.780087582963734e-06,-0.0081339712918659,5.983222644346473e-06,-0.0076555023923444,4.8565432969988834e-06,-0.0071770334928229,1.9155290294935838e-05,-0.0066985645933013,2.899008070302971e-05,2,2,2,2,2
294,38,09:54:45,4,-0.0076555023923444,1507562.0,-0.0078947368421051,-0.0081339712918659,1.6500057479608517e-05,-0.0086124401913875,1.1802754626172586e-06,-0.0090909090909089,1.4845156490794514e-05,-0.0095693779904305,7.950412911302156e-05,-0.0100478468899519,1.609818335897638e-05,-0.0076555023923444,4.4115214012579495e-06,-0.0071770334928229,2.149649244209466e-05,-0.0066985645933013,2.899008070302971e-05,-0.0062200956937799,1.6446461364338848e-06,-0.0057416267942582,5.185472524285661e-06,2,2,2,2,2
295,38,09:54:48,4,-0.0081339712918659,1546797.0,-0.0076555023923443,-0.0081339712918659,2.334952491840376e-05,-0.0086124401913875,3.8117092809114736e-06,-0.0090909090909089,1.472906382234036e-05,-0.0095693779904305,7.991045345261111e-05,-0.0100478468899519,1.619492724935484e-05,-0.0071770334928229,2.2734814238938995e-05,-0.0066985645933013,2.918356848378664e-05,-0.0062200956937799,1.6446461364338848e-06,-0.0057416267942582,5.185472524285661e-06,-0.0052631578947368,1.895290207626409e-05,2,2,2,2,2
296,38,09:54:51,4,-0.0071770334928229,1996488.0,-0.0076555023923443,-0.0081339712918659,1.531978201699126e-05,-0.0086124401913875,4.508265291636414e-06,-0.0090909090909089,1.5677153948049305e-05,-0.0095693779904305,8.004589489914095e-05,-0.0100478468899519,1.5595115129008366e-05,-0.0071770334928229,1.4318095776012644e-05,-0.0066985645933013,2.918356848378664e-05,-0.0062200956937799,1.6446461364338848e-06,-0.0057416267942582,4.605009182014878e-06,-0.0052631578947368,1.895290207626409e-05,2,2,2,2,2
297,38,09:54:54,4,-0.0071770334928229,763051.0,-0.0074162679425837,-0.0076555023923444,8.165184347942346e-06,-0.0081339712918659,1.2359418971410266e-05,-0.0086124401913875,7.101001553779244e-06,-0.0090909090909089,1.5889990506881925e-05,-0.0095693779904305,8.025873145797358e-05,-0.0071770334928229,1.400851532680156e-05,-0.0066985645933013,2.9377056264543565e-05,-0.0062200956937799,1.6446461364338848e-06,-0.0057416267942582,4.605009182014878e-06,-0.0052631578947368,1.9146389857021018e-05,1,2,2,2,2
298,38,09:54:57,4,-0.0076555023923444,1806316.0,-0.0074162679425837,-0.0076555023923444,1.954226585644969e-06,-0.0081339712918659,1.2185279968729031e-05,-0.0086124401913875,2.4747087158811044e-05,-0.0090909090909089,1.5831944172654846e-05,-0.0095693779904305,7.99298022306868e-05,-0.0071770334928229,1.2983030088789844e-05,-0.0066985645933013,2.933835870839218e-05,-0.0062200956937799,1.6639949145095776e-06,-0.0057416267942582,4.605009182014878e-06,-0.0052631578947368,1.9339877637777945e-05,2,2,2,2,2
299,38,09:55:00,4,-0.0071770334928229,1882422.0,-0.006937799043062,-0.0071770334928229,1.315329933585594e-05,-0.0076555023923444,4.62435796009057e-06,-0.0081339712918659,1.2765743310999812e-05,-0.0086124401913875,2.840400621511697e-05,-0.0090909090909089,1.5831944172654846e-05,-0.0066985645933013,2.918356848378664e-05,-0.0062200956937799,1.6639949145095776e-06,-0.0057416267942582,3.6375702782302393e-06,-0.0052631578947368,1.9339877637777945e-05,-0.0047846889952152,7.660065147498311e-05,1,2,2,2,2
300,38,09:55:03,4,-0.0071770334928229,3216329.0,-0.006937799043062,-0.0071770334928229,1.475924791613844e-05,-0.0076555023923444,1.3060425201092614e-05,-0.0081339712918659,2.408477848528008e-05,-0.0086124401913875,2.7552659979786496e-05,-0.0090909090909089,1.5870641728806232e-05,-0.0066985645933013,2.765501501580691e-05,-0.0062200956937799,1.6639949145095776e-06,-0.0057416267942582,3.6375702782302393e-06,-0.0052631578947368,1.9339877637777945e-05,-0.0047846889952152,7.640716369422617e-05,1,2,2,2,2
301,38,09:55:06,4,-0.0071770334928229,2639976.0,-0.006937799043062,-0.0071770334928229,7.05843424201272e-06,-0.0076555023923444,5.154514479364552e-05,-0.0081339712918659,2.540049539442719e-05,-0.0086124401913875,2.7630055092089265e-05,-0.0090909090909089,1.606412950956316e-05,-0.0066985645933013,1.6703606624964805e-05,-0.0062200956937799,2.283155812931746e-06,-0.0057416267942582,3.6375702782302393e-06,-0.0052631578947368,1.9339877637777945e-05,-0.0047846889952152,7.737460259801082e-05,2,2,2,2,2
302,38,09:55:09,4,-0.0066985645933013,1259237.0,-0.006937799043062,-0.0071770334928229,5.030682299680119e-07,-0.0076555023923444,5.322848848623079e-05,-0.0081339712918659,2.603900507092505e-05,-0.0086124401913875,2.801703065360312e-05,-0.0090909090909089,1.606412950956316e-05,-0.0066985645933013,1.409539134036142e-05,-0.0062200956937799,2.283155812931746e-06,-0.0057416267942582,3.6375702782302393e-06,-0.0052631578947368,1.9417272750080717e-05,-0.0047846889952152,7.71811148172539e-05,2,2,2,2,2
303,38,09:55:12,4,-0.0066985645933013,2257196.0,-0.0064593301435406,-0.0066985645933013,8.078308334382486e-06,-0.0071770334928229,3.347338607094848e-06,-0.0076555023923444,5.183537646478091e-05,-0.0081339712918659,2.603900507092505e-05,-0.0086124401913875,2.7823542872846192e-05,-0.0062200956937799,2.3218533690831315e-06,-0.0057416267942582,4.508265291636414e-06,-0.0052631578947368,1.9417272750080717e-05,-0.0047846889952152,7.71811148172539e-05,-0.0043062200956938,2.418597259461595e-06,1,2,2,2,2
304,38,09:55:15,4,-0.0066985645933013,1405457.0,-0.0064593301435406,-0.0066985645933013,2.2086823661184045e-05,-0.0071770334928229,1.3718283655666169e-05,-0.0076555023923444,5.247388614127877e-05,-0.0081339712918659,2.630988796398475e-05,-0.0086124401913875,2.7823542872846192e-05,-0.0062200956937799,2.283155812931746e-06,-0.0057416267942582,4.469567735485028e-06,-0.0052631578947368,1.94559703062321e-05,-0.0047846889952152,7.524623700968461e-05,-0.0043062200956938,2.418597259461595e-06,2,2,2,2,2
305,38,09:55:18,4,-0.0062200956937799,7178813.0,-0.0064593301435406,-0.0066985645933013,4.363342943849475e-06,-0.0071770334928229,1.783957338578873e-05,-0.0076555023923444,5.229974713859754e-05,-0.0081339712918659,2.6271190407833363e-05,-0.0086124401913875,2.770745020439204e-05,-0.0062200956937799,1.7413900268123485e-07,-0.0047846889952152,6.252518937603965e-05,-0.0043062200956938,2.418597259461595e-06,-0.0038277511961721,3.869755615138552e-08,-0.0033492822966507,1.3157169091471078e-06,2,2,2,2,2
306,38,09:55:21,4,-0.0062200956937799,309439.0,-0.005980861244019,-0.0062200956937799,2.3218533690831317e-07,-0.0066985645933013,6.1240817487375165e-06,-0.0071770334928229,1.8536129396513663e-05,-0.0076555023923444,5.272542025626278e-05,-0.0081339712918659,2.6290539185909056e-05,-0.0057416267942582,1.9348778075692766e-07,-0.0052631578947368,9.693737815922074e-06,-0.0047846889952152,6.252518937603965e-05,-0.0043062200956938,2.418597259461595e-06,-0.0038277511961721,3.869755615138552e-08,2,2,2,2,2
307,38,09:55:24,4,-0.0062200956937799,218097.0,-0.0055023923444975,-0.0057416267942582,4.643706738166263e-07,-0.0062200956937799,1.5150093233267432e-05,-0.0066985645933013,6.520538211508461e-06,-0.0071770334928229,5.359611526966895e-05,-0.0076555023923444,5.2357793472824616e-05,-0.0052631578947368,9.345459810559604e-06,-0.0047846889952152,6.252518937603965e-05,-0.0043062200956938,2.418597259461595e-06,-0.0038277511961721,3.869755615138552e-08,-0.0033492822966507,1.3157169091471078e-06,1,2,2,2,2
308,38,09:55:27,4,-0.0062200956937799,895571.0,-0.005980861244019,-0.0062200956937799,2.0625797428688484e-05,-0.0066985645933013,8.358672128699274e-06,-0.0071770334928229,5.29382568150954e-05,-0.0076555023923444,5.177733013055383e-05,-0.0081339712918659,2.6561422078968756e-05,-0.0057416267942582,3.347338607094848e-06,-0.0052631578947368,9.17132080787837e-06,-0.0047846889952152,6.252518937603965e-05,-0.0043062200956938,2.418597259461595e-06,-0.0038277511961721,3.869755615138552e-08,2,2,2,2,2
309,38,09:55:30,4,-0.0052631578947368,1022103.0,-0.0055023923444975,-0.0057416267942582,6.578584545735539e-07,-0.0062200956937799,1.7800875829637343e-05,-0.0066985645933013,1.141577906465873e-05,-0.0071770334928229,5.382830060657727e-05,-0.0076555023923444,5.164188868402398e-05,-0.0052631578947368,1.093205961276641e-05,-0.0047846889952152,6.349262827982429e-05,-0.0043062200956938,2.418597259461595e-06,-0.0038277511961721,3.869755615138552e-08,-0.0033492822966507,1.3157169091471078e-06,2,2,2,2,2
310,38,09:55:33,4,-0.0052631578947368,4470877.0,-0.0050239234449759,-0.0052631578947368,1.8961802514178909e-06,-0.0057416267942582,1.934877807569276e-08,-0.0062200956937799,2.0041464330802564e-05,-0.0066985645933013,1.2402566746519062e-05,-0.0071770334928229,5.394439327503142e-05,-0.0047846889952152,4.263464551422749e-05,-0.0043062200956938,2.418597259461595e-06,-0.0038277511961721,3.869755615138552e-08,-0.0033492822966507,1.3157169091471078e-06,-0.0028708133971291,8.12648679179096e-07,2,2,2,2,2
311,38,09:55:36,4,-0.0052631578947368,349370.0,-0.0050239234449759,-0.0052631578947368,1.3157169091471078e-06,-0.0057416267942582,4.779148184696112e-06,-0.0062200956937799,2.3137268822913405e-05,-0.0066985645933013,2.2309141121273758e-05,-0.0071770334928229,5.529880774032992e-05,-0.0047846889952152,4.07384652628096e-05,-0.0043062200956938,2.418597259461595e-06,-0.0038277511961721,3.869755615138552e-08,-0.0033492822966507,1.3157169091471078e-06,-0.0028708133971291,8.12648679179096e-07,2,2,2,2,2
312,38,09:55:39,4,-0.0052631578947368,2544000.0,-0.0050239234449759,-0.0052631578947368,1.0467688938949783e-05,-0.0057416267942582,4.51290899837458e-06,-0.0062200956937799,2.1473273908403828e-05,-0.0066985645933013,2.2309141121273758e-05,-0.0071770334928229,5.543424918685976e-05,-0.0047846889952152,4.646570357321466e-05,-0.0043062200956938,2.418597259461595e-06,-0.0038277511961721,3.869755615138552e-08,-0.0033492822966507,1.3157169091471078e-06,-0.0028708133971291,8.12648679179096e-07,2,2,2,2,1
313,38,09:55:42,4,-0.0047846889952152,2281595.0,-0.0050239234449759,-0.0052631578947368,2.1167563214807883e-05,-0.0057416267942582,9.427498629600542e-06,-0.0062200956937799,2.4452985732060517e-05,-0.0066985645933013,2.2173699674743903e-05,-0.0071770334928229,5.553099307723823e-05,-0.0047846889952152,2.9593569091210567e-05,-0.0043062200956938,2.418597259461595e-06,-0.0038277511961721,3.869755615138552e-08,-0.0033492822966507,1.3157169091471078e-06,-0.0028708133971291,8.12648679179096e-07,2,2,2,2,1
314,38,09:55:45,4,-0.0047846889952152,3750980.0,-0.0045454545454545,-0.0047846889952152,2.305445605274944e-05,-0.0052631578947368,2.240588501165222e-05,-0.0057416267942582,1.432273948275081e-05,-0.0062200956937799,2.4394939397833434e-05,-0.0066985645933013,2.16512826667002e-05,-0.0043062200956938,2.302504591007439e-06,-0.0038277511961721,1.547902246055421e-07,-0.0033492822966507,1.3157169091471078e-06,-0.0028708133971291,3.231245938640692e-06,-0.0023923444976075,5.765935866556444e-06,2,2,2,2,2
315,38,09:55:48,4,-0.0047846889952152,1339641.0,-0.0043062200956935,-0.0047846889952152,2.6440492215995675e-05,-0.0052631578947368,2.6353035739093546e-05,-0.0057416267942582,1.550301494536807e-05,-0.0062200956937799,2.4201451617076507e-05,-0.0066985645933013,2.408922870423749e-05,-0.0038277511961721,1.3544144652984934e-07,-0.0033492822966507,1.3157169091471078e-06,-0.0028708133971291,3.231245938640692e-06,-0.0023923444976075,5.959423647313371e-06,-0.001913875598086,2.060644865061279e-05,2,2,2,2,1
316,38,09:55:51,4,-0.0038277511961721,1123296.0,-0.0035885167464114,-0.0038277511961721,4.643706738166263e-07,-0.0043062200956938,1.5420976126327132e-05,-0.0047846889952152,2.483454363571317e-05,-0.0052631578947368,2.401183359193472e-05,-0.0057416267942582,1.4496878485432046e-05,-0.0033492822966507,9.480901257089452e-07,-0.0028708133971291,3.231245938640692e-06,-0.0023923444976075,5.959423647313371e-06,-0.001913875598086,2.060644865061279e-05,-0.0014354066985644,3.5601751659274683e-06,2,2,2,2,0
317,38,09:55:54,4,-0.0023923444976075,1548922.0,-0.0028708133971291,-0.0033492822966507,6.578584545735539e-07,-0.0043062200956938,1.3931120214498787e-05,-0.0047846889952152,4.257737313112344e-05,-0.0052631578947368,2.6488477185623397e-05,-0.0057416267942582,1.480645893464313e-05,-0.0023923444976075,5.940074869237678e-06,-0.001913875598086,2.060644865061279e-05,-0.0014354066985644,3.5601751659274683e-06,-0.000956937799043,1.6593512077714113e-05,-0.0004784688995214,0.0001121733799671,2,2,2,2,0
318,38,09:55:57,4,-0.0038277511961721,685626.0,-0.0031100478468898,-0.0038277511961721,5.53375052964813e-06,-0.0043062200956938,1.8265246503453966e-05,-0.0047846889952152,4.64277799681863e-05,-0.0052631578947368,2.6856103969061555e-05,-0.0057416267942582,1.474841260041605e-05,-0.0023923444976075,2.03162169794774e-06,-0.001913875598086,2.060644865061279e-05,-0.0014354066985644,3.5601751659274683e-06,-0.000956937799043,1.6593512077714113e-05,-0.0004784688995214,0.0001158496478015,2,2,2,2,0
319,38,09:56:00,4,-0.0033492822966507,708508.0,-0.0035885167464114,-0.0038277511961721,1.491403814074398e-05,-0.0043062200956938,2.339267269351255e-05,-0.0047846889952152,4.679540675162446e-05,-0.0052631578947368,2.937144511890161e-05,-0.0057416267942582,1.4342088260826505e-05,-0.0033492822966507,6.269004096524455e-06,-0.0028708133971291,4.837194518923191e-07,-0.0023923444976075,2.03162169794774e-06,-0.001913875598086,2.060644865061279e-05,-0.0014354066985644,3.5601751659274683e-06,2,2,2,2,0
320,38,09:56:03,4,-0.0023923444976075,1439694.0,-0.0028708133971291,-0.0033492822966507,2.9023167113539144e-07,-0.0038277511961721,2.2614851814869705e-05,-0.0043062200956938,2.3682904364647946e-05,-0.0047846889952152,4.7743496877333407e-05,-0.0052631578947368,2.8191169656284357e-05,-0.0023923444976075,7.546023449520178e-07,-0.001913875598086,2.060644865061279e-05,-0.0014354066985644,3.5601751659274683e-06,-0.000956937799043,1.6593512077714113e-05,-0.0004784688995214,0.0001158496478015,2,2,2,2,0
321,38,09:56:06,4,-0.001913875598086,1324166.0,-0.0021531100478467,-0.0023923444976075,1.7259110043517943e-05,-0.0028708133971291,1.1609266845415657e-07,-0.0033492822966507,1.1454476620810116e-05,-0.0038277511961721,2.513019296470976e-05,-0.0043062200956938,2.1515841220170352e-05,-0.001913875598086,1.7065622262761016e-05,-0.0014354066985644,3.5601751659274683e-06,-0.000956937799043,1.7851182652634143e-05,-0.0004784688995214,0.0001158496478015,0.0,0.0001187627998286,2,2,2,2,0
322,38,09:56:09,4,-0.001913875598086,1044691.0,-0.0021531100478467,-0.0023923444976075,1.197689362885382e-05,-0.0028708133971291,1.1609266845415657e-07,-0.0033492822966507,1.646581014241454e-05,-0.0038277511961721,2.7413348777641503e-05,-0.0043062200956938,2.170932900092728e-05,-0.001913875598086,1.6175578471279148e-05,-0.0014354066985644,3.5601751659274683e-06,-0.000956937799043,1.841229721682923e-05,-0.0004784688995214,0.0001158496478015,0.0,0.0001187627998286,2,2,2,2,0
323,38,09:56:12,4,-0.0023923444976075,2189659.0,-0.0021531100478467,-0.0023923444976075,9.03587936134852e-06,-0.0028708133971291,4.256731176652408e-07,-0.0033492822966507,3.066781324997303e-05,-0.0038277511961721,2.7277907331111655e-05,-0.0043062200956938,2.1380399773640504e-05,-0.001913875598086,8.33932335062358e-06,-0.0014354066985644,3.656919056305932e-06,-0.000956937799043,1.841229721682923e-05,-0.0004784688995214,0.0001158496478015,0.0,0.0001187627998286,2,2,2,2,0
324,38,09:56:15,4,-0.001913875598086,1608165.0,-0.0016746411483251,-0.001913875598086,3.2892922728677695e-07,-0.0023923444976075,1.17640570700212e-05,-0.0028708133971291,4.06324339589548e-07,-0.0033492822966507,2.2541326458182068e-05,-0.0038277511961721,3.149594095161268e-05,-0.0014354066985644,3.3086410509434626e-06,-0.000956937799043,1.8896016668721552e-05,-0.0004784688995214,0.0001158496478015,0.0,0.0001187627998286,0.0004784688995216,2.302504591007439e-06,2,2,2,1,0
325,38,09:56:18,4,-0.0014354066985644,1058153.0,-0.0011961722488037,-0.0014354066985644,8.010394123336804e-06,-0.001913875598086,4.991984743528732e-06,-0.0023923444976075,1.3640888543363398e-05,-0.0028708133971291,5.030682299680119e-07,-0.0033492822966507,3.4092546969370646e-05,-0.000956937799043,1.936038734253818e-05,-0.0004784688995214,0.000115985089248,0.0,0.0001187434510505,0.0004784688995216,2.302504591007439e-06,0.0009569377990432,2.766875264824065e-06,1,2,2,1,0
326,38,09:56:21,4,-0.0014354066985644,1275697.0,-0.0011961722488037,-0.0014354066985644,7.903975843920493e-07,-0.001913875598086,1.6794739369701316e-05,-0.0023923444976075,1.4588978669072343e-05,-0.0028708133971291,7.932999011034033e-07,-0.0033492822966507,3.600807599886423e-05,-0.000956937799043,1.719332419806059e-05,-0.0004784688995214,0.000115985089248,0.0,0.0001187434510505,0.0004784688995216,2.302504591007439e-06,0.0009569377990432,2.766875264824065e-06,1,2,2,1,0
327,38,09:56:24,4,-0.0014354066985644,1154091.0,-0.0011961722488037,-0.0014354066985644,1.6446461364338848e-06,-0.001913875598086,2.5227904293992007e-05,-0.0023923444976075,1.8226548947302584e-05,-0.0028708133971291,1.8574826952665047e-06,-0.0033492822966507,3.4866498092398355e-05,-0.000956937799043,2.3481677072660736e-05,-0.0004784688995214,0.000115985089248,0.0,0.0001188401949409,0.0004784688995216,2.302504591007439e-06,0.0009569377990432,2.72817770867268e-06,1,2,2,1,0
328,38,09:56:27,4,-0.0014354066985644,2316983.0,-0.0011961722488037,-0.0014354066985644,1.2383217968443368e-06,-0.001913875598086,3.677912480518059e-05,-0.0023923444976075,1.8400687949983814e-05,-0.0028708133971291,1.8574826952665047e-06,-0.0033492822966507,3.4769754202019893e-05,-0.000956937799043,1.34203124733005e-05,-0.0004784688995214,0.0001157916014672,0.0,0.0001189175900532,0.0004784688995216,2.302504591007439e-06,0.0009569377990432,2.72817770867268e-06,1,2,2,1,0
329,38,09:56:30,4,-0.000956937799043,2821800.0,-0.0007177033492823,-0.000956937799043,2.3516504873196984e-05,-0.0014354066985644,1.8574826952665047e-06,-0.001913875598086,3.737893692552706e-05,-0.0023923444976075,1.876831473342198e-05,-0.0028708133971291,2.0509704760234327e-06,-0.0004784688995214,0.000115482021018,0.0,0.0001188208461628,0.0004784688995216,2.302504591007439e-06,0.0009569377990432,2.72817770867268e-06,0.0014354066985646,7.449279559141714e-06,1,2,2,0,0
330,38,09:56:33,4,-0.000956937799043,1979775.0,-0.0007177033492823,-0.000956937799043,3.8705295662615806e-05,-0.0014354066985644,1.0119410933587316e-05,-0.001913875598086,4.341575568514321e-05,-0.0023923444976075,1.8013712388469963e-05,-0.0028708133971291,1.780087582963734e-06,-0.0004784688995214,0.0001086905999135,0.0,0.0001174470829194,0.0004784688995216,2.302504591007439e-06,0.0009569377990432,2.72817770867268e-06,0.0014354066985646,7.449279559141714e-06,1,2,2,0,0
331,38,09:56:36,4,-0.000956937799043,1219667.0,-0.0007177033492823,-0.000956937799043,5.050805028878839e-05,-0.0014354066985644,1.7820224607713036e-05,-0.001913875598086,4.3357709350916126e-05,-0.0023923444976075,1.7529992936577643e-05,-0.0028708133971291,1.780087582963734e-06,-0.0004784688995214,0.000103466429833,0.0,0.000118627358382,0.0004784688995216,2.302504591007439e-06,0.0009569377990432,2.72817770867268e-06,0.0014354066985646,7.449279559141714e-06,1,2,2,0,0
332,38,09:56:39,4,-0.000956937799043,2794386.0,-0.0007177033492823,-0.000956937799043,4.845707981276495e-05,-0.0014354066985644,1.894245373610321e-05,-0.001913875598086,4.18291558829364e-05,-0.0023923444976075,1.4724420115602192e-05,-0.0028708133971291,1.5865998022068066e-06,-0.0004784688995214,9.104451430848776e-05,0.0,0.0001177373145905,0.0004784688995216,2.689480152521294e-06,0.0009569377990432,2.72817770867268e-06,0.0014354066985646,7.449279559141714e-06,1,2,2,0,0
333,38,09:56:42,4,-0.0004784688995214,7116789.0,-0.0007177033492823,-0.000956937799043,4.6444806892892906e-05,-0.0014354066985644,2.0142077976796167e-05,-0.001913875598086,4.18291558829364e-05,-0.0023923444976075,1.478246644982927e-05,-0.0028708133971291,1.3931120214498788e-06,-0.0004784688995214,3.390757265096702e-05,0.0,0.000117853407259,0.0004784688995216,2.534689927915752e-06,0.0009569377990432,2.72817770867268e-06,0.0014354066985646,7.449279559141714e-06,1,2,2,0,0
334,38,09:56:45,4,-0.0004784688995214,4623982.0,-0.0007177033492823,-0.000956937799043,4.127868314668294e-05,-0.0014354066985644,2.141909732979189e-05,-0.001913875598086,3.989427807536712e-05,-0.0023923444976075,1.4588978669072343e-05,-0.0028708133971291,1.3931120214498788e-06,-0.0004784688995214,1.1637129085844656e-05,0.0,0.000116576387906,0.0004784688995216,2.534689927915752e-06,0.0009569377990432,2.72817770867268e-06,0.0014354066985646,7.449279559141714e-06,2,2,2,0,0
335,38,09:56:48,4,0.0,2547610.0,-0.0002392344497607,-0.0004784688995214,1.3168004407193469e-05,-0.000956937799043,4.0330593020974e-05,-0.0014354066985644,2.149649244209466e-05,-0.001913875598086,3.91590245084908e-05,-0.0023923444976075,1.4202003107558489e-05,0.0,0.0001093979912399,0.0004784688995216,2.534689927915752e-06,0.0009569377990432,2.6701313744456013e-06,0.0014354066985646,7.449279559141714e-06,0.0019138755980863,9.46155247901376e-06,2,2,2,0,0
336,38,09:56:51,4,-0.0004784688995214,3967816.0,-0.0002392344497607,-0.0004784688995214,2.411941279803557e-05,-0.000956937799043,4.975344794383637e-05,-0.0014354066985644,1.8052409944621343e-05,-0.001913875598086,3.7243495478997216e-05,-0.0023923444976075,1.323456420377385e-05,0.0,9.32998078809905e-05,0.0004784688995216,2.534689927915752e-06,0.0009569377990432,2.6701313744456013e-06,0.0014354066985646,7.642767339898642e-06,0.0019138755980863,9.46155247901376e-06,2,2,2,0,0
337,38,09:56:54,4,-0.0004784688995214,1163978.0,-0.0002392344497607,-0.0004784688995214,4.1397871619629205e-05,-0.000956937799043,5.377799378358046e-05,-0.0014354066985644,1.7955666054242884e-05,-0.001913875598086,3.56762444548661e-05,-0.0023923444976075,1.323456420377385e-05,0.0,8.602466732453003e-05,0.0004784688995216,2.534689927915752e-06,0.0009569377990432,2.6701313744456013e-06,0.0014354066985646,7.584721005671563e-06,0.0019138755980863,9.46155247901376e-06,2,2,2,0,0
338,38,09:56:57,4,0.0,4376347.0,-0.0002392344497607,-0.0004784688995214,4.8344082948802906e-05,-0.000956937799043,5.472608390928941e-05,-0.0014354066985644,1.6756041813549934e-05,-0.001913875598086,3.5211873781049474e-05,-0.0023923444976075,1.2634752083427374e-05,0.0,4.802366718386944e-05,0.0004784688995216,2.534689927915752e-06,0.0009569377990432,2.6701313744456013e-06,0.0014354066985646,7.584721005671563e-06,0.0019138755980863,9.46155247901376e-06,2,2,2,0,0
339,38,09:57:00,4,0.0004784688995216,5505127.0,0.0002392344497608,0.0,2.1748026557078665e-05,-0.0004784688995214,5.821195976740622e-05,-0.000956937799043,5.4493898572381096e-05,-0.0014354066985644,1.6639949145095775e-05,-0.001913875598086,4.130673887489269e-05,0.0004784688995216,5.224170080437046e-07,0.0009569377990432,2.6701313744456013e-06,0.0014354066985646,7.584721005671563e-06,0.0019138755980863,9.46155247901376e-06,0.0023923444976077,4.99972425475901e-05,2,2,2,0,0
340,38,09:57:03,4,0.0,886191.0,0.0004784688995216,0.0,3.8136441587190434e-05,-0.0004784688995214,6.612561000036456e-05,-0.000956937799043,5.3081437772855525e-05,-0.0014354066985644,1.6620600367020082e-05,-0.001913875598086,3.1400164500138e-05,0.0009569377990432,2.6507825963699087e-06,0.0014354066985646,8.281277016396503e-06,0.0019138755980863,9.46155247901376e-06,0.0023923444976077,4.99972425475901e-05,0.0028708133971293,1.5865998022068066e-06,2,2,1,0,0
341,38,09:57:06,4,0.0004784688995216,181937.0,0.0007177033492822,0.0004784688995216,2.178672411323005e-05,0.0,6.907513773022317e-05,-0.0004784688995214,6.637714411534857e-05,-0.000956937799043,4.991984743528733e-05,-0.0014354066985644,1.6620600367020082e-05,0.0009569377990432,2.0122729198720474e-06,0.0014354066985646,8.281277016396503e-06,0.0019138755980863,9.46155247901376e-06,0.0023923444976077,4.99972425475901e-05,0.0028708133971293,1.5865998022068066e-06,2,2,1,0,0
342,38,09:57:09,4,0.0009569377990432,1142048.0,0.0011961722488038,0.0009569377990432,1.1802754626172586e-06,0.0004784688995216,2.018077553294755e-05,0.0,8.8733496255127e-05,-0.0004784688995214,9.911527661942072e-05,-0.000956937799043,5.164188868402398e-05,0.0014354066985646,6.017469981540449e-06,0.0019138755980863,4.827520129885344e-05,0.0023923444976077,5.021007910642272e-05,0.0028708133971293,1.6833436925852705e-06,0.0033492822966507,1.0525735273176862e-05,1,2,0,0,0
343,38,09:57:12,4,0.0004784688995216,897243.0,0.0011961722488038,0.0009569377990432,2.708828930596987e-07,0.0004784688995216,2.093537787789957e-05,0.0,9.475096623666746e-05,-0.0004784688995214,9.307845785980456e-05,-0.000956937799043,4.8565432969988834e-05,0.0014354066985646,5.959423647313371e-06,0.0019138755980863,5.324783726430648e-05,0.0023923444976077,5.021007910642272e-05,0.0028708133971293,1.6833436925852705e-06,0.0033492822966507,1.0525735273176862e-05,2,2,0,0,0
344,38,09:57:15,4,0.0009569377990432,3818120.0,0.0011961722488038,0.0009569377990432,2.3992484813859025e-06,0.0004784688995216,2.0587099872537094e-05,0.0,9.94527193090608e-05,-0.0004784688995214,9.044702404151036e-05,-0.000956937799043,4.262535810075116e-05,0.0014354066985646,2.631433818294216e-06,0.0019138755980863,3.329924706826725e-05,0.0023923444976077,4.982310354490887e-05,0.0028708133971293,1.6833436925852705e-06,0.0033492822966507,1.0525735273176862e-05,2,2,0,0,0
345,38,09:57:18,4,0.0019138755980863,556712.0,0.0016746411483254,0.0014354066985646,2.999060601732378e-06,0.0009569377990432,8.223230682169424e-06,0.0004784688995216,2.03162169794774e-05,0.0,9.213888119644892e-05,-0.0004784688995214,8.427476383536437e-05,0.0019138755980863,3.550500776889622e-05,0.0023923444976077,4.982310354490887e-05,0.0028708133971293,1.6833436925852705e-06,0.0033492822966507,1.0525735273176862e-05,0.0038277511961724,1.3828571690697617e-05,1,1,0,0,0
346,38,09:57:21,4,0.0014354066985646,2111507.0,0.0016746411483254,0.0014354066985646,5.417657861193974e-07,0.0009569377990432,1.3698934877590476e-05,0.0004784688995216,2.48631798272652e-05,0.0,9.422854922862376e-05,-0.0004784688995214,8.245597869624926e-05,0.0019138755980863,3.238985449870968e-05,0.0023923444976077,5.003594010374149e-05,0.0028708133971293,1.6833436925852705e-06,0.0033492822966507,1.0525735273176862e-05,0.0038277511961724,1.2880481564988671e-05,2,2,0,0,0
347,38,09:57:24,4,0.0014354066985646,4597654.0,0.0016746411483254,0.0014354066985646,2.3915089701556256e-05,0.0009569377990432,2.2367187455500837e-05,0.0004784688995216,2.507601638609782e-05,0.0,9.287413476332526e-05,-0.0004784688995214,7.889580353032178e-05,0.0019138755980863,5.108077411982889e-06,0.0023923444976077,5.013268399411995e-05,0.0028708133971293,1.6833436925852705e-06,0.0033492822966507,1.0525735273176862e-05,0.0038277511961724,1.2493506003474817e-05,2,1,0,0,0
348,38,09:57:27,4,0.0019138755980863,3010687.0,0.0021531100478469,0.0019138755980863,1.9348778075692766e-07,0.0014354066985646,1.946487074414692e-05,0.0009569377990432,2.395378725770764e-05,0.0004784688995216,2.3431370249663936e-05,0.0,9.41124565601696e-05,0.0023923444976077,4.6475764937814016e-05,0.0028708133971293,1.6833436925852705e-06,0.0033492822966507,1.0525735273176862e-05,0.0038277511961724,1.1971088995431112e-05,0.0043062200956938,7.364144935608665e-05,2,0,0,0,0
349,38,09:57:30,4,0.0019138755980863,9389990.0,0.0021531100478469,0.0019138755980863,5.765935866556444e-06,0.0014354066985646,7.952347789109726e-06,0.0009569377990432,2.4843831049189503e-05,0.0004784688995216,2.3237882468907008e-05,0.0,9.478966379281884e-05,0.0023923444976077,1.7104319818912402e-05,0.0028708133971293,1.799436361039427e-06,0.0033492822966507,1.0525735273176862e-05,0.0038277511961724,1.216457677618804e-05,0.0043062200956938,7.389298347107066e-05,1,0,0,0,0
350,38,09:57:33,4,0.0019138755980863,2992122.0,0.0021531100478469,0.0019138755980863,2.0219473089098936e-05,0.0014354066985646,8.300625794472195e-06,0.0009569377990432,2.8191169656284357e-05,0.0004784688995216,2.2038258228214055e-05,0.0,9.446073456553209e-05,0.0023923444976077,1.6910832038155475e-05,0.0028708133971293,1.799436361039427e-06,0.0033492822966507,1.0525735273176862e-05,0.0038277511961724,1.5705403164039814e-05,0.0043062200956938,7.427995903258452e-05,1,0,0,0,0
351,38,09:57:36,4,0.0028708133971293,4897218.0,0.0026315789473683,0.0023923444976077,3.250594716716384e-06,0.0019138755980863,2.6178896736412308e-05,0.0014354066985646,9.016530583272828e-06,0.0009569377990432,3.0164745020005017e-05,0.0004784688995216,2.2947650797771612e-05,0.0028708133971293,5.030682299680119e-07,0.0033492822966507,1.0525735273176862e-05,0.0038277511961724,1.7253305410095237e-05,0.0043062200956938,7.441540047911436e-05,0.0047846889952154,0.0001535457111997,1,0,0,0,0
352,38,09:57:39,4,0.0023923444976077,4666428.0,0.0028708133971293,0.0023923444976077,5.378960305042588e-06,0.0019138755980863,3.289292272867769e-06,0.0014354066985646,9.790481706300536e-06,0.0009569377990432,2.8674889108176677e-05,0.0004784688995216,2.08579827655968e-05,0.0033492822966507,9.074576917499906e-06,0.0038277511961724,1.7872466308517405e-05,0.0043062200956938,7.412516880797897e-05,0.0047846889952154,0.0001532554795285,0.005263157894737,4.829455007692914e-06,0,0,0,0,0
353,38,09:57:42,4,0.0023923444976077,1990498.0,0.0028708133971293,0.0023923444976077,3.095804492110842e-06,0.0019138755980863,2.5540387059914447e-05,0.0014354066985646,1.2034939963080898e-05,0.0009569377990432,2.9719723124264083e-05,0.0004784688995216,2.099342421212665e-05,0.0033492822966507,3.660788811921071e-05,0.0038277511961724,2.3348170503938456e-05,0.0043062200956938,7.412516880797897e-05,0.0047846889952154,0.0001532167819724,0.005263157894737,4.829455007692914e-06,0,0,0,0,0
354,38,09:57:45,4,0.0028708133971293,2863679.0,0.0026315789473683,0.0023923444976077,1.5865998022068066e-06,0.0019138755980863,2.312178980045285e-05,0.0014354066985646,1.1183593727750417e-05,0.0009569377990432,2.9332747562750228e-05,0.0004784688995216,2.049035598215864e-05,0.0028708133971293,4.488916513560721e-06,0.0033492822966507,5.226104958244616e-05,0.0038277511961724,2.7450111455985323e-05,0.0043062200956938,7.412516880797897e-05,0.0047846889952154,0.000153120038082,0,0,0,0,0
355,38,09:57:48,4,0.0023923444976077,4825171.0,0.0021531100478469,0.0019138755980863,1.772348071733457e-05,0.0014354066985646,1.0196806045890084e-05,0.0009569377990432,2.9332747562750228e-05,0.0004784688995216,1.981314874950939e-05,0.0,7.843994631885847e-05,0.0023923444976077,2.302504591007439e-06,0.0028708133971293,5.030682299680119e-07,0.0033492822966507,5.938139991430109e-05,0.0038277511961724,3.143595973957803e-05,0.0043062200956938,7.578916372248856e-05,0,0,0,0,0
356,38,09:57:51,4,0.0033492822966507,6730969.0,0.0031100478468899,0.0028708133971293,7.739511230277106e-08,0.0023923444976077,1.0061364599360235e-06,0.0019138755980863,1.3943696920247987e-05,0.0014354066985646,1.0815966944312257e-05,0.0009569377990432,2.7572008757862185e-05,0.0033492822966507,3.097739369918411e-05,0.0038277511961724,3.222925964068144e-05,0.0043062200956938,7.61761392840024e-05,0.0047846889952154,0.0001516108333921,0.005263157894737,1.0866273767309057e-05,0,0,0,0,0
357,38,09:57:54,4,0.0014354066985646,4459513.0,0.001913875598086,0.0014354066985646,4.798496962771805e-06,0.0009569377990432,2.341202147158824e-05,0.0004784688995216,1.89811512922546e-05,0.0,6.926862551098009e-05,-0.0004784688995214,5.952767667655333e-05,0.0023923444976077,2.495992371764366e-06,0.0028708133971293,1.6059485802824993e-05,0.0033492822966507,2.573387484067137e-05,0.0038277511961724,3.36610692182827e-05,0.0043062200956938,7.631158073053226e-05,0,0,0,0,0
358,38,09:57:57,4,0.0014354066985646,3631143.0,0.0011961722488038,0.0009569377990432,2.292830201969592e-05,0.0004784688995216,1.8787663511497676e-05,0.0,6.901709139599608e-05,-0.0004784688995214,5.782498420589236e-05,-0.000956937799043,2.8345959880889895e-05,0.0014354066985646,1.4124607995255717e-06,0.0019138755980863,2.9023167113539144e-06,0.0023923444976077,1.267344963957876e-05,0.0028708133971293,3.3976454300916494e-05,0.0033492822966507,2.614019918026092e-05,0,0,0,0,0
359,38,09:58:00,4,0.0019138755980863,5517932.0,0.0014354066985646,0.0009569377990432,1.8013712388469963e-05,0.0004784688995216,1.8594175730740745e-05,0.0,6.828183782911975e-05,-0.0004784688995214,5.782498420589236e-05,-0.000956937799043,2.852009888357113e-05,0.0019138755980863,2.9023167113539144e-07,0.0023923444976077,7.758860008352798e-05,0.0028708133971293,0.0001017939214562,0.0033492822966507,2.67400113006074e-05,0.0038277511961724,2.7972528464029023e-05,0,0,0,0,0
360,38,09:58:03,4,0.0009569377990432,8438923.0,0.0011961722488038,0.0009569377990432,1.5072698120964662e-05,0.0004784688995216,1.8729617177270597e-05,0.0,4.924264020263808e-05,-0.0004784688995214,5.7360613532075736e-05,-0.000956937799043,2.852009888357113e-05,0.0014354066985646,2.172867777900297e-05,0.0019138755980863,4.1019409520468654e-06,0.0023923444976077,0.0001187519645128,0.0028708133971293,0.0001277406328557,0.0033492822966507,2.6527174741774776e-05,0,0,0,0,0
361,38,09:58:06,4,0.0004784688995216,8280861.0,0.0002392344497608,0.0,2.436011159729719e-05,-0.0004784688995214,3.360031405512502e-05,-0.000956937799043,2.801703065360312e-05,-0.0014354066985644,1.0970757168917796e-05,-0.001913875598086,2.271256314415195e-05,0.0004784688995216,8.552159909456201e-06,0.0009569377990432,4.682404294317648e-06,0.0014354066985646,1.9387475631844148e-05,0.0019138755980863,7.584721005671563e-06,0.0023923444976077,0.0001201450765343,0,0,0,0,0
362,38,09:58:09,4,0.0,4594306.0,-0.0002392344497607,-0.0004784688995214,3.162673869140436e-05,-0.000956937799043,2.668196496638032e-05,-0.0014354066985644,1.0970757168917796e-05,-0.001913875598086,2.271256314415195e-05,-0.0023923444976075,9.229367142105449e-06,0.0,1.694952959430686e-06,0.0004784688995216,1.7607388048880415e-06,0.0009569377990432,7.037150586129458e-05,0.0014354066985646,2.19221655597599e-05,0.0019138755980863,2.0655594546925054e-05,0,0,0,0,0
363,38,09:58:12,4,0.0009569377990432,3613153.0,-0.0002392344497607,-0.0004784688995214,1.0207641361612474e-05,-0.000956937799043,2.689480152521294e-05,-0.0014354066985644,1.0970757168917796e-05,-0.001913875598086,2.2828655812606107e-05,-0.0023923444976075,9.151972029802676e-06,0.0,3.676267834381625e-07,0.0009569377990432,0.0001272441432103,0.0014354066985646,2.3199184912755625e-05,0.0019138755980863,2.8104874106066765e-05,0.0023923444976077,0.0001229313005772,0,0,0,0,0
364,38,09:58:15,4,-0.000956937799043,6697987.0,-0.0011961722488037,-0.0014354066985644,1.2557356971124605e-05,-0.001913875598086,2.2828655812606107e-05,-0.0023923444976075,8.764996468288822e-06,-0.0028708133971291,3.037758157883764e-06,-0.0033492822966507,1.1028803503144876e-05,-0.000956937799043,2.0905193784101488e-05,0.0,0.0001553706879478,0.0004784688995216,3.869755615138553e-07,0.0009569377990432,0.0001367908303128,0.0014354066985646,2.331527758120978e-05,0,0,0,0,0
365,38,09:58:18,4,-0.000956937799043,1536289.0,-0.0011961722488037,-0.0014354066985644,3.289292272867769e-06,-0.001913875598086,2.2828655812606107e-05,-0.0023923444976075,9.151972029802676e-06,-0.0028708133971291,3.037758157883764e-06,-0.0033492822966507,1.1028803503144876e-05,-0.000956937799043,1.6764555275903238e-05,-0.0004784688995214,2.5594563638526388e-05,0.0,0.0003224860841875,0.0004784688995216,8.358672128699274e-06,0.0009569377990432,0.0001364425523074,0,0,0,0,0
366,38,09:58:21,4,-0.0014354066985644,1215017.0,-0.0016746411483251,-0.001913875598086,2.271256314415195e-05,-0.0023923444976075,9.151972029802676e-06,-0.0028708133971291,3.037758157883764e-06,-0.0033492822966507,1.1028803503144876e-05,-0.0038277511961721,1.0618609407940188e-05,-0.0014354066985644,1.7413900268123485e-07,-0.000956937799043,1.1830616866601582e-05,-0.0004784688995214,3.766820115775867e-05,0.0,0.0003310575928751,0.0004784688995216,1.1938196072702436e-05,0,0,0,0,0
367,38,09:58:24,4,-0.0004784688995214,4663786.0,-0.0014354066985646,-0.001913875598086,1.298012777207849e-05,-0.0023923444976075,9.151972029802676e-06,-0.0028708133971291,3.037758157883764e-06,-0.0033492822966507,6.9462113291737015e-06,-0.0038277511961721,9.94140217529094e-06,-0.000956937799043,3.869755615138552e-08,-0.0004784688995214,3.075759158024424e-05,0.0,0.0003416800720386,0.0004784688995216,1.3505447096833548e-05,0.0009569377990432,0.0001014599615466,0,0,0,0,0
368,38,09:58:27,4,-0.001913875598086,1560546.0,-0.0016746411483251,-0.001913875598086,2.7446241700370185e-06,-0.0023923444976075,9.0939256955756e-06,-0.0028708133971291,3.037758157883764e-06,-0.0033492822966507,7.13969910993063e-06,-0.0038277511961721,6.071646560152389e-06,-0.0014354066985644,3.004865235155086e-05,-0.000956937799043,7.681464896050026e-06,-0.0004784688995214,2.568821172441274e-05,0.0,0.0003366300409609,0.0004784688995216,1.2596054527275987e-05,0,0,0,0,0
369,38,09:58:30,4,-0.0033492822966507,3743709.0,-0.0035885167464114,-0.0038277511961721,6.071646560152389e-06,-0.0043062200956938,1.0216154823965778e-05,-0.0047846889952152,1.8478083062286587e-05,-0.0052631578947368,9.538947591316533e-06,-0.0057416267942582,3.831058058987167e-06,-0.0033492822966507,2.6851266774542636e-05,-0.0023923444976075,1.7413900268123485e-07,-0.001913875598086,1.0738571832009485e-05,-0.0014354066985644,3.461805978190646e-05,-0.000956937799043,8.068440457563883e-06,1,0,0,0,1
370,38,09:58:33,4,-0.0033492822966507,2293305.0,-0.0035885167464114,-0.0038277511961721,4.562441870248354e-06,-0.0043062200956938,1.0216154823965778e-05,-0.0047846889952152,1.8303944059605352e-05,-0.0052631578947368,9.538947591316533e-06,-0.0057416267942582,3.831058058987167e-06,-0.0033492822966507,7.057466803108935e-06,-0.0023923444976075,3.9664995055170165e-06,-0.001913875598086,2.2038258228214055e-05,-0.0014354066985644,3.833302517243947e-05,-0.000956937799043,2.1186911992883576e-05,0,0,0,0,1
371,38,09:58:36,4,-0.0038277511961721,720237.0,-0.0035885167464114,-0.0038277511961721,3.3279898290191552e-06,-0.0043062200956938,1.01581084897387e-05,-0.0047846889952152,1.8265246503453966e-05,-0.0052631578947368,9.538947591316533e-06,-0.0057416267942582,3.831058058987167e-06,-0.0033492822966507,1.7752503884448109e-06,-0.0028708133971291,9.674389037846383e-08,-0.0023923444976075,7.894301454882647e-06,-0.001913875598086,3.0474325469216102e-05,-0.0014354066985644,3.957134696928381e-05,0,0,0,0,2
372,38,09:58:39,4,-0.0043062200956938,907940.0,-0.0040669856459331,-0.0043062200956938,8.300625794472195e-06,-0.0047846889952152,1.867157084304352e-05,-0.0052631578947368,9.538947591316533e-06,-0.0057416267942582,3.831058058987167e-06,-0.0062200956937799,6.269004096524455e-06,-0.0038277511961721,1.8574826952665047e-06,-0.0023923444976075,7.715325257682488e-06,-0.001913875598086,4.252861421037269e-05,-0.0014354066985644,3.916153984964064e-05,-0.000956937799043,2.101277299020234e-05,0,0,0,1,1
373,38,09:58:42,4,-0.0038277511961721,1217702.0,-0.0040669856459331,-0.0043062200956938,3.115153270186535e-06,-0.0047846889952152,1.8865058623800445e-05,-0.0052631578947368,9.558296369392224e-06,-0.0057416267942582,3.831058058987167e-06,-0.0062200956937799,6.269004096524455e-06,-0.0038277511961721,6.675328436114004e-06,-0.0033492822966507,1.547902246055421e-06,-0.0028708133971291,4.06324339589548e-07,-0.0023923444976075,8.082952041120652e-06,-0.001913875598086,3.759467580107104e-05,1,0,1,1,2
374,38,09:58:45,4,-0.0033492822966507,2941093.0,-0.0031100478468898,-0.0033492822966507,1.547902246055421e-07,-0.0038277511961721,1.1609266845415657e-07,-0.0047846889952152,1.1319035174280268e-05,-0.0052631578947368,9.558296369392224e-06,-0.0057416267942582,3.831058058987167e-06,-0.0028708133971291,4.837194518923191e-07,-0.0023923444976075,6.863979022352008e-06,-0.001913875598086,3.8233185477568896e-05,-0.0014354066985644,2.741683155769513e-05,-0.000956937799043,9.65504025977069e-06,0,0,0,0,1
375,38,09:58:48,4,-0.0052631578947368,1614320.0,-0.0050239234449759,-0.0052631578947368,9.229367142105449e-06,-0.0057416267942582,3.831058058987167e-06,-0.0062200956937799,6.481840655357075e-06,-0.0066985645933013,8.165184347942346e-06,-0.0071770334928229,1.14931741769615e-05,-0.0047846889952152,9.674389037846383e-08,-0.0043062200956938,5.707889532329365e-06,-0.0038277511961721,8.803694024440208e-06,-0.0033492822966507,9.674389037846383e-08,-0.0028708133971291,1.0177457267814394e-05,0,0,1,1,2
376,38,09:58:51,4,-0.0043062200956938,690493.0,-0.0047846889952153,-0.0052631578947368,6.675328436114004e-06,-0.0057416267942582,3.831058058987167e-06,-0.0062200956937799,6.481840655357075e-06,-0.0066985645933013,8.165184347942346e-06,-0.0071770334928229,1.14931741769615e-05,-0.0043062200956938,7.780917615359087e-06,-0.0038277511961721,1.1009454725069182e-05,-0.0033492822966507,9.674389037846383e-08,-0.0028708133971291,1.0545084051252555e-05,-0.0023923444976075,3.961662310998093e-06,0,0,0,0,2
377,38,09:58:54,4,-0.0047846889952152,969213.0,-0.0050239234449759,-0.0052631578947368,3.6375702782302393e-06,-0.0057416267942582,4.798496962771805e-06,-0.0062200956937799,6.385096764978612e-06,-0.0066985645933013,8.165184347942346e-06,-0.0071770334928229,1.14931741769615e-05,-0.0047846889952152,2.495992371764366e-06,-0.0043062200956938,8.496822404159719e-06,-0.0038277511961721,1.714301737506379e-05,-0.0033492822966507,3.792360502835781e-06,-0.0028708133971291,1.112554739352334e-05,1,0,0,1,2
378,38,09:58:57,4,-0.0043062200956938,1289473.0,-0.0045454545454545,-0.0047846889952152,5.030682299680119e-07,-0.0057416267942582,3.869755615138553e-06,-0.0062200956937799,6.385096764978612e-06,-0.0066985645933013,8.358672128699274e-06,-0.0071770334928229,1.14931741769615e-05,-0.0043062200956938,6.233015369303667e-06,-0.0038277511961721,1.7336505155820716e-05,-0.0033492822966507,6.9462113291737015e-06,-0.0028708133971291,1.114489617159903e-05,-0.0023923444976075,1.2475124664302908e-05,0,0,0,0,2
379,38,09:59:00,4,-0.0047846889952152,1596987.0,-0.0055023923444975,-0.0062200956937799,5.514401751572438e-06,-0.0066985645933013,8.358672128699274e-06,-0.0071770334928229,1.162861562349135e-05,-0.0076555023923444,7.13969910993063e-06,-0.0081339712918659,5.688540754253672e-06,-0.0047846889952152,1.989054386181216e-05,-0.0043062200956938,7.742220059207703e-06,-0.0038277511961721,1.7336505155820716e-05,-0.0033492822966507,9.829179262451924e-06,-0.0028708133971291,1.114489617159903e-05,0,1,1,1,2
380,38,09:59:03,4,-0.0052631578947368,893721.0,-0.0057416267942582,-0.0062200956937799,3.289292272867769e-06,-0.0066985645933013,8.26192823832081e-06,-0.0071770334928229,1.1822103404248278e-05,-0.0076555023923444,7.13969910993063e-06,-0.0081339712918659,5.688540754253672e-06,-0.0052631578947368,3.4827800536246973e-06,-0.0047846889952152,2.455359937805412e-05,-0.0043062200956938,8.051800508418787e-06,-0.0038277511961721,1.8303944059605352e-05,-0.0033492822966507,1.1822103404248278e-05,1,1,1,1,2
381,38,09:59:06,4,-0.0052631578947368,1222276.0,-0.0057416267942582,-0.0062200956937799,1.5865998022068066e-06,-0.0066985645933013,8.26192823832081e-06,-0.0071770334928229,1.2015591185005204e-05,-0.0076555023923444,7.13969910993063e-06,-0.0081339712918659,5.688540754253672e-06,-0.0052631578947368,1.5092046899040356e-06,-0.0047846889952152,6.261264585294178e-05,-0.0043062200956938,1.031560754327484e-05,-0.0038277511961721,1.7549341714653336e-05,-0.0033492822966507,1.0196806045890084e-05,0,1,1,1,2
382,38,09:59:09,4,-0.0052631578947368,4099173.0,-0.0055023923444975,-0.0057416267942582,6.965560107249394e-07,-0.0062200956937799,1.6059485802824992e-06,-0.0066985645933013,8.648903799834665e-06,-0.0071770334928229,1.253800819304891e-05,-0.0076555023923444,7.13969910993063e-06,-0.0052631578947368,2.3218533690831317e-07,-0.0047846889952152,3.3550781183251254e-05,-0.0043062200956938,1.0547792880183153e-05,-0.0038277511961721,1.936812685376845e-05,-0.0033492822966507,1.0525735273176862e-05,0,1,1,1,2
383,38,09:59:12,4,-0.0062200956937799,2447850.0,-0.0064593301435406,-0.0066985645933013,3.3860361632462336e-06,-0.0071770334928229,1.28282398641843e-05,-0.0076555023923444,7.13969910993063e-06,-0.0081339712918659,5.688540754253672e-06,-0.0086124401913875,4.643706738166263e-06,-0.0062200956937799,1.4511583556769572e-06,-0.0047846889952152,2.6836755190985866e-05,-0.0043062200956938,1.3269005028748584e-05,-0.0038277511961721,2.0354914535628788e-05,-0.0033492822966507,1.0003318265133158e-05,1,2,1,2,2
384,38,09:59:15,4,-0.0052631578947368,2233706.0,-0.0066985645933014,-0.0071770334928229,1.28282398641843e-05,-0.0076555023923444,7.13969910993063e-06,-0.0081339712918659,5.688540754253672e-06,-0.0086124401913875,4.643706738166263e-06,-0.0090909090909089,1.467101748811328e-05,-0.0062200956937799,2.9023167113539144e-07,-0.0052631578947368,1.7413900268123486e-06,-0.0047846889952152,2.178672411323005e-05,-0.0043062200956938,1.3269005028748584e-05,-0.0038277511961721,2.0219473089098936e-05,2,2,1,2,2
385,38,09:59:18,4,-0.0057416267942582,2881946.0,-0.005980861244019,-0.0062200956937799,2.534689927915752e-06,-0.0071770334928229,1.0100062155511622e-05,-0.0076555023923444,7.13969910993063e-06,-0.0081339712918659,6.269004096524455e-06,-0.0086124401913875,4.527614069712106e-06,-0.0057416267942582,1.1841452182323973e-05,-0.0052631578947368,1.3157169091471078e-06,-0.0047846889952152,1.936812685376845e-05,-0.0043062200956938,1.2804634354931956e-05,-0.0038277511961721,2.0084031642569088e-05,1,2,1,2,2
386,38,09:59:21,4,-0.0076555023923444,2143924.0,-0.0071770334928229,-0.0076555023923444,3.734314168608704e-06,-0.0081339712918659,6.269004096524455e-06,-0.0086124401913875,4.546962847787799e-06,-0.0090909090909089,1.4709715044264666e-05,-0.0095693779904305,6.506994066855476e-05,-0.0066985645933013,9.674389037846383e-08,-0.0057416267942582,1.1357732730431653e-05,-0.0052631578947368,7.546023449520177e-06,-0.0047846889952152,1.8652222064967824e-05,-0.0043062200956938,1.1256732108876535e-05,2,1,2,2,2
387,38,09:59:24,4,-0.0066985645933013,1692955.0,-0.006937799043062,-0.0071770334928229,5.417657861193974e-07,-0.0076555023923444,4.430870179333643e-06,-0.0081339712918659,6.269004096524455e-06,-0.0086124401913875,4.566311625863492e-06,-0.0090909090909089,1.472906382234036e-05,-0.0066985645933013,3.3860361632462336e-06,-0.0057416267942582,8.532811131380508e-06,-0.0052631578947368,8.107138013715267e-06,-0.0047846889952152,2.0277519423326012e-05,-0.0043062200956938,9.4766445259128e-06,2,1,2,2,2
388,38,09:59:27,4,-0.0062200956937799,1303764.0,-0.005980861244019,-0.0062200956937799,2.759135753593788e-05,-0.0066985645933013,2.5153411498400597e-06,-0.0071770334928229,4.643706738166263e-07,-0.0076555023923444,2.302504591007439e-06,-0.0081339712918659,6.269004096524455e-06,-0.0057416267942582,1.133838395235596e-05,-0.0052631578947368,8.300625794472195e-06,-0.0047846889952152,2.0142077976796167e-05,-0.0043062200956938,9.109017742474638e-06,-0.0038277511961721,1.8594175730740745e-05,2,1,1,2,2
389,38,09:59:30,4,-0.0062200956937799,3261965.0,-0.0057416267942582,-0.0062200956937799,2.3141138578528543e-05,-0.0066985645933013,5.630494420026594e-06,-0.0071770334928229,1.7607388048880415e-06,-0.0076555023923444,2.283155812931746e-06,-0.0081339712918659,6.269004096524455e-06,-0.0052631578947368,5.940074869237678e-06,-0.0047846889952152,1.9174639073011527e-05,-0.0043062200956938,6.980652154148435e-06,-0.0038277511961721,1.8594175730740745e-05,-0.0033492822966507,7.391233224914635e-06,1,0,1,2,2
390,38,09:59:33,4,-0.0062200956937799,1473072.0,-0.005980861244019,-0.0062200956937799,1.4085910439104332e-05,-0.0066985645933013,8.861740358667285e-06,-0.0071770334928229,3.521477609776083e-06,-0.0076555023923444,5.282216414664124e-06,-0.0081339712918659,6.520538211508461e-06,-0.0057416267942582,1.934877807569276e-08,-0.0052631578947368,1.954226585644969e-06,-0.0047846889952152,1.8013712388469963e-05,-0.0043062200956938,6.845210707618586e-06,-0.0038277511961721,1.9174639073011527e-05,2,1,1,2,2
391,38,09:59:36,4,-0.0057416267942582,2835406.0,-0.0055023923444975,-0.0057416267942582,2.9603630455809928e-06,-0.0062200956937799,3.482780053624697e-07,-0.0066985645933013,8.04909167948819e-06,-0.0071770334928229,2.109016810250511e-06,-0.0076555023923444,5.301565192739817e-06,-0.0052631578947368,8.900437914818671e-07,-0.0047846889952152,1.8033061166545656e-05,-0.0043062200956938,6.477583924180423e-06,-0.0038277511961721,1.9116592738784448e-05,-0.0033492822966507,7.391233224914635e-06,0,1,1,2,2
392,38,09:59:39,4,-0.0057416267942582,799974.0,-0.0055023923444975,-0.0057416267942582,1.6156229693203455e-05,-0.0062200956937799,8.319974572547888e-07,-0.0066985645933013,8.436067241002044e-06,-0.0071770334928229,4.4115214012579495e-06,-0.0076555023923444,5.301565192739817e-06,-0.0052631578947368,1.4511583556769572e-06,-0.0047846889952152,1.814915383499981e-05,-0.0043062200956938,6.477583924180423e-06,-0.0038277511961721,1.9116592738784448e-05,-0.0033492822966507,8.319974572547888e-06,0,0,1,2,2
393,38,09:59:42,4,-0.0052631578947368,2594200.0,-0.0050239234449759,-0.0052631578947368,1.547902246055421e-07,-0.0057416267942582,1.467798304822053e-06,-0.0062200956937799,1.81878513911512e-06,-0.0066985645933013,8.861740358667285e-06,-0.0071770334928229,4.4115214012579495e-06,-0.0047846889952152,1.4260049441785566e-05,-0.0043062200956938,6.203992202190127e-06,-0.0038277511961721,1.9116592738784448e-05,-0.0033492822966507,8.319974572547888e-06,-0.0028708133971291,1.0003318265133158e-05,0,0,1,2,2
394,38,09:59:45,4,-0.0062200956937799,1337705.0,-0.0055023923444975,-0.0057416267942582,1.9348778075692766e-07,-0.0062200956937799,2.3218533690831317e-07,-0.0066985645933013,7.253082949454189e-06,-0.0071770334928229,4.430870179333643e-06,-0.0076555023923444,5.553099307723823e-06,-0.0052631578947368,1.92520341853143e-05,-0.0047846889952152,1.4163305551407104e-05,-0.0043062200956938,6.203992202190127e-06,-0.0038277511961721,1.892310495802752e-05,-0.0033492822966507,8.319974572547888e-06,0,1,1,2,2
395,38,09:59:48,4,-0.0052631578947368,4898638.0,-0.0050239234449759,-0.0052631578947368,2.9023167113539144e-07,-0.0062200956937799,2.708828930596987e-07,-0.0066985645933013,1.0448340160874092e-06,-0.0071770334928229,1.1609266845415657e-07,-0.0076555023923444,9.674389037846383e-08,-0.0047846889952152,1.3079773979168307e-05,-0.0043062200956938,6.203992202190127e-06,-0.0038277511961721,1.882636106764906e-05,-0.0033492822966507,8.319974572547888e-06,-0.0028708133971291,1.0003318265133158e-05,0,1,1,2,2
396,38,09:59:51,4,-0.0071770334928229,635234.0,-0.0074162679425837,-0.0076555023923444,7.35253566876325e-07,-0.0086124401913875,1.6366357423105482e-05,-0.0090909090909089,2.006932657123156e-05,-0.0095693779904305,8.710819889676881e-05,-0.0100478468899519,1.3273261759925236e-05,-0.0071770334928229,7.35253566876325e-07,-0.0066985645933013,4.895240853150269e-06,-0.0062200956937799,1.0545084051252555e-05,-0.0057416267942582,5.688540754253672e-06,-0.0052631578947368,2.9688765079342973e-06,2,2,2,2,2
397,38,09:59:54,4,-0.0066985645933013,730667.0,-0.0071770334928229,-0.0076555023923444,3.2892922728677695e-07,-0.0081339712918659,4.837194518923191e-07,-0.0086124401913875,1.6366357423105482e-05,-0.0090909090909089,2.006932657123156e-05,-0.0095693779904305,8.683731600370912e-05,-0.0066985645933013,1.5092046899040356e-06,-0.0062200956937799,1.1435127842734423e-05,-0.0057416267942582,9.03587936134852e-06,-0.0052631578947368,6.180773668499296e-06,-0.0047846889952152,1.3486098318757855e-05,2,2,2,2,2
398,38,09:59:57,4,-0.0062200956937799,1295861.0,-0.0064593301435406,-0.0066985645933013,1.224777652191352e-05,-0.0071770334928229,1.7413900268123486e-06,-0.0076555023923444,3.2892922728677695e-07,-0.0081339712918659,4.837194518923191e-07,-0.0086124401913875,1.644375253540825e-05,-0.0062200956937799,3.347338607094848e-06,-0.0057416267942582,1.0487037717025478e-05,-0.0052631578947368,7.1288637942082416e-06,-0.0047846889952152,3.360882751747833e-05,-0.0043062200956938,5.275250854556875e-06,1,2,1,2,2
399,38,10:00:00,4,-0.0066985645933013,1025739.0,-0.0064593301435406,-0.0066985645933013,6.520538211508461e-06,-0.0071770334928229,4.895240853150269e-06,-0.0076555023923444,3.2892922728677695e-07,-0.0081339712918659,4.837194518923191e-07,-0.0086124401913875,1.6753332984619336e-05,-0.0062200956937799,1.6059485802824992e-06,-0.0057416267942582,1.0622479163555326e-05,-0.0052631578947368,9.771132928224844e-06,-0.0047846889952152,3.358947873940263e-05,-0.0043062200956938,5.275250854556875e-06,2,2,1,2,2
400,38,10:00:03,4,-0.0057416267942582,515983.0,-0.005980861244019,-0.0062200956937799,2.51534114984006e-07,-0.0066985645933013,4.983471281175428e-06,-0.0071770334928229,6.636630879962617e-06,-0.0076555023923444,1.5672510241311135e-06,-0.0081339712918659,4.837194518923191e-07,-0.0057416267942582,9.925923152830387e-06,-0.0052631578947368,1.3544144652984934e-05,-0.0047846889952152,3.492454442662544e-05,-0.0043062200956938,5.275250854556875e-06,-0.0038277511961721,1.8748965955346286e-05,1,2,1,2,2
401,38,10:00:06,4,-0.0062200956937799,1241760.0,-0.005980861244019,-0.0062200956937799,1.0448340160874092e-06,-0.0071770334928229,7.885787992529343e-06,-0.0076555023923444,1.6639949145095776e-06,-0.0081339712918659,1.47050713375265e-06,-0.0086124401913875,1.727574999266304e-05,-0.0057416267942582,8.223230682169424e-06,-0.0052631578947368,1.5092046899040357e-05,-0.0047846889952152,3.565979799350176e-05,-0.0043062200956938,5.275250854556875e-06,-0.0038277511961721,1.8478083062286587e-05,1,2,1,2,2
402,38,10:00:09,4,-0.0057416267942582,2750924.0,-0.0062200956937796,-0.0066985645933013,1.9348778075692766e-07,-0.0076555023923444,7.847864387500984e-07,-0.0081339712918659,2.631433818294216e-06,-0.0086124401913875,1.727574999266304e-05,-0.0090909090909089,2.1713972707665445e-05,-0.0057416267942582,1.17640570700212e-05,-0.0052631578947368,1.4530932334845264e-05,-0.0047846889952152,3.577589066195592e-05,-0.0043062200956938,5.081763073799947e-06,-0.0038277511961721,1.8478083062286587e-05,2,2,1,2,2
403,38,10:00:12,4,-0.0062200956937799,10457195.0,-0.005980861244019,-0.0062200956937799,1.5111395677116048e-05,-0.0076555023923444,5.224170080437046e-07,-0.0081339712918659,1.4124607995255717e-06,-0.0095693779904305,3.8458792229931474e-05,-0.0100478468899519,1.3176517869546773e-05,-0.0057416267942582,1.248267068775243e-05,-0.0052631578947368,1.414395677333141e-05,-0.0047846889952152,3.577589066195592e-05,-0.0043062200956938,5.081763073799947e-06,-0.0038277511961721,1.8478083062286587e-05,1,2,1,2,2
404,38,10:00:15,4,-0.0062200956937799,3654121.0,-0.0057416267942582,-0.0062200956937799,1.93526478313079e-06,-0.0066985645933013,6.772072326492467e-07,-0.0071770334928229,3.869755615138553e-07,-0.0076555023923444,5.224170080437046e-07,-0.0081339712918659,5.378960305042588e-06,-0.0052631578947368,1.2518659414973217e-05,-0.0047846889952152,3.577589066195592e-05,-0.0043062200956938,4.965670405345791e-06,-0.0038277511961721,1.8478083062286587e-05,-0.0033492822966507,5.591796863875208e-06,2,2,2,2,2
405,38,10:00:18,4,-0.0057416267942582,849679.0,-0.0055023923444975,-0.0057416267942582,6.578584545735539e-07,-0.0062200956937799,9.507989546395424e-07,-0.0066985645933013,1.2383217968443368e-06,-0.0071770334928229,1.1028803503144874e-06,-0.0076555023923444,5.224170080437046e-07,-0.0052631578947368,9.616342703619303e-06,-0.0047846889952152,3.577589066195592e-05,-0.0043062200956938,4.965670405345791e-06,-0.0038277511961721,1.814915383499981e-05,-0.0033492822966507,5.591796863875208e-06,1,1,1,2,2
406,38,10:00:21,4,-0.0057416267942582,712809.0,-0.0055023923444975,-0.0057416267942582,9.964620708981772e-06,-0.0062200956937799,2.4600036445435777e-06,-0.0066985645933013,1.2963681310714152e-06,-0.0071770334928229,1.2383217968443368e-06,-0.0076555023923444,7.546023449520178e-07,-0.0052631578947368,8.513462353304815e-06,-0.0047846889952152,3.5737193105804534e-05,-0.0043062200956938,4.965670405345791e-06,-0.0038277511961721,1.814915383499981e-05,-0.0033492822966507,5.591796863875208e-06,1,1,1,2,2
407,38,10:00:24,4,-0.0057416267942582,990416.0,-0.0055023923444975,-0.0057416267942582,1.397717030631894e-05,-0.0062200956937799,2.82763042798174e-06,-0.0066985645933013,1.4511583556769572e-06,-0.0071770334928229,1.4898559118283427e-06,-0.0076555023923444,8.12648679179096e-07,-0.0052631578947368,8.04909167948819e-06,-0.0047846889952152,3.5737193105804534e-05,-0.0043062200956938,5.159158186102718e-06,-0.0038277511961721,1.814915383499981e-05,-0.0033492822966507,5.591796863875208e-06,1,1,2,2,2
408,38,10:00:27,4,-0.0057416267942582,1112531.0,-0.0055023923444975,-0.0057416267942582,9.578032123029431e-06,-0.0062200956937799,3.678976663312222e-06,-0.0066985645933013,1.4898559118283427e-06,-0.0071770334928229,1.5865998022068066e-06,-0.0076555023923444,8.12648679179096e-07,-0.0052631578947368,7.197745444157708e-06,-0.0047846889952152,3.5833936996183e-05,-0.0043062200956938,5.159158186102718e-06,-0.0038277511961721,1.814915383499981e-05,-0.0033492822966507,5.591796863875208e-06,1,1,2,2,2
409,38,10:00:30,4,-0.0047846889952152,1382327.0,-0.0050239234449759,-0.0052631578947368,6.752723548416774e-06,-0.0057416267942582,5.843717954420728e-06,-0.0062200956937799,3.678976663312222e-06,-0.0066985645933013,2.8055728209754507e-06,-0.0071770334928229,1.8574826952665047e-06,-0.0047846889952152,3.55630541031233e-05,-0.0043062200956938,5.159158186102718e-06,-0.0038277511961721,1.814915383499981e-05,-0.0033492822966507,5.572448085799515e-06,-0.0028708133971291,5.611145641950901e-07,1,0,1,2,2
410,38,10:00:33,4,-0.0052631578947368,502863.0,-0.0050239234449759,-0.0052631578947368,1.89838601211852e-05,-0.0057416267942582,1.0371332024132835e-05,-0.0062200956937799,3.7757205536906855e-06,-0.0066985645933013,3.231245938640692e-06,-0.0071770334928229,2.3218533690831315e-06,-0.0047846889952152,3.488584687047405e-05,-0.0043062200956938,5.159158186102718e-06,-0.0038277511961721,1.814915383499981e-05,-0.0033492822966507,5.66919197617798e-06,-0.0028708133971291,5.611145641950901e-07,0,1,2,2,2
411,38,10:00:36,4,-0.0052631578947368,2584308.0,-0.0050239234449759,-0.0052631578947368,2.61479386914912e-06,-0.0057416267942582,1.2480348834383346e-05,-0.0062200956937799,4.08530100290177e-06,-0.0066985645933013,3.269943494792077e-06,-0.0071770334928229,2.5153411498400597e-06,-0.0047846889952152,3.273813250407215e-05,-0.0043062200956938,5.159158186102718e-06,-0.0038277511961721,1.814915383499981e-05,-0.0033492822966507,5.66919197617798e-06,-0.0028708133971291,5.611145641950901e-07,0,1,2,2,2
412,38,10:00:39,4,-0.0052631578947368,389800.0,-0.0050239234449759,-0.0052631578947368,4.598817573030656e-06,-0.0057416267942582,1.292537073012428e-05,-0.0062200956937799,3.7950693317663786e-06,-0.0066985645933013,3.192548382489306e-06,-0.0071770334928229,2.9023167113539144e-06,-0.0047846889952152,3.136436926069797e-05,-0.0043062200956938,4.19171928231808e-06,-0.0038277511961721,1.814915383499981e-05,-0.0033492822966507,5.66919197617798e-06,-0.0028708133971291,5.611145641950901e-07,0,1,2,2,2
413,38,10:00:42,4,-0.0052631578947368,1552270.0,-0.0050239234449759,-0.0052631578947368,5.287634072525318e-06,-0.0057416267942582,1.4995689984223404e-05,-0.0062200956937799,3.7950693317663786e-06,-0.0066985645933013,3.192548382489306e-06,-0.0071770334928229,3.3860361632462336e-06,-0.0047846889952152,2.2018909450138365e-05,-0.0043062200956938,4.385207063075008e-06,-0.0038277511961721,1.812980505692412e-05,-0.0033492822966507,5.572448085799515e-06,-0.0028708133971291,5.611145641950901e-07,0,1,2,2,2
414,38,10:00:45,4,-0.0052631578947368,1399466.0,-0.0050239234449759,-0.0052631578947368,3.4495001553345056e-06,-0.0057416267942582,1.693056779179268e-05,-0.0062200956937799,3.833766887917764e-06,-0.0066985645933013,3.192548382489306e-06,-0.0071770334928229,3.4053849413219262e-06,-0.0047846889952152,1.6794739369701316e-05,-0.0043062200956938,4.385207063075008e-06,-0.0038277511961721,1.812980505692412e-05,-0.0033492822966507,5.765935866556444e-06,-0.0028708133971291,5.611145641950901e-07,0,1,2,2,2
415,38,10:00:48,4,-0.0057416267942582,4183185.0,-0.005980861244019,-0.0062200956937799,7.993754174191708e-06,-0.0066985645933013,3.192548382489306e-06,-0.0071770334928229,3.5601751659274683e-06,-0.0076555023923444,9.287413476332526e-07,-0.0081339712918659,3.461496397741436e-05,-0.0057416267942582,4.584460779698492e-05,-0.0052631578947368,1.21355536090745e-06,-0.0047846889952152,3.3860361632462336e-06,-0.0043062200956938,3.9982315015611525e-06,-0.0038277511961721,1.812980505692412e-05,1,2,2,2,2
416,38,10:00:51,4,-0.0057416267942582,1716425.0,-0.005980861244019,-0.0062200956937799,7.993754174191708e-06,-0.0066985645933013,3.115153270186535e-06,-0.0071770334928229,4.701753072393341e-06,-0.0076555023923444,8.706950134061743e-07,-0.0081339712918659,3.461496397741436e-05,-0.0057416267942582,3.2610043593211067e-05,-0.0052631578947368,5.159932137225746e-06,-0.0047846889952152,7.35253566876325e-06,-0.0043062200956938,3.9982315015611525e-06,-0.0038277511961721,1.619492724935484e-05,2,2,2,2,2
417,38,10:00:54,4,-0.0057416267942582,1313236.0,-0.005980861244019,-0.0062200956937799,6.832827489650142e-06,-0.0066985645933013,3.115153270186535e-06,-0.0071770334928229,5.437006639269666e-06,-0.0076555023923444,8.706950134061743e-07,-0.0081339712918659,3.461496397741436e-05,-0.0057416267942582,2.154254253391481e-05,-0.0052631578947368,1.9845654696676552e-05,-0.0047846889952152,7.35253566876325e-06,-0.0043062200956938,3.9982315015611525e-06,-0.0038277511961721,1.619492724935484e-05,2,2,2,2,2
418,38,10:00:57,4,-0.0057416267942582,2568202.0,-0.005980861244019,-0.0062200956937799,5.033391128610715e-06,-0.0066985645933013,3.15385082633792e-06,-0.0071770334928229,5.495052973496745e-06,-0.0076555023923444,8.706950134061743e-07,-0.0081339712918659,3.461496397741436e-05,-0.0057416267942582,1.6133011159512625e-06,-0.0052631578947368,2.0484164373174413e-05,-0.0047846889952152,7.99104534526111e-06,-0.0043062200956938,3.9982315015611525e-06,-0.0038277511961721,1.619492724935484e-05,2,2,2,2,2
419,38,10:01:00,4,-0.0062200956937799,1834365.0,-0.0064593301435406,-0.0066985645933013,3.347338607094848e-06,-0.0071770334928229,6.481840655357075e-06,-0.0076555023923444,2.0219473089098936e-05,-0.0081339712918659,3.461496397741436e-05,-0.0086124401913875,1.2383217968443368e-06,-0.0062200956937799,1.641937307503288e-06,-0.0057416267942582,1.2069767763617145e-06,-0.0052631578947368,2.076665653307953e-05,-0.0047846889952152,4.295428732803794e-06,-0.0043062200956938,3.9982315015611525e-06,2,2,2,2,2
420,38,10:01:03,4,-0.0052631578947368,1685342.0,-0.0055023923444975,-0.0057416267942582,7.35253566876325e-07,-0.0066985645933013,3.0571069359594564e-06,-0.0071770334928229,6.597933323811232e-06,-0.0076555023923444,2.0645146206764177e-05,-0.0081339712918659,3.461496397741436e-05,-0.0052631578947368,1.4637737589823089e-05,-0.0047846889952152,4.256731176652408e-06,-0.0043062200956938,4.19171928231808e-06,-0.0038277511961721,1.619492724935484e-05,-0.0033492822966507,5.765935866556444e-06,2,2,2,2,2
421,38,10:01:06,4,-0.0052631578947368,6119185.0,-0.0050239234449759,-0.0052631578947368,1.0541214295637416e-06,-0.0057416267942582,4.469567735485028e-06,-0.0062200956937799,5.804633422707829e-07,-0.0081339712918659,2.7494613645559417e-05,-0.0086124401913875,8.900437914818671e-07,-0.0047846889952152,5.030682299680119e-06,-0.0043062200956938,4.19171928231808e-06,-0.0038277511961721,1.6175578471279148e-05,-0.0033492822966507,5.765935866556444e-06,-0.0028708133971291,4.4502189574093364e-07,1,2,2,2,2
422,38,10:01:09,4,-0.0062200956937799,796066.0,-0.0052631578947368,-0.0057416267942582,8.513462353304816e-07,-0.0062200956937799,8.606336488068141e-07,-0.0066985645933013,1.9155290294935838e-06,-0.0081339712918659,2.7494613645559417e-05,-0.0086124401913875,8.900437914818671e-07,-0.0047846889952152,3.792360502835781e-06,-0.0043062200956938,4.19171928231808e-06,-0.0038277511961721,1.598209069052222e-05,-0.0033492822966507,5.765935866556444e-06,-0.0028708133971291,4.4502189574093364e-07,2,2,2,2,2
423,38,10:01:12,4,-0.0052631578947368,598657.0,-0.0050239234449759,-0.0052631578947368,8.706950134061743e-07,-0.0057416267942582,3.173199604413613e-06,-0.0062200956937799,6.64591829343895e-06,-0.0066985645933013,2.495992371764366e-06,-0.0071770334928229,1.7413900268123485e-07,-0.0047846889952152,5.030682299680119e-06,-0.0043062200956938,4.19171928231808e-06,-0.0038277511961721,1.598209069052222e-05,-0.0033492822966507,5.765935866556444e-06,-0.0028708133971291,4.4502189574093364e-07,2,2,2,2,2
424,38,10:01:15,4,-0.0043062200956938,881823.0,-0.0045454545454545,-0.0047846889952152,1.4124607995255717e-06,-0.0057416267942582,1.942617318799553e-05,-0.0062200956937799,7.419869416466661e-06,-0.0066985645933013,2.495992371764366e-06,-0.0071770334928229,1.7413900268123485e-07,-0.0043062200956938,3.127536488154978e-06,-0.0038277511961721,1.598209069052222e-05,-0.0033492822966507,6.675328436114004e-06,-0.0028708133971291,4.4502189574093364e-07,-0.0023923444976075,6.036818759616142e-06,1,2,2,2,2
425,38,10:01:18,4,-0.0047846889952152,734290.0,-0.0045454545454545,-0.0047846889952152,1.6059485802824992e-06,-0.0052631578947368,1.1996242406929513e-06,-0.0057416267942582,1.9580963412601075e-05,-0.0062200956937799,9.490188670565786e-06,-0.0066985645933013,3.1345020482622275e-06,-0.0043062200956938,1.6183317982509426e-06,-0.0038277511961721,1.598209069052222e-05,-0.0033492822966507,6.675328436114004e-06,-0.0028708133971291,4.4502189574093364e-07,-0.0023923444976075,5.940074869237678e-06,2,2,2,2,2
426,38,10:01:21,4,-0.0047846889952152,894273.0,-0.0045454545454545,-0.0047846889952152,1.5053349342888969e-05,-0.0052631578947368,1.934877807569276e-08,-0.0057416267942582,1.983249752758508e-05,-0.0062200956937799,1.0535022686653197e-05,-0.0066985645933013,3.947150727441323e-06,-0.0043062200956938,1.2313562367370877e-06,-0.0038277511961721,1.598209069052222e-05,-0.0033492822966507,6.675328436114004e-06,-0.0028708133971291,6.385096764978611e-07,-0.0023923444976075,5.940074869237678e-06,2,2,2,2,2
427,38,10:01:24,4,-0.0043062200956938,648415.0,-0.0040669856459331,-0.0043062200956938,1.8837970334494475e-06,-0.0047846889952152,2.0354914535628788e-05,-0.0052631578947368,7.00425766340078e-06,-0.0057416267942582,2.2018909450138365e-05,-0.0062200956937799,1.1657251815043376e-05,-0.0038277511961721,1.5595115129008366e-05,-0.0033492822966507,6.675328436114004e-06,-0.0028708133971291,6.385096764978611e-07,-0.0023923444976075,5.940074869237678e-06,-0.001913875598086,2.48631798272652e-05,1,2,2,2,2
428,38,10:01:27,4,-0.0043062200956938,4153396.0,-0.0040669856459331,-0.0043062200956938,5.417657861193974e-07,-0.0047846889952152,4.256731176652408e-06,-0.0052631578947368,3.869755615138553e-06,-0.0057416267942582,1.8697885181226455e-05,-0.0062200956937799,1.169594937119476e-05,-0.0038277511961721,1.4027864104877253e-05,-0.0033492822966507,6.675328436114004e-06,-0.0028708133971291,6.385096764978611e-07,-0.0023923444976075,5.940074869237678e-06,-0.001913875598086,2.48631798272652e-05,2,2,2,2,2
429,38,10:01:30,4,-0.0038277511961721,645150.0,-0.0040669856459331,-0.0043062200956938,4.082592173971173e-06,-0.0047846889952152,5.843330978859214e-06,-0.0052631578947368,5.53375052964813e-06,-0.0057416267942582,1.9568580194632636e-05,-0.0062200956937799,1.161855425889199e-05,-0.0038277511961721,1.1473825398885808e-05,-0.0033492822966507,6.675328436114004e-06,-0.0028708133971291,8.319974572547888e-07,-0.0023923444976075,5.940074869237678e-06,-0.001913875598086,2.48631798272652e-05,2,2,2,2,2
430,38,10:01:33,4,-0.0038277511961721,2268809.0,-0.0035885167464114,-0.0038277511961721,8.784345246364515e-06,-0.0043062200956938,2.6507825963699087e-06,-0.0047846889952152,4.237382398576715e-06,-0.0052631578947368,5.572448085799515e-06,-0.0057416267942582,1.976206797538956e-05,-0.0033492822966507,6.481840655357075e-06,-0.0028708133971291,8.319974572547888e-07,-0.0023923444976075,5.940074869237678e-06,-0.001913875598086,2.478578471496243e-05,-0.0014354066985644,1.0545084051252555e-05,2,2,2,2,2
431,38,10:01:36,4,-0.0033492822966507,4763029.0,-0.0016746411483251,-0.001913875598086,3.869755615138553e-07,-0.0033492822966507,8.900437914818671e-07,-0.0038277511961721,1.47050713375265e-05,-0.0043062200956938,5.707889532329365e-06,-0.0047846889952152,5.572448085799515e-06,-0.0014354066985644,5.785284644632136e-06,-0.000956937799043,8.784345246364515e-06,-0.0004784688995214,1.2120848537736977e-05,0.0,8.617945754913556e-05,0.0004784688995216,9.03587936134852e-06,0,2,2,2,2
432,38,10:01:39,4,-0.0038277511961721,526978.0,-0.0035885167464114,-0.0038277511961721,2.7900937985148964e-05,-0.0043062200956938,8.223230682169424e-06,-0.0047846889952152,5.707889532329365e-06,-0.0052631578947368,6.888164994946624e-06,-0.0057416267942582,2.0497321542265883e-05,-0.0033492822966507,6.9655601072493945e-06,-0.0014354066985644,5.785284644632136e-06,-0.000956937799043,7.816906342579876e-06,-0.0004784688995214,1.2120848537736977e-05,0.0,8.617945754913556e-05,2,2,2,2,2
433,38,10:01:42,4,-0.0033492822966507,358244.0,-0.0026315789473684,-0.0033492822966507,6.191608984221684e-07,-0.0038277511961721,4.041959740012218e-05,-0.0043062200956938,1.2209078965762133e-05,-0.0047846889952152,4.256731176652408e-06,-0.0052631578947368,6.888164994946624e-06,-0.001913875598086,7.739511230277106e-08,-0.0014354066985644,5.53375052964813e-06,-0.000956937799043,7.816906342579876e-06,-0.0004784688995214,1.2120848537736977e-05,0.0,8.598596976837863e-05,2,2,2,2,2
434,38,10:01:45,4,-0.0014354066985644,206417.0,-0.0023923444976075,-0.0033492822966507,5.611145641950901e-07,-0.0038277511961721,4.14257338600582e-05,-0.0043062200956938,1.2228427743837826e-05,-0.0047846889952152,4.159987286273944e-06,-0.0052631578947368,7.468628337217407e-06,-0.0014354066985644,4.817845740847498e-06,-0.000956937799043,7.816906342579876e-06,-0.0004784688995214,1.2120848537736977e-05,0.0,8.598596976837863e-05,0.0004784688995216,9.03587936134852e-06,2,2,2,2,2
435,38,10:01:48,4,-0.0028708133971291,158564.0,-0.001913875598086,-0.0023923444976075,3.676267834381625e-07,-0.0028708133971291,2.51534114984006e-07,-0.0033492822966507,8.803694024440208e-06,-0.0038277511961721,4.924264020263808e-05,-0.0043062200956938,1.1686661957718428e-05,-0.0014354066985644,1.5362929792100053e-05,-0.000956937799043,7.816906342579876e-06,-0.0004784688995214,1.2120848537736977e-05,0.0,8.635359655181679e-05,0.0004784688995216,9.03587936134852e-06,2,2,2,2,2
436,38,10:01:51,4,-0.001913875598086,792716.0,-0.0026315789473684,-0.0033492822966507,1.133838395235596e-05,-0.0038277511961721,5.046161322140672e-05,-0.0043062200956938,1.170601073579412e-05,-0.0047846889952152,5.282216414664124e-06,-0.0052631578947368,7.83625512065557e-06,-0.001913875598086,4.06324339589548e-07,-0.0014354066985644,1.120294250582611e-05,-0.000956937799043,7.816906342579876e-06,-0.0004784688995214,1.293349721691607e-05,0.0,8.654708433257373e-05,2,2,2,2,2
437,38,10:01:54,4,-0.001913875598086,415144.0,-0.0016746411483251,-0.001913875598086,1.0061364599360235e-06,-0.0028708133971291,2.51534114984006e-07,-0.0033492822966507,1.4588978669072343e-05,-0.0038277511961721,5.011333521604425e-05,-0.0043062200956938,1.5324232235948667e-05,-0.0014354066985644,1.0235503602041471e-05,-0.000956937799043,7.816906342579876e-06,-0.0004784688995214,1.293349721691607e-05,0.0,8.654708433257373e-05,0.0004784688995216,9.03587936134852e-06,2,2,2,2,2
438,38,10:01:57,4,-0.0014354066985644,717744.0,-0.0016746411483251,-0.001913875598086,1.1609266845415658e-06,-0.0028708133971291,2.0896680321748184e-06,-0.0033492822966507,2.1883468003608517e-05,-0.0038277511961721,4.274145076920531e-05,-0.0043062200956938,1.5324232235948667e-05,-0.0014354066985644,6.8301186607195456e-06,-0.000956937799043,8.784345246364515e-06,-0.0004784688995214,1.544883836675613e-05,0.0,8.701145500639035e-05,0.0004784688995216,9.03587936134852e-06,2,2,2,2,2
439,38,10:02:00,4,-0.0014354066985644,2028571.0,-0.0011961722488037,-0.0014354066985644,1.799436361039427e-06,-0.001913875598086,3.4053849413219262e-06,-0.0028708133971291,2.457294815612981e-06,-0.0033492822966507,2.2367187455500837e-05,-0.0038277511961721,4.107745585469573e-05,-0.000956937799043,8.648903799834665e-06,-0.0004784688995214,1.5410140810604743e-05,0.0,8.701145500639035e-05,0.0004784688995216,9.229367142105449e-06,0.0009569377990432,8.983134592314182e-05,1,2,2,1,2
440,38,10:02:03,4,-0.000956937799043,649207.0,-0.0011961722488037,-0.0014354066985644,1.536331676766157e-05,-0.001913875598086,5.514401751572438e-06,-0.0023923444976075,5.224170080437046e-07,-0.0028708133971291,5.32091397081551e-06,-0.0033492822966507,2.4901877383416585e-05,-0.000956937799043,4.953287187377347e-06,-0.0004784688995214,1.5429489588680436e-05,0.0,8.710819889676881e-05,0.0004784688995216,9.229367142105449e-06,0.0009569377990432,7.99298022306868e-05,2,2,2,1,2
441,38,10:02:06,4,-0.0014354066985644,2532392.0,-0.0007177033492823,-0.0014354066985644,2.2455804859087507e-05,-0.001913875598086,6.327050430751533e-06,-0.0023923444976075,5.224170080437046e-07,-0.0028708133971291,5.32091397081551e-06,-0.0033492822966507,2.499862127379505e-05,0.0,8.710819889676881e-05,0.0004784688995216,9.229367142105449e-06,0.0009569377990432,8.012329001144373e-05,0.0014354066985646,9.480901257089452e-06,0.0019138755980863,1.170601073579412e-05,1,2,2,1,2
442,38,10:02:09,4,-0.000956937799043,843543.0,-0.0007177033492823,-0.000956937799043,2.7862240428997576e-06,-0.0014354066985644,4.298485839739753e-05,-0.001913875598086,7.91365023295834e-06,-0.0023923444976075,5.224170080437046e-07,-0.0028708133971291,5.1467749681342745e-06,-0.0004784688995214,1.3350656872228009e-06,0.0,8.691471111601189e-05,0.0004784688995216,9.422854922862376e-06,0.0009569377990432,7.263531289615062e-05,0.0014354066985646,9.480901257089452e-06,1,2,2,1,2
443,38,10:02:12,4,0.0,2454219.0,-0.0004784688995214,-0.000956937799043,3.869755615138552e-08,-0.0014354066985644,4.660307989755208e-05,-0.001913875598086,9.906574374754694e-06,-0.0023923444976075,5.224170080437046e-07,-0.0028708133971291,6.926862551098009e-06,0.0,7.952347789109725e-05,0.0004784688995216,9.422854922862376e-06,0.0009569377990432,7.263531289615062e-05,0.0014354066985646,9.480901257089452e-06,0.0019138755980863,1.3176517869546773e-05,2,2,1,1,2
444,38,10:02:15,4,-0.0004784688995214,940256.0,-0.0007177033492823,-0.000956937799043,2.708828930596987e-07,-0.0014354066985644,5.049218429076632e-05,-0.001913875598086,9.925923152830387e-06,-0.0023923444976075,5.224170080437046e-07,-0.0028708133971291,7.042955219552166e-06,-0.0004784688995214,2.8636191552025287e-06,0.0,7.369949569031373e-05,0.0004784688995216,9.422854922862376e-06,0.0009569377990432,7.263531289615062e-05,0.0014354066985646,9.480901257089452e-06,2,1,1,1,2
445,38,10:02:18,4,0.0,3889193.0,-0.0002392344497607,-0.0004784688995214,1.0003318265133158e-05,-0.000956937799043,7.062303997627858e-06,-0.0014354066985644,5.211748164912451e-05,-0.001913875598086,9.577645147467915e-06,-0.0023923444976075,5.224170080437046e-07,0.0,4.27801483253567e-05,0.0004784688995216,9.422854922862376e-06,0.0009569377990432,7.263531289615062e-05,0.0014354066985646,9.480901257089452e-06,0.0019138755980863,1.3099122757244e-05,2,2,1,1,2
446,38,10:02:21,4,0.0,2294725.0,-0.0002392344497607,-0.0004784688995214,9.016530583272828e-06,-0.000956937799043,1.3969817770650175e-05,-0.0014354066985644,5.356864000480147e-05,-0.001913875598086,1.01581084897387e-05,-0.0023923444976075,5.998121203464756e-07,0.0,3.4421476196657425e-05,0.0004784688995216,9.51959881324084e-06,0.0009569377990432,7.263531289615062e-05,0.0014354066985646,9.480901257089452e-06,0.0019138755980863,1.3099122757244e-05,1,2,1,1,2
447,38,10:02:24,4,0.0,3869205.0,-0.0004784688995214,-0.000956937799043,1.9871195083736468e-05,-0.0014354066985644,5.37427790074827e-05,-0.001913875598086,9.983969487057465e-06,-0.0023923444976075,1.0061364599360235e-06,-0.0028708133971291,7.410582002990328e-06,0.0,2.542429439146029e-05,0.0004784688995216,9.713086593997769e-06,0.0009569377990432,7.263531289615062e-05,0.0014354066985646,9.480901257089452e-06,0.0019138755980863,1.344740076260647e-05,2,2,2,1,2
448,38,10:02:27,4,0.0004784688995216,4969353.0,0.0002392344497608,0.0,3.889104393214245e-06,-0.0004784688995214,3.869755615138553e-07,-0.000956937799043,2.1296039101230484e-05,-0.0014354066985644,5.248510843256268e-05,-0.001913875598086,9.964620708981772e-06,0.0004784688995216,7.739511230277106e-08,0.0009569377990432,6.84366280537253e-05,0.0014354066985646,9.693737815922074e-06,0.0019138755980863,1.344740076260647e-05,0.0023923444976077,1.9221850091516217e-05,1,2,1,1,2
449,38,10:02:30,4,0.0009569377990432,2549664.0,0.0004784688995216,0.0,0.0001507076324315,-0.0004784688995214,5.843330978859214e-06,-0.000956937799043,2.4740121598703797e-05,-0.0014354066985644,4.390237745374688e-05,-0.001913875598086,9.771132928224844e-06,0.0009569377990432,4.957156942992486e-05,0.0014354066985646,9.693737815922074e-06,0.0019138755980863,1.344740076260647e-05,0.0023923444976077,1.9221850091516217e-05,0.0028708133971293,4.9203942646486696e-05,0,2,1,1,2
450,38,10:02:33,4,0.0009569377990432,19261524.0,0.0004784688995216,0.0,9.132623251726983e-06,-0.0004784688995214,3.231245938640692e-06,-0.000956937799043,2.735220663892232e-05,-0.0014354066985644,4.378628478529272e-05,-0.001913875598086,1.0835315722387946e-05,0.0009569377990432,4.8662176860367296e-05,0.0014354066985646,9.693737815922074e-06,0.0019138755980863,1.344740076260647e-05,0.0023923444976077,1.9221850091516217e-05,0.0028708133971293,5.0306822996801184e-05,2,2,1,1,2
451,38,10:02:36,4,0.0004784688995216,2044907.0,0.0002392344497608,0.0,3.331859584634294e-05,-0.0004784688995214,5.1467749681342745e-06,-0.000956937799043,2.6365418957061988e-05,-0.0014354066985644,4.324451899917333e-05,-0.001913875598086,9.30676225440822e-06,0.0004784688995216,7.739511230277106e-08,0.0009569377990432,3.908453171289938e-05,0.0014354066985646,9.693737815922074e-06,0.0019138755980863,1.344740076260647e-05,0.0023923444976077,2.005384754877101e-05,2,2,1,1,2
452,38,10:02:39,4,0.0009569377990432,9005886.0,0.0007177033492822,0.0004784688995216,4.798496962771805e-06,0.0,2.534689927915752e-06,-0.0004784688995214,1.1028803503144874e-06,-0.000956937799043,2.8126157761950027e-05,-0.0014354066985644,4.161922164081513e-05,0.0009569377990432,1.427939821986126e-05,0.0014354066985646,9.790481706300536e-06,0.0019138755980863,1.344740076260647e-05,0.0023923444976077,1.972491832148423e-05,0.0028708133971293,3.697551490264887e-05,1,2,1,1,2
453,38,10:02:42,4,0.0009569377990432,3603305.0,0.0004784688995216,0.0,1.934877807569276e-08,-0.0004784688995214,1.2576705749200296e-06,-0.000956937799043,2.8010065093495872e-05,-0.0014354066985644,3.146111315107643e-05,-0.001913875598086,9.287413476332526e-06,0.0009569377990432,5.611145641950901e-07,0.0014354066985646,9.80983048437623e-06,0.0019138755980863,1.3505447096833548e-05,0.0023923444976077,1.972491832148423e-05,0.0028708133971293,3.697551490264887e-05,2,0,1,1,2
454,38,10:02:45,4,0.0,4704051.0,-0.0002392344497607,-0.0004784688995214,1.218973018768644e-06,-0.000956937799043,2.826159920847988e-05,-0.0014354066985644,2.7572008757862185e-05,-0.001913875598086,8.12648679179096e-06,-0.0023923444976075,9.093925695575598e-07,0.0,4.935873287109224e-05,0.0014354066985646,6.772072326492467e-07,0.0019138755980863,1.304107642301692e-05,0.0023923444976077,1.7944830738520495e-05,0.0028708133971293,3.693681734649749e-05,2,1,1,1,2
455,38,10:02:48,4,0.0014354066985646,6028960.0,0.0016746411483254,0.0014354066985646,1.9697056081055238e-06,0.0009569377990432,2.6507825963699087e-06,0.0004784688995216,2.0122729198720474e-06,0.0,9.674389037846383e-08,-0.0004784688995214,1.354414465298493e-06,0.0019138755980863,1.224777652191352e-05,0.0023923444976077,1.8215713631580195e-05,0.0028708133971293,3.693681734649749e-05,0.0033492822966507,2.80750769878302e-05,0.0038277511961724,2.2632265715137823e-05,1,0,1,1,2
456,38,10:02:51,4,0.0014354066985646,736695.0,0.0016746411483254,0.0014354066985646,9.364808588635297e-06,0.0009569377990432,7.754990252737659e-06,0.0004784688995216,1.331195931607662e-05,0.0,4.353475067030872e-06,-0.0004784688995214,4.198684842425329e-06,0.0019138755980863,2.51340627203249e-05,0.0023923444976077,1.8273759965807277e-05,0.0028708133971293,3.693681734649749e-05,0.0033492822966507,2.80750769878302e-05,0.0038277511961724,2.2632265715137823e-05,1,0,0,1,2
457,38,10:02:54,4,0.0014354066985646,2111534.0,0.0011961722488038,0.0009569377990432,1.1237770306362356e-05,0.0004784688995216,1.427939821986126e-05,0.0,7.255791778384786e-06,-0.0004784688995214,5.437006639269666e-06,-0.000956937799043,3.046735990910885e-05,0.0014354066985646,3.676267834381625e-07,0.0019138755980863,2.376029947695071e-05,0.0023923444976077,1.8273759965807277e-05,0.0028708133971293,3.693681734649749e-05,0.0033492822966507,2.80750769878302e-05,2,1,0,1,2
458,38,10:02:57,4,0.0019138755980863,2147162.0,0.0016746411483254,0.0014354066985646,1.7413900268123485e-07,0.0009569377990432,4.910719875610823e-06,0.0004784688995216,1.485986156213204e-05,0.0,7.894301454882647e-06,-0.0004784688995214,3.6375702782302393e-06,0.0019138755980863,1.6988227150458247e-05,0.0023923444976077,2.40783933885151e-05,0.0028708133971293,3.7130305127254415e-05,0.0033492822966507,2.770745020439204e-05,0.0038277511961724,2.2438777934380892e-05,0,0,0,1,2
459,38,10:03:00,4,0.0019138755980863,5425282.0,0.0021531100478469,0.0019138755980863,3.1151532701865346e-05,0.0014354066985646,5.804633422707829e-07,0.0009569377990432,3.869755615138552e-08,0.0004784688995216,1.2282604322449764e-05,0.0,1.0448340160874092e-05,0.0023923444976077,2.6013271196084374e-05,0.0028708133971293,3.7130305127254415e-05,0.0033492822966507,2.770745020439204e-05,0.0038277511961724,2.2438777934380892e-05,0.0043062200956938,3.728819115635207e-05,0,0,0,1,2
460,38,10:03:03,4,0.0019138755980863,4357499.0,0.0021531100478469,0.0019138755980863,6.152911428070298e-06,0.0014354066985646,2.5908013843352608e-05,0.0009569377990432,5.940074869237678e-06,0.0004784688995216,1.2843718886644856e-05,0.0,9.964620708981772e-06,0.0023923444976077,2.6051968752235764e-05,0.0028708133971293,3.7130305127254415e-05,0.0033492822966507,2.770745020439204e-05,0.0038277511961724,2.241942915630521e-05,0.0043062200956938,3.7094703375595135e-05,0,0,0,1,2
461,38,10:03:06,4,0.0019138755980863,5387994.0,0.0021531100478469,0.0019138755980863,1.919398785108722e-05,0.0014354066985646,3.059041813767026e-05,0.0009569377990432,6.346399208827226e-06,0.0004784688995216,1.2843718886644856e-05,0.0,2.877163299855514e-05,0.0023923444976077,2.7174197880625945e-05,0.0028708133971293,3.7130305127254415e-05,0.0033492822966507,2.770745020439204e-05,0.0038277511961724,2.2845102273970443e-05,0.0043062200956938,3.7094703375595135e-05,0,0,0,1,2
462,38,10:03:09,4,0.0019138755980863,1675778.0,0.0021531100478469,0.0019138755980863,2.4418157931524265e-05,0.0014354066985646,3.753662946684396e-05,0.0009569377990432,6.578584545735539e-06,0.0004784688995216,1.323069444815871e-05,0.0,2.8965120779312063e-05,0.0023923444976077,1.7209577171644172e-05,0.0028708133971293,3.7014212458800256e-05,0.0033492822966507,2.770745020439204e-05,0.0038277511961724,2.2845102273970443e-05,0.0043062200956938,3.647554247717297e-05,0,0,0,2,2
463,38,10:03:12,4,0.0,18215478.0,-0.0002392344497607,-0.0004784688995214,9.693737815922074e-06,-0.000956937799043,2.8609877213842347e-05,-0.0014354066985644,2.675936007868309e-05,-0.001913875598086,6.578584545735539e-06,-0.0023923444976075,8.513462353304816e-07,0.0,5.355045215341032e-05,0.0019138755980863,1.7413900268123486e-06,0.0023923444976077,1.9348778075692766e-07,0.0028708133971293,1.1086849837371951e-05,0.0033492822966507,2.770745020439204e-05,2,2,1,2,2
464,38,10:03:15,4,0.0,6320114.0,-0.0002392344497607,-0.0004784688995214,8.803694024440208e-06,-0.000956937799043,2.8280947986555568e-05,-0.0014354066985644,2.675936007868309e-05,-0.001913875598086,6.559235767659847e-06,-0.0023923444976075,8.513462353304816e-07,0.0,5.604180081843652e-06,0.0014354066985646,3.869755615138552e-08,0.0019138755980863,3.415059330359773e-05,0.0023923444976077,9.635691481694996e-06,0.0028708133971293,1.128033761812888e-05,2,2,1,2,2
465,38,10:03:18,4,0.0009569377990432,2806686.0,0.0004784688995216,0.0,3.2118971605649985e-06,-0.0004784688995214,8.803694024440208e-06,-0.000956937799043,2.6558906737818915e-05,-0.0014354066985644,2.675936007868309e-05,-0.001913875598086,6.559235767659847e-06,0.0009569377990432,1.0835315722387947e-06,0.0019138755980863,2.4972306935612107e-05,0.0023923444976077,1.3370005650303698e-05,0.0028708133971293,1.128033761812888e-05,0.0033492822966507,2.770745020439204e-05,1,2,1,2,2
466,38,10:03:21,4,0.0019138755980863,2832352.0,0.0007177033492822,-0.0004784688995214,8.687601355986051e-06,-0.000956937799043,2.7139370080089697e-05,-0.0014354066985644,2.6720662522531704e-05,-0.001913875598086,6.559235767659847e-06,-0.0023923444976075,9.093925695575598e-07,0.0019138755980863,2.1760409775047107e-05,0.0023923444976077,8.319974572547888e-06,0.0028708133971293,1.3215215425698156e-05,0.0033492822966507,2.770745020439204e-05,0.0038277511961724,2.6424626217973608e-05,1,0,1,2,2
467,38,10:03:24,4,0.0004784688995216,796685.0,0.0007177033492822,0.0004784688995216,1.5672510241311135e-06,0.0,6.489580166587353e-05,-0.0004784688995214,6.9655601072493945e-06,-0.000956937799043,2.721676519239247e-05,-0.0014354066985644,2.660456985407755e-05,0.0009569377990432,9.268064698256831e-06,0.0014354066985646,1.876831473342198e-06,0.0019138755980863,2.4604680152173945e-05,0.0023923444976077,8.594727221222725e-06,0.0028708133971293,1.5749905353613907e-05,1,0,1,2,2
468,38,10:03:27,4,0.0009569377990432,7435401.0,0.0004784688995216,0.0,3.362778931999251e-05,-0.0004784688995214,4.14450826381339e-05,-0.000956937799043,2.415965825643301e-05,-0.0014354066985644,2.6662616188304628e-05,-0.001913875598086,6.559235767659847e-06,0.0009569377990432,9.287413476332526e-07,0.0014354066985646,3.927801949365631e-06,0.0019138755980863,2.748764808545217e-05,0.0023923444976077,8.691471111601189e-06,0.0028708133971293,1.646581014241454e-05,1,0,0,2,2
469,38,10:03:30,4,0.0,1171243.0,0.0004784688995216,0.0,8.528902678209219e-05,-0.0004784688995214,4.310907755264348e-05,-0.000956937799043,2.0289902641294458e-05,-0.0014354066985644,2.6372384517169235e-05,-0.001913875598086,6.559235767659847e-06,0.0009569377990432,1.9929241417963544e-06,0.0014354066985646,6.791421104568159e-06,0.0019138755980863,2.702327741163554e-05,0.0023923444976077,7.491846870908238e-06,0.0028708133971293,1.6581902810868696e-05,1,0,1,2,2
470,38,10:03:33,4,0.0014354066985646,2580968.0,0.0009569377990432,0.0004784688995216,7.546023449520178e-07,0.0,7.824607156254002e-05,-0.0004784688995214,4.742385506352296e-05,-0.000956937799043,2.0386646531672923e-05,-0.0014354066985644,2.703024297174279e-05,0.0014354066985646,1.766543438310749e-05,0.0019138755980863,3.0351267240654696e-05,0.0023923444976077,2.846592230495919e-05,0.0028708133971293,1.6581902810868696e-05,0.0033492822966507,3.218475745110734e-05,1,0,1,2,2
471,38,10:03:36,4,0.0014354066985646,1289142.0,0.0011961722488038,0.0009569377990432,5.0113335216044255e-06,0.0004784688995216,2.225109478704668e-06,0.0,8.356698553335553e-05,-0.0004784688995214,4.7443203841598657e-05,-0.000956937799043,2.0405995309748616e-05,0.0014354066985646,9.635691481694996e-06,0.0019138755980863,3.079628913639563e-05,0.0023923444976077,3.198739991473528e-05,0.0028708133971293,1.6581902810868696e-05,0.0033492822966507,3.2204106229183035e-05,0,0,1,2,2
472,38,10:03:39,4,0.0009569377990432,6259420.0,0.0004784688995216,0.0,5.057731891429937e-05,-0.0004784688995214,4.887501341919992e-05,-0.000956937799043,2.0405995309748616e-05,-0.0014354066985644,2.4185972594615952e-05,-0.001913875598086,6.152911428070298e-06,0.0009569377990432,2.7475264867483723e-06,0.0014354066985646,1.0564432829328249e-05,0.0019138755980863,3.08736842486984e-05,0.0023923444976077,3.399967283460732e-05,0.0028708133971293,1.5865998022068066e-05,0,0,1,2,2
473,38,10:03:42,4,0.0009569377990432,1522662.0,0.0004784688995216,0.0,5.073210913890491e-05,-0.0004784688995214,4.873957197267007e-05,-0.000956937799043,2.0405995309748616e-05,-0.0014354066985644,2.4185972594615952e-05,-0.001913875598086,6.152911428070298e-06,0.0009569377990432,9.480901257089452e-07,0.0014354066985646,2.401183359193472e-05,0.0019138755980863,3.1338054922515026e-05,0.0023923444976077,3.5276692187603045e-05,0.0028708133971293,1.598209069052222e-05,0,0,1,2,2
474,38,10:03:45,4,0.0009569377990432,6802372.0,0.0004784688995216,0.0,3.064807749633582e-05,-0.0004784688995214,4.912654753418392e-05,-0.000956937799043,2.1257341545079098e-05,-0.0014354066985644,2.360550925234517e-05,-0.001913875598086,6.152911428070298e-06,0.0009569377990432,3.269943494792077e-06,0.0014354066985646,9.093925695575598e-07,0.0019138755980863,2.6965231077408463e-05,0.0023923444976077,3.5470179968359975e-05,0.0028708133971293,1.609818335897638e-05,0,0,1,2,2
475,38,10:03:48,4,0.0009569377990432,1051873.0,0.0011961722488038,0.0009569377990432,1.218973018768644e-06,0.0004784688995216,6.501189433432768e-06,0.0,2.9061477694129016e-05,-0.0004784688995214,4.912654753418392e-05,-0.000956937799043,2.121864398892771e-05,0.0014354066985646,2.4108577482313183e-05,0.0019138755980863,2.6578255515894608e-05,0.0023923444976077,3.655371154059877e-05,0.0028708133971293,1.609818335897638e-05,0.0033492822966507,3.290066223990797e-05,0,0,1,2,2
476,38,10:03:51,4,0.0,7027865.0,-0.0002392344497607,-0.0004784688995214,4.8546084191913145e-05,-0.000956937799043,2.121864398892771e-05,-0.0014354066985644,2.3508765361966708e-05,-0.001913875598086,6.152911428070298e-06,-0.0023923444976075,1.2383217968443368e-06,0.0,0.0001352870432808,0.0004784688995216,2.708828930596987e-07,0.0009569377990432,2.3218533690831315e-06,0.0014354066985646,2.4340762819221496e-05,0.0019138755980863,2.6481511625516143e-05,1,1,2,2,2
477,38,10:03:54,4,0.0,4127355.0,-0.0002392344497607,-0.0004784688995214,4.125159485737697e-05,-0.000956937799043,2.1237992767003405e-05,-0.0014354066985644,2.3508765361966708e-05,-0.001913875598086,6.152911428070298e-06,-0.0023923444976075,1.4318095776012643e-06,0.0,0.0001082181027529,0.0004784688995216,2.708828930596987e-07,0.0009569377990432,1.4975954230586198e-05,0.0014354066985646,2.67400113006074e-05,0.0019138755980863,2.415965825643301e-05,1,1,2,2,2
478,38,10:03:57,4,0.0,2073145.0,-0.0002392344497607,-0.0004784688995214,3.8774951263688295e-05,-0.000956937799043,2.121864398892771e-05,-0.0014354066985644,2.196086311591129e-05,-0.001913875598086,6.152911428070298e-06,-0.0023923444976075,1.4318095776012643e-06,0.0,9.759562358935582e-05,0.0004784688995216,3.676267834381625e-07,0.0009569377990432,1.809110750077273e-05,0.0014354066985646,3.7788163581827965e-05,0.0019138755980863,2.4120960700281625e-05,1,1,2,2,2
479,38,10:04:00,4,-0.0004784688995214,2467839.0,-0.0002392344497607,-0.0004784688995214,2.410567516560183e-05,-0.000956937799043,2.121864398892771e-05,-0.0014354066985644,2.196086311591129e-05,-0.001913875598086,6.152911428070298e-06,-0.0023923444976075,1.4318095776012643e-06,0.0,0.0001182794673522,0.0004784688995216,3.676267834381625e-07,0.0009569377990432,2.316048735660424e-05,0.0014354066985646,2.65809643448252e-05,0.0019138755980863,2.383072902914624e-05,1,1,2,2,2
480,38,10:04:03,4,0.0,2112490.0,-0.0002392344497607,-0.0004784688995214,1.466347146466376e-05,-0.000956937799043,2.1953897555804035e-05,-0.0014354066985644,2.2038258228214055e-05,-0.001913875598086,6.152911428070298e-06,-0.0023923444976075,1.4318095776012643e-06,0.0,0.0001138485971729,0.0004784688995216,4.643706738166263e-07,0.0009569377990432,2.457294815612981e-05,0.0014354066985646,2.8496493374318786e-05,0.0019138755980863,2.3927472919524698e-05,1,1,2,2,2
481,38,10:04:06,4,-0.0004784688995214,3064871.0,-0.0007177033492823,-0.000956937799043,1.97645833165394e-05,-0.0014354066985644,2.2038258228214055e-05,-0.001913875598086,6.152911428070298e-06,-0.0023923444976075,1.3931120214498788e-06,-0.0028708133971291,7.255791778384786e-06,-0.0004784688995214,1.934877807569276e-08,0.0,0.0001024328181082,0.0004784688995216,5.611145641950901e-07,0.0009569377990432,2.5269504166854747e-05,0.0014354066985646,2.8496493374318786e-05,1,2,2,2,2
482,38,10:04:09,4,-0.0004784688995214,2156286.0,-0.0007177033492823,-0.000956937799043,1.711380072016949e-05,-0.0014354066985644,2.2038258228214055e-05,-0.001913875598086,6.152911428070298e-06,-0.0023923444976075,1.3931120214498788e-06,-0.0028708133971291,7.255791778384786e-06,-0.0004784688995214,9.674389037846383e-08,0.0,8.952718313179193e-05,0.0004784688995216,5.611145641950901e-07,0.0009569377990432,2.5791921174898453e-05,0.0014354066985646,2.851584215239448e-05,1,2,2,2,2
483,38,10:04:12,4,-0.000956937799043,3655641.0,-0.0004784688995214,-0.000956937799043,1.3766462113074643e-05,-0.0014354066985644,2.2038258228214055e-05,-0.001913875598086,6.152911428070298e-06,-0.0023923444976075,1.6059485802824992e-06,-0.0028708133971291,7.255791778384786e-06,0.0,8.813407111034204e-05,0.0004784688995216,1.064182794163102e-06,0.0009569377990432,3.536956632236637e-05,0.0014354066985646,2.731621791170153e-05,0.0019138755980863,2.4469238705644097e-05,1,2,2,2,2
484,38,10:04:15,4,-0.0004784688995214,2813950.0,-0.0007177033492823,-0.000956937799043,6.046299660873232e-06,-0.0014354066985644,2.5153411498400592e-05,-0.001913875598086,6.172260206145991e-06,-0.0023923444976075,1.6059485802824992e-06,-0.0028708133971291,7.255791778384786e-06,-0.0004784688995214,2.341202147158824e-06,0.0,7.809205528905751e-05,0.0004784688995216,1.064182794163102e-06,0.0009569377990432,3.5195427319685134e-05,0.0014354066985646,2.532329376990517e-05,2,2,2,2,2
485,38,10:04:18,4,-0.0004784688995214,1620858.0,-0.0002392344497607,-0.0004784688995214,1.6562554032793006e-05,-0.000956937799043,1.7895684842208236e-06,-0.0014354066985644,2.534689927915752e-05,-0.001913875598086,2.898446955738776e-05,-0.0023923444976075,1.7026924706609631e-06,0.0,7.913611535402189e-05,0.0004784688995216,1.064182794163102e-06,0.0009569377990432,3.652701022685432e-05,0.0014354066985646,2.542003766028364e-05,0.0019138755980863,2.429509970296286e-05,1,2,2,2,2
486,38,10:04:21,4,-0.0004784688995214,1188853.0,-0.0002392344497607,-0.0004784688995214,1.427939821986126e-05,-0.000956937799043,3.298773174124859e-06,-0.0014354066985644,2.534689927915752e-05,-0.001913875598086,2.898446955738776e-05,-0.0023923444976075,1.722041248736656e-06,0.0,7.629184497689505e-05,0.0004784688995216,8.319974572547888e-07,0.0009569377990432,3.627547611187031e-05,0.0014354066985646,2.480087676186147e-05,0.0019138755980863,2.468207526447672e-05,1,2,2,2,2
487,38,10:04:24,4,-0.0004784688995214,3330651.0,-0.0002392344497607,-0.0004784688995214,5.611145641950901e-07,-0.000956937799043,6.87829711812802e-06,-0.0014354066985644,2.534689927915752e-05,-0.001913875598086,2.898446955738776e-05,-0.0023923444976075,1.722041248736656e-06,0.0,6.0077568949464514e-05,0.0004784688995216,8.319974572547888e-07,0.0009569377990432,3.6314173668021694e-05,0.0014354066985646,2.4704132871483004e-05,0.0019138755980863,2.468207526447672e-05,1,2,2,2,2
488,38,10:04:27,4,-0.0004784688995214,1272424.0,-0.0007177033492823,-0.000956937799043,1.941630531117693e-05,-0.0014354066985644,2.5308201723006133e-05,-0.001913875598086,2.9177957338144687e-05,-0.0023923444976075,1.722041248736656e-06,-0.0028708133971291,7.275140556460479e-06,-0.0004784688995214,4.06324339589548e-07,0.0,5.535646709899548e-05,0.0004784688995216,8.319974572547888e-07,0.0009569377990432,3.538543232038844e-05,0.0014354066985646,2.2304884390097104e-05,2,2,2,2,2
489,38,10:04:30,4,0.0,6927806.0,0.0002392344497608,0.0,1.9735753637206617e-08,-0.0004784688995214,1.354414465298493e-06,-0.000956937799043,1.9861327206917863e-05,-0.0014354066985644,2.5308201723006133e-05,-0.001913875598086,2.8810330554706525e-05,0.0004784688995216,1.1086849837371951e-05,0.0009569377990432,4.558223836627852e-05,0.0014354066985646,2.216944294356725e-05,0.0019138755980863,2.4469238705644097e-05,0.0023923444976077,3.280004859391437e-05,1,2,2,2,2
490,38,10:04:33,4,0.0004784688995216,1157879.0,0.0002392344497608,0.0,9.86787681860331e-06,-0.0004784688995214,7.140086085492143e-06,-0.000956937799043,2.059658077379419e-05,-0.0014354066985644,2.54049456133846e-05,-0.001913875598086,2.9003818335463453e-05,0.0004784688995216,1.638841503011177e-05,0.0009569377990432,4.722688450271241e-05,0.0014354066985646,2.1337445486312464e-05,0.0019138755980863,2.4488587483719787e-05,0.0023923444976077,3.2664607147384524e-05,1,2,2,2,2
491,38,10:04:36,4,0.0,1321028.0,0.0002392344497608,0.0,6.114213871918913e-06,-0.0004784688995214,1.1474212374447322e-05,-0.000956937799043,2.1757507458335757e-05,-0.0014354066985644,2.4747087158811044e-05,-0.001913875598086,2.9023167113539146e-05,0.0004784688995216,1.4240700663709871e-05,0.0009569377990432,4.72655820588638e-05,0.0014354066985646,2.1337445486312464e-05,0.0019138755980863,2.5011004491763493e-05,0.0023923444976077,3.247111936662759e-05,2,2,2,2,2
492,38,10:04:39,4,0.0004784688995216,1814642.0,0.0002392344497608,0.0,4.4521538352169047e-05,-0.0004784688995214,1.2693185393215969e-05,-0.000956937799043,2.1931646461016988e-05,-0.0014354066985644,2.494057493956797e-05,-0.001913875598086,2.9023167113539146e-05,0.0004784688995216,4.256731176652408e-06,0.0009569377990432,4.72655820588638e-05,0.0014354066985646,2.1337445486312464e-05,0.0019138755980863,2.462402893024964e-05,0.0023923444976077,3.2664607147384524e-05,2,2,2,2,2
493,38,10:04:42,4,0.0,4326598.0,0.0004784688995216,0.0,3.84847195925529e-05,-0.0004784688995214,2.2831945104878973e-05,-0.000956937799043,2.3228014592088404e-05,-0.0014354066985644,2.374095069887502e-05,-0.001913875598086,2.9023167113539146e-05,0.0009569377990432,3.0103215905724315e-05,0.0014354066985646,2.129874793016108e-05,0.0019138755980863,2.462402893024964e-05,0.0023923444976077,3.2664607147384524e-05,0.0028708133971293,1.983249752758508e-05,2,2,2,2,2
494,38,10:04:45,4,0.0004784688995216,2760618.0,0.0007177033492822,0.0004784688995216,1.934877807569276e-08,0.0,5.144840090326706e-05,-0.0004784688995214,2.445685548767565e-05,-0.000956937799043,2.613033130344232e-05,-0.0014354066985644,2.393443847963195e-05,0.0009569377990432,1.986771230368284e-05,0.0014354066985646,2.2188791721642945e-05,0.0019138755980863,2.493051357496861e-05,0.0023923444976077,3.2664607147384524e-05,0.0028708133971293,1.983249752758508e-05,2,2,2,2,2
495,38,10:04:48,4,0.0009569377990432,2545363.0,0.0007177033492822,0.0004784688995216,1.855547817458936e-05,0.0,6.299962141445563e-05,-0.0004784688995214,2.888772566700929e-05,-0.000956937799043,2.553051918309584e-05,-0.0014354066985644,1.7123668596988095e-05,0.0009569377990432,6.18812620416806e-06,0.0014354066985646,2.2382279502399876e-05,0.0019138755980863,2.5124001355725535e-05,0.0023923444976077,3.2664607147384524e-05,0.0028708133971293,1.983249752758508e-05,2,2,2,2,2
496,38,10:04:51,4,0.0014354066985646,4129465.0,0.0016746411483254,0.0014354066985646,1.1260988840053187e-05,0.0009569377990432,3.6375702782302393e-06,0.0004784688995216,2.826856476858713e-05,0.0,7.149373498968476e-05,-0.0004784688995214,2.9023167113539146e-05,0.0019138755980863,1.85957236329868e-05,0.0023923444976077,3.2761351037762986e-05,0.0028708133971293,2.342885490851409e-05,0.0033492822966507,3.4158332814828005e-05,0.0038277511961724,2.6482672552200683e-05,2,2,2,2,2
497,38,10:04:54,4,0.0014354066985646,4439901.0,0.001913875598086,0.0014354066985646,1.4685722559450809e-05,0.0009569377990432,1.3215215425698156e-05,0.0004784688995216,3.2351156942558297e-05,0.0,8.140030936443945e-05,-0.0004784688995214,3.0009954795399475e-05,0.0023923444976077,1.554248645264248e-05,0.0028708133971293,2.342885490851409e-05,0.0033492822966507,3.4158332814828005e-05,0.0038277511961724,2.358035584084677e-05,0.0043062200956938,4.6962580194198446e-05,2,2,2,2,2
498,38,10:04:57,4,0.0019138755980863,5382008.0,0.0021531100478469,0.0019138755980863,1.2692798417654453e-05,0.0014354066985646,1.9348778075692764e-06,0.0009569377990432,1.9716404859130926e-05,0.0004784688995216,3.411189574744634e-05,0.0,8.544420398225924e-05,0.0023923444976077,1.7413900268123485e-07,0.0028708133971293,1.356639574777198e-05,0.0033492822966507,3.406158892444954e-05,0.0038277511961724,2.358035584084677e-05,0.0043062200956938,4.6962580194198446e-05,2,2,2,2,2
499,38,10:05:00,4,0.0028708133971293,1120965.0,0.0026315789473683,0.0023923444976077,1.7413900268123485e-07,0.0019138755980863,1.6059485802824993e-05,0.0014354066985646,1.0254852380117164e-05,0.0009569377990432,3.697551490264887e-05,0.0004784688995216,4.417326034680658e-05,0.0028708133971293,9.522501129952191e-06,0.0033492822966507,3.406158892444954e-05,0.0038277511961724,2.462518985693418e-05,0.0043062200956938,4.6962580194198446e-05,0.0047846889952154,0.0001594670177542,2,2,2,2,2
500,38,10:05:03,4,0.0033492822966507,11254416.0,0.0031100478468899,0.0028708133971293,1.9348778075692766e-07,0.0023923444976077,4.082592173971173e-06,0.0019138755980863,8.04909167948819e-06,0.0014354066985646,3.869755615138553e-07,0.0009569377990432,1.3931120214498788e-06,0.0033492822966507,3.17590843334421e-05,0.0038277511961724,2.462518985693418e-05,0.0043062200956938,4.6962580194198446e-05,0.0047846889952154,0.0001596386414157,0.005263157894737,2.5726135329441095e-05,2,2,2,2,2
501,38,10:05:06,4,0.0028708133971293,1144302.0,0.0031100478468899,0.0028708133971293,3.289292272867769e-06,0.0023923444976077,1.588534680014376e-05,0.0019138755980863,9.925923152830387e-06,0.0014354066985646,5.998121203464756e-07,0.0009569377990432,2.612085040218523e-06,0.0033492822966507,2.817956038943894e-05,0.0038277511961724,2.4238214295420324e-05,0.0043062200956938,4.7175416753031067e-05,0.0047846889952154,0.0001596386414157,0.005263157894737,2.5726135329441095e-05,2,2,2,2,2
502,38,10:05:09,4,0.0028708133971293,4212713.0,0.0033492822966507,0.0028708133971293,8.590857465607587e-06,0.0023923444976077,2.6488477185623397e-05,0.0019138755980863,1.667864670124716e-05,0.0014354066985646,1.5285534679797282e-06,0.0009569377990432,3.5601751659274683e-06,0.0038277511961724,2.0279454301133584e-05,0.0043062200956938,4.725281186533384e-05,0.0047846889952154,0.0001596386414157,0.005263157894737,2.5726135329441095e-05,0.0057416267942584,6.075516315767528e-06,2,2,2,2,2
503,38,10:05:12,4,0.0043062200956938,4313663.0,0.0038277511961721,0.0033492822966507,1.4298746997936952e-06,0.0028708133971293,7.623418561822949e-06,0.0023923444976077,2.801703065360312e-05,0.0019138755980863,1.6001439468597914e-05,0.0014354066985646,1.799436361039427e-06,0.0043062200956938,3.637879858679451e-05,0.0047846889952154,0.000159716036528,0.005263157894737,2.5726135329441095e-05,0.0057416267942584,6.075516315767528e-06,0.0062200956937801,1.9348778075692764e-06,2,2,2,2,2
504,38,10:05:15,4,0.0038277511961724,1038941.0,0.0040669856459329,0.0038277511961724,6.114213871918913e-06,0.0033492822966507,2.4822547393306244e-05,0.0028708133971293,1.5362929792100053e-05,0.0023923444976077,1.89811512922546e-05,0.0019138755980863,1.778152705156165e-05,0.0043062200956938,2.8058824014246612e-05,0.0047846889952154,0.0001597353853061,0.005263157894737,2.582287921981956e-05,0.0057416267942584,6.075516315767528e-06,0.0062200956937801,1.9348778075692764e-06,2,2,2,2,2
505,38,10:05:18,4,0.0043062200956938,2624649.0,0.0040669856459329,0.0038277511961724,8.900437914818671e-07,0.0033492822966507,3.120764415828486e-05,0.0028708133971293,1.745259782427487e-05,0.0023923444976077,1.87102683991949e-05,0.0019138755980863,1.5943393134370835e-05,0.0043062200956938,1.6701091283814964e-05,0.0047846889952154,0.0001592903634103,0.005263157894737,2.582287921981956e-05,0.0057416267942584,6.075516315767528e-06,0.0062200956937801,1.9348778075692764e-06,2,2,2,2,2
506,38,10:05:21,4,0.0047846889952154,4379144.0,0.0045454545454544,0.0043062200956938,7.35253566876325e-07,0.0038277511961724,7.546023449520178e-07,0.0033492822966507,4.09787770865097e-05,0.0028708133971293,1.8013712388469963e-05,0.0023923444976077,2.066449498483987e-05,0.0047846889952154,0.0001424213247328,0.005263157894737,2.582287921981956e-05,0.0057416267942584,6.075516315767528e-06,0.0062200956937801,1.9348778075692764e-06,0.0066985645933015,3.579523944003161e-06,1,2,2,2,2
507,38,10:05:24,4,0.0047846889952154,1435338.0,0.0045454545454544,0.0043062200956938,6.017469981540449e-06,0.0038277511961724,1.939115189967853e-05,0.0033492822966507,4.157858920685618e-05,0.0028708133971293,1.638841503011177e-05,0.0023923444976077,2.2173699674743903e-05,0.0047846889952154,0.0001351307051539,0.005263157894737,2.582287921981956e-05,0.0057416267942584,6.075516315767528e-06,0.0062200956937801,1.9348778075692764e-06,0.0066985645933015,5.514401751572438e-06,2,2,2,2,2
508,38,10:05:27,4,0.0047846889952154,3890890.0,0.0045454545454544,0.0043062200956938,4.467632857677459e-05,0.0038277511961724,3.0478001737050484e-05,0.0033492822966507,3.991652917015417e-05,0.0028708133971293,1.5924044356295145e-05,0.0023923444976077,2.0567751094461408e-05,0.0047846889952154,0.0001522479886541,0.005263157894737,2.582287921981956e-05,0.0057416267942584,6.075516315767528e-06,0.0062200956937801,1.9348778075692764e-06,0.0066985645933015,5.514401751572438e-06,2,2,2,2,2
509,38,10:05:30,4,0.005263157894737,17063842.0,0.0050239234449762,0.0047846889952154,7.01081689916844e-05,0.0043062200956938,5.674996609600687e-05,0.0038277511961724,3.388338667837241e-05,0.0033492822966507,3.7014212458800256e-05,0.0028708133971293,1.534358101402436e-05,0.005263157894737,2.3617118519190587e-05,0.0057416267942584,6.075516315767528e-06,0.0062200956937801,1.81878513911512e-06,0.0066985645933015,5.514401751572438e-06,0.0071770334928231,8.05973350742982e-06,2,2,2,2,2
510,38,10:05:33,4,0.005263157894737,1793698.0,0.0050239234449762,0.0047846889952154,0.0001608152406105,0.0043062200956938,6.559235767659847e-05,0.0038277511961724,3.558607914903337e-05,0.0033492822966507,3.569849554965315e-05,0.0028708133971293,9.46155247901376e-06,0.005263157894737,1.775443876225568e-05,0.0057416267942584,6.075516315767528e-06,0.0062200956937801,1.81878513911512e-06,0.0066985645933015,5.417657861193973e-06,0.0071770334928231,8.05973350742982e-06,2,2,2,2,2
511,38,10:05:36,4,0.0047846889952154,6645024.0,0.0050239234449762,0.0047846889952154,0.0001914637050824,0.0043062200956938,7.308033479189157e-05,0.0038277511961724,3.65922156089694e-05,0.0033492822966507,2.923600367237177e-05,0.0028708133971293,9.46155247901376e-06,0.005263157894737,5.796893911477552e-06,0.0057416267942584,6.075516315767528e-06,0.0062200956937801,1.81878513911512e-06,0.0066985645933015,5.417657861193973e-06,0.0071770334928231,8.05973350742982e-06,2,2,2,2,2
512,38,10:05:39,4,0.0062200956937801,2656819.0,0.005980861244019,0.0057416267942584,9.674389037846382e-07,0.005263157894737,2.5045058341176716e-05,0.0047846889952154,0.0002490069710795,0.0043062200956938,4.181270942157206e-05,0.0038277511961724,3.7075935060861714e-05,0.0062200956937801,5.030682299680119e-07,0.0066985645933015,5.417657861193973e-06,0.0071770334928231,8.05973350742982e-06,0.0076555023923445,4.895240853150269e-06,0.0081339712918662,1.3077452125799224e-05,2,2,2,2,2
513,38,10:05:42,4,0.0071770334928231,999398.0,0.0066985645933015,0.0062200956937801,4.06324339589548e-07,0.0057416267942584,1.3563493431060627e-05,0.005263157894737,5.532589602963589e-05,0.0047846889952154,0.0002277039664182,0.0043062200956938,3.233180816448261e-05,0.0071770334928231,5.408950911059912e-06,0.0076555023923445,4.895240853150269e-06,0.0081339712918662,1.269047656428537e-05,0.0086124401913876,4.552380505648993e-06,0.0090909090909092,6.9462113291737015e-06,2,2,2,2,1
514,38,10:05:45,4,0.0062200956937801,1502608.0,0.0069377990430623,0.0062200956937801,2.0896680321748184e-06,0.0057416267942584,1.8265246503453966e-05,0.005263157894737,8.616784828229015e-05,0.0047846889952154,0.000227916802977,0.0043062200956938,2.64691284075477e-05,0.0076555023923445,1.6552879643755158e-06,0.0081339712918662,5.744265235111667e-06,0.0086124401913876,4.552380505648993e-06,0.0090909090909092,6.9462113291737015e-06,0.0095693779904306,4.964451432327022e-05,2,2,2,2,1
515,38,10:05:48,4,0.0076555023923445,4984382.0,0.0090909090909092,0.0086124401913876,3.869755615138553e-07,0.0076555023923445,7.993367198630194e-06,0.0071770334928231,1.1609266845415658e-06,0.0062200956937801,3.3666873851705405e-06,0.0057416267942584,2.4611645712281196e-05,0.0095693779904306,2.792957417670099e-05,0.0100478468899523,1.547902246055421e-06,0.0105263157894737,4.555476310141104e-06,0.0110047846889951,1.1319035174280268e-05,0.0114832535885167,3.6956166124573177e-06,2,2,1,1,0
516,38,10:05:51,4,0.0090909090909092,1010063.0,0.0088516746411484,0.0086124401913876,2.109016810250511e-06,0.0076555023923445,7.85502343538899e-06,0.0071770334928231,1.01581084897387e-05,0.0066985645933015,5.74658708848075e-06,0.0062200956937801,1.323456420377385e-05,0.0090909090909092,1.1222291283901802e-06,0.0095693779904306,2.731041327827882e-05,0.0100478468899523,1.547902246055421e-06,0.0105263157894737,4.555476310141104e-06,0.0110047846889951,1.1319035174280268e-05,2,2,1,1,0
517,38,10:05:54,4,0.0081339712918662,1999738.0,0.0088516746411484,0.0081339712918662,1.435679333216403e-05,0.0076555023923445,2.3295348339791812e-05,0.0071770334928231,1.8690919621119207e-05,0.0066985645933015,6.617282101886925e-06,0.0062200956937801,1.778152705156165e-05,0.0095693779904306,1.4636963638700062e-05,0.0100478468899523,1.547902246055421e-06,0.0105263157894737,4.555476310141104e-06,0.0110047846889951,1.1319035174280268e-05,0.0114832535885167,3.6956166124573177e-06,2,2,0,1,0
518,38,10:05:57,4,0.0095693779904306,4270880.0,0.0093301435406698,0.0090909090909092,7.739511230277106e-08,0.0086124401913876,9.616342703619303e-06,0.0081339712918662,2.078058765329403e-05,0.0076555023923445,3.0647884008555065e-05,0.0071770334928231,2.283155812931746e-05,0.0095693779904306,6.539886989584154e-08,0.0100478468899523,1.547902246055421e-06,0.0105263157894737,4.555476310141104e-06,0.0110047846889951,1.1319035174280268e-05,0.0114832535885167,3.6956166124573177e-06,2,2,0,1,0
519,38,10:06:00,4,0.0090909090909092,2887106.0,0.0093301435406698,0.0090909090909092,7.449279559141714e-06,0.0086124401913876,9.67438903784638e-06,0.0081339712918662,2.078058765329403e-05,0.0076555023923445,3.774888556233431e-05,0.0071770334928231,2.0625797428688484e-05,0.0095693779904306,2.554038705991445e-06,0.0110047846889951,1.0715740273880166e-05,0.0114832535885167,3.6956166124573177e-06,0.0119617224880381,1.4724420115602192e-05,0.0124401913875598,2.2986348353923e-06,2,2,0,1,0
520,38,10:06:03,4,0.0105263157894737,2065219.0,0.0107655502392345,0.0105263157894737,8.319974572547888e-07,0.0100478468899523,4.7211018504690345e-06,0.0095693779904306,3.2660737391769386e-05,0.0090909090909092,2.081928520944541e-05,0.0086124401913876,1.0332247492419937e-05,0.0110047846889951,1.0607000141094772e-06,0.0114832535885167,3.6956166124573177e-06,0.0119617224880381,1.4724420115602192e-05,0.0124401913875598,2.2986348353923e-06,0.0129186602870814,9.17132080787837e-06,2,2,0,0,0
521,38,10:06:06,4,0.0110047846889951,2295811.0,0.0098086124401914,0.0095693779904306,6.352203842249935e-05,0.0090909090909092,2.401183359193472e-05,0.0086124401913876,1.0738571832009485e-05,0.0081339712918662,2.316048735660424e-05,0.0076555023923445,3.424675673063392e-05,0.0100478468899523,2.128365588326204e-07,0.0119617224880381,1.3811544765991009e-05,0.0124401913875598,2.2986348353923e-06,0.0129186602870814,9.17132080787837e-06,0.0133971291866028,7.391233224914635e-06,2,2,0,0,0
522,38,10:06:09,4,0.0100478468899523,4129363.0,0.0102870813397131,0.0100478468899523,1.064182794163102e-06,0.0095693779904306,7.704683429740858e-05,0.0090909090909092,2.3295928803134087e-05,0.0086124401913876,1.1667313179642737e-05,0.0081339712918662,1.302172764494123e-05,0.0105263157894737,2.2444582567803605e-06,0.0119617224880381,1.2650618081449444e-05,0.0124401913875598,2.2986348353923e-06,0.0129186602870814,9.17132080787837e-06,0.0133971291866028,7.874952676806954e-06,2,2,0,0,0
523,38,10:06:12,4,0.0095693779904306,7998788.0,0.0117224880382778,0.0095693779904306,8.143900692059084e-05,0.0090909090909092,2.536624805723321e-05,0.0086124401913876,1.2383217968443369e-05,0.0081339712918662,9.558296369392224e-06,0.0076555023923445,3.3995222615649915e-05,0.0138755980861244,9.188541220365736e-06,0.0143540669856458,7.2087355501047e-05,0.0148325358851675,1.6272322361657614e-05,0.0153110047846889,4.256731176652408e-06,0.0157894736842105,4.8758920750745765e-06,1,0,0,0,0
524,38,10:06:15,4,0.0119617224880381,2311864.0,0.0136363636363638,0.0133971291866028,1.1609266845415657e-07,0.0119617224880381,1.5169442011343124e-05,0.0110047846889951,8.900437914818671e-07,0.0105263157894737,8.706950134061743e-07,0.0100478468899523,2.612085040218523e-06,0.0138755980861244,5.550970942135497e-06,0.0143540669856458,7.228084328180394e-05,0.0148325358851675,1.5924044356295145e-05,0.0153110047846889,4.256731176652408e-06,0.0157894736842105,4.8758920750745765e-06,0,0,0,0,0
525,38,10:06:18,4,0.0119617224880381,3184617.0,0.0122009569377992,0.0119617224880381,1.4472886000618188e-05,0.0114832535885167,1.547902246055421e-07,0.0110047846889951,4.159987286273944e-06,0.0105263157894737,1.3911771436423096e-05,0.0100478468899523,1.2557356971124605e-05,0.0124401913875598,3.3860361632462336e-06,0.0133971291866028,2.6178896736412308e-05,0.0138755980861244,6.150783062481972e-06,0.0143540669856458,7.266781884331779e-05,0.0148325358851675,1.5924044356295145e-05,0,0,0,0,0
526,38,10:06:21,4,0.0119617224880381,1789585.0,0.0124401913875598,0.0119617224880381,3.908453171289938e-06,0.0114832535885167,8.706950134061743e-07,0.0110047846889951,1.1222291283901805e-05,0.0105263157894737,2.457294815612981e-05,0.0100478468899523,1.762673682695611e-05,0.0129186602870814,8.242579460245117e-06,0.0133971291866028,4.125159485737697e-05,0.0138755980861244,1.984971794007245e-05,0.0143540669856458,5.961745500682454e-05,0.0148325358851675,1.5924044356295145e-05,0,0,0,0,0
527,38,10:06:24,4,0.0110047846889951,6848557.0,0.0114832535885167,0.0110047846889951,1.354414465298493e-06,0.0105263157894737,2.844270377126836e-05,0.0100478468899523,1.6330368695884693e-05,0.0095693779904306,7.956217544724864e-05,0.0090909090909092,1.2073637519232285e-05,0.0119617224880381,3.676267834381625e-06,0.0129186602870814,7.681464896050026e-06,0.0133971291866028,1.876831473342198e-05,0.0138755980861244,4.064965437144217e-05,0.0143540669856458,5.967550134105162e-05,1,0,0,0,0
528,38,10:06:27,4,0.0119617224880381,3292570.0,0.0112440191387559,0.0105263157894737,2.170932900092728e-05,0.0100478468899523,1.6291671139733307e-05,0.0095693779904306,7.8091668313496e-05,0.0090909090909092,7.468628337217407e-06,0.0086124401913876,1.1957544850778128e-05,0.0119617224880381,2.283155812931746e-05,0.0124401913875598,5.282216414664124e-06,0.0129186602870814,2.4108577482313183e-05,0.0133971291866028,1.8594175730740745e-05,0.0138755980861244,4.366806375125024e-05,0,0,0,0,0
529,38,10:06:30,4,0.0105263157894737,4967075.0,0.0112440191387559,0.0105263157894737,1.6794739369701316e-05,0.0100478468899523,1.5169442011343124e-05,0.0095693779904306,6.352203842249935e-05,0.0090909090909092,6.8107698826438525e-06,0.0086124401913876,1.2151032631535057e-05,0.0119617224880381,2.801703065360312e-05,0.0124401913875598,7.429930781066021e-06,0.0129186602870814,2.882967933278221e-05,0.0133971291866028,1.9232685407238606e-05,0.0138755980861244,4.684126335566385e-05,0,0,0,0,0
530,38,10:06:33,4,0.0119617224880381,4840296.0,0.0114832535885167,0.0110047846889951,3.869755615138552e-08,0.0100478468899523,1.4202003107558489e-05,0.0095693779904306,6.574714790120401e-05,0.0090909090909092,6.404445543054305e-06,0.0086124401913876,1.2151032631535057e-05,0.0119617224880381,7.333186890687557e-06,0.0124401913875598,8.184533126018038e-06,0.0129186602870814,4.086461929586311e-05,0.0133971291866028,1.985184630566077e-05,0.0138755980861244,4.759586570061587e-05,0,0,0,0,0
531,38,10:06:36,4,0.0119617224880381,2813799.0,0.0114832535885167,0.0110047846889951,2.128365588326204e-07,0.0105263157894737,9.074576917499906e-06,0.0100478468899523,1.232517163421629e-05,0.0095693779904306,6.071646560152389e-05,0.0090909090909092,4.4115214012579495e-06,0.0119617224880381,5.166123746209968e-06,0.0124401913875598,8.467992724826937e-06,0.0129186602870814,3.55437053250476e-05,0.0133971291866028,2.045165842600725e-05,0.0138755980861244,4.117207137948587e-05,0,0,0,0,0
532,38,10:06:39,4,0.0105263157894737,4891860.0,0.0110047846889953,0.0105263157894737,7.294489334536172e-06,0.0100478468899523,1.5517720016705597e-05,0.0095693779904306,5.380895182850157e-05,0.0090909090909092,4.218033620501022e-06,0.0086124401913876,1.1957544850778128e-05,0.0114832535885167,4.837194518923191e-07,0.0119617224880381,3.869755615138552e-08,0.0124401913875598,2.9342421951788075e-06,0.0129186602870814,2.21930484528196e-05,0.0133971291866028,2.497927249571936e-05,0,0,0,0,0
533,38,10:06:42,4,0.0090909090909092,16006222.0,0.0093301435406698,0.0090909090909092,4.005197061668402e-06,0.0086124401913876,1.1957544850778128e-05,0.0081339712918662,7.197745444157708e-06,0.0076555023923445,1.224777652191352e-05,0.0071770334928231,5.591796863875208e-06,0.0095693779904306,0.0001665813699648,0.0100478468899523,2.9023167113539144e-07,0.0105263157894737,2.341202147158824e-06,0.0110047846889951,1.7413900268123485e-07,0.0114832535885167,2.9023167113539144e-07,0,0,1,0,0
534,38,10:06:45,4,0.0095693779904306,5160990.0,0.0093301435406698,0.0090909090909092,3.3860361632462336e-06,0.0086124401913876,1.1996242406929512e-05,0.0081339712918662,7.197745444157708e-06,0.0076555023923445,1.0680525497782404e-05,0.0071770334928231,5.591796863875208e-06,0.0095693779904306,0.000121905041388,0.0100478468899523,1.2576705749200296e-06,0.0105263157894737,7.410582002990328e-06,0.0110047846889951,5.069379855831504e-06,0.0114832535885167,2.979711823656685e-06,0,0,1,0,0
535,38,10:06:48,4,0.0086124401913876,8036517.0,0.0090909090909092,0.0086124401913876,9.30676225440822e-06,0.0081339712918662,7.197745444157708e-06,0.0076555023923445,1.0487037717025478e-05,0.0071770334928231,5.553099307723823e-06,0.0066985645933015,3.095804492110842e-07,0.0095693779904306,5.5693522813074046e-05,0.0100478468899523,1.2963681310714152e-06,0.0105263157894737,7.952347789109726e-06,0.0110047846889951,1.0893362056615026e-05,0.0114832535885167,2.999060601732378e-06,1,0,1,0,0
536,38,10:06:51,4,0.0095693779904306,2533755.0,0.0088516746411484,0.0086124401913876,7.101001553779244e-06,0.0081339712918662,7.197745444157708e-06,0.0076555023923445,6.114213871918913e-06,0.0071770334928231,5.611145641950901e-06,0.0066985645933015,3.095804492110842e-07,0.0090909090909092,1.9348778075692766e-07,0.0095693779904306,3.760241531230132e-05,0.0100478468899523,1.2963681310714152e-06,0.0105263157894737,2.7359172199029565e-05,0.0110047846889951,1.1996242406929512e-05,0,0,1,0,0
537,38,10:06:54,4,0.0071770334928231,11913514.0,0.0062200956937801,0.005263157894737,0.0001136624619278,0.0047846889952154,0.0001202526557404,0.0043062200956938,1.9561614634525385e-05,0.0038277511961724,1.3640888543363398e-05,0.0033492822966507,8.900437914818671e-06,0.0071770334928231,3.676267834381625e-06,0.0081339712918662,4.4502189574093364e-07,0.0086124401913876,1.0699874275858098e-05,0.0090909090909092,5.0113335216044255e-06,0.0095693779904306,3.942120045141643e-05,2,2,2,1,0
538,38,10:06:57,4,0.0062200956937801,4522995.0,0.0071770334928231,0.0062200956937801,1.1609266845415657e-07,0.005263157894737,8.458124848008335e-05,0.0047846889952154,0.0001588534680014,0.0043062200956938,1.9561614634525385e-05,0.0038277511961724,1.3640888543363398e-05,0.0081339712918662,8.900437914818671e-07,0.0086124401913876,1.8516780618437973e-05,0.0090909090909092,4.374758722914134e-05,0.0095693779904306,4.094975391939616e-05,0.0100478468899523,2.9023167113539144e-07,2,2,2,1,0
539,38,10:07:00,4,0.0081339712918662,2781900.0,0.0076555023923445,0.0071770334928231,1.547902246055421e-07,0.0062200956937801,3.676267834381625e-07,0.005263157894737,8.258832433828698e-05,0.0047846889952154,0.0001589889094479,0.0043062200956938,1.905854640455737e-05,0.0081339712918662,9.867876818603309e-07,0.0086124401913876,3.4827800536246973e-06,0.0090909090909092,5.07905424486935e-05,0.0095693779904306,4.354249018153899e-05,0.0100478468899523,2.9023167113539144e-07,0,2,2,0,0
540,38,10:07:03,4,0.0090909090909092,2544149.0,0.0086124401913876,0.0081339712918662,1.934877807569276e-08,0.0071770334928231,6.191608984221684e-07,0.0062200956937801,3.095804492110842e-07,0.005263157894737,7.912489306273799e-05,0.0047846889952154,0.0001593758850094,0.0090909090909092,3.031953524461056e-05,0.0095693779904306,4.315551462002514e-05,0.0100478468899523,2.9023167113539144e-07,0.0105263157894737,1.540162734825144e-05,0.0110047846889951,1.427939821986126e-05,0,1,1,0,0
541,38,10:07:06,4,0.0090909090909092,2762290.0,0.0066985645933015,0.0057416267942584,1.934877807569276e-08,0.005263157894737,7.678369091557916e-05,0.0047846889952154,0.0001592984898971,0.0043062200956938,1.9077895182633065e-05,0.0038277511961724,1.3834376324120324e-05,0.0076555023923445,1.547902246055421e-07,0.0090909090909092,2.3624858030420863e-05,0.0095693779904306,4.35231414034633e-05,0.0100478468899523,5.804633422707829e-07,0.0105263157894737,1.5034000564813276e-05,2,2,2,0,0
542,38,10:07:09,4,0.0081339712918662,2091350.0,0.0083732057416268,0.0081339712918662,1.583117022153182e-06,0.0066985645933015,1.934877807569276e-08,0.0062200956937801,1.9348778075692766e-07,0.0057416267942584,1.1996242406929513e-06,0.005263157894737,7.6667598247125e-05,0.0086124401913876,1.8961802514178909e-06,0.0090909090909092,2.312178980045285e-05,0.0095693779904306,4.226547082854327e-05,0.0100478468899523,5.804633422707829e-07,0.0105263157894737,1.5111395677116048e-05,1,2,1,0,0
543,38,10:07:12,4,0.0076555023923445,1928346.0,0.0078947368421051,0.0076555023923445,5.8046334227078287e-08,0.0071770334928231,4.140638508198252e-06,0.0066985645933015,3.869755615138552e-08,0.0062200956937801,8.900437914818671e-07,0.0057416267942584,1.4898559118283427e-06,0.0081339712918662,9.674389037846383e-08,0.0086124401913876,1.9155290294935838e-06,0.0090909090909092,1.4360276112217655e-05,0.0095693779904306,4.240091227507312e-05,0.0100478468899523,5.804633422707829e-07,1,2,1,0,0
544,38,10:07:15,4,0.0071770334928231,22072384.0,0.0066985645933015,0.0062200956937801,3.869755615138552e-08,0.0057416267942584,1.934877807569276e-08,0.0047846889952154,4.903754315503574e-05,0.0043062200956938,1.799436361039427e-05,0.0038277511961724,1.4105259217180023e-05,0.0071770334928231,5.221848227067963e-06,0.0076555023923445,1.5865998022068066e-06,0.0081339712918662,7.197745444157708e-06,0.0086124401913876,3.85040683706286e-06,0.0090909090909092,1.4708554117580124e-05,2,2,2,0,0
545,38,10:07:18,4,0.0081339712918662,4598147.0,0.0078947368421051,0.0076555023923445,9.674389037846383e-08,0.0057416267942584,8.706950134061743e-07,0.005263157894737,5.8046334227078287e-08,0.0047846889952154,2.8431094504422943e-05,0.0043062200956938,1.7704131939258877e-05,0.0081339712918662,1.2574383895831211e-05,0.0086124401913876,1.3253912981849542e-05,0.0090909090909092,1.6836919705906328e-05,0.0095693779904306,4.290398050504113e-05,0.0100478468899523,1.547902246055421e-06,2,2,1,0,0
546,38,10:07:21,4,0.0081339712918662,3302573.0,0.0078947368421051,0.0076555023923445,5.66919197617798e-06,0.0071770334928231,2.708828930596987e-07,0.0062200956937801,1.9348778075692766e-07,0.0057416267942584,6.772072326492467e-07,0.005263157894737,7.739511230277106e-08,0.0081339712918662,9.594672072174529e-06,0.0086124401913876,1.534358101402436e-05,0.0090909090909092,1.699170993051187e-05,0.0095693779904306,4.454862664147502e-05,0.0100478468899523,1.2576705749200296e-06,2,2,1,0,0
547,38,10:07:24,4,0.0081339712918662,3158825.0,0.0083732057416268,0.0081339712918662,3.699486368072456e-07,0.0076555023923445,5.688540754253672e-06,0.0071770334928231,6.017469981540449e-06,0.0066985645933015,2.708828930596987e-07,0.0062200956937801,2.3218533690831317e-07,0.0086124401913876,3.231245938640692e-06,0.0090909090909092,1.5150093233267432e-05,0.0095693779904306,4.4374487638793785e-05,0.0100478468899523,5.1467749681342745e-06,0.0105263157894737,8.455416019077737e-06,2,2,0,0,0
548,38,10:07:27,4,0.0086124401913876,5251681.0,0.0083732057416268,0.0081339712918662,1.0355466026110766e-06,0.0076555023923445,3.927801949365631e-06,0.0071770334928231,7.391233224914635e-06,0.0066985645933015,3.676267834381625e-07,0.0062200956937801,8.319974572547888e-07,0.0086124401913876,2.167063144477589e-06,0.0090909090909092,1.5034000564813276e-05,0.0095693779904306,4.476146320030764e-05,0.0100478468899523,5.340262748891203e-06,0.0105263157894737,8.300625794472195e-06,2,2,0,0,0
549,38,10:07:30,4,0.0081339712918662,1413989.0,0.0086124401913876,0.0081339712918662,2.263807034856053e-06,0.0076555023923445,1.577312388730474e-06,0.0071770334928231,1.1570569289264271e-05,0.0066985645933015,3.676267834381625e-07,0.0062200956937801,1.218973018768644e-06,0.0090909090909092,1.4666373781375114e-05,0.0095693779904306,4.48582070906861e-05,0.0100478468899523,5.340262748891203e-06,0.0105263157894737,7.371884446838942e-06,0.0110047846889951,1.162861562349135e-05,2,2,1,0,0
550,38,10:07:33,4,0.0081339712918662,1674240.0,0.0086124401913876,0.0081339712918662,1.7394551490047795e-05,0.0076555023923445,7.652828704498001e-06,0.0071770334928231,1.1686661957718428e-05,0.0066985645933015,5.804633422707829e-07,0.0062200956937801,6.2109577622973765e-06,0.0090909090909092,4.546962847787799e-06,0.0095693779904306,0.0001223500632838,0.0100478468899523,5.340262748891203e-06,0.0105263157894737,7.371884446838942e-06,0.0110047846889951,1.162861562349135e-05,2,1,0,0,0
551,38,10:07:36,4,0.0086124401913876,2038185.0,0.0090909090909092,0.0086124401913876,6.772072326492467e-07,0.0081339712918662,1.9387475631844148e-05,0.0076555023923445,8.020455487936164e-06,0.0071770334928231,1.1454476620810116e-05,0.0066985645933015,5.804633422707829e-07,0.0095693779904306,0.0001265100505701,0.0100478468899523,5.398309083118281e-06,0.0105263157894737,7.313838112611864e-06,0.0110047846889951,1.1241640061977496e-05,0.0114832535885167,3.192548382489306e-06,1,0,0,0,0
552,38,10:07:39,4,0.0095693779904306,8946295.0,0.0093301435406698,0.0090909090909092,8.194594490617398e-06,0.0086124401913876,3.1345020482622275e-06,0.0081339712918662,2.4340762819221496e-05,0.0076555023923445,8.059153044087549e-06,0.0071770334928231,1.3544144652984934e-05,0.0095693779904306,5.4493898572381096e-05,0.0100478468899523,5.398309083118281e-06,0.0105263157894737,7.313838112611864e-06,0.0110047846889951,1.0661176719706712e-05,0.0114832535885167,3.192548382489306e-06,1,0,0,0,0
553,38,10:07:42,4,0.0090909090909092,2698614.0,0.0093301435406698,0.0090909090909092,3.285809492814145e-06,0.0086124401913876,5.689121217595943e-06,0.0081339712918662,2.908121344776622e-05,0.0076555023923445,8.059153044087549e-06,0.0071770334928231,1.3737632433741862e-05,0.0095693779904306,5.093372340645363e-05,0.0100478468899523,5.398309083118281e-06,0.0105263157894737,7.313838112611864e-06,0.0110047846889951,1.0661176719706712e-05,0.0114832535885167,3.192548382489306e-06,1,1,0,0,0
554,38,10:07:45,4,0.0095693779904306,6288897.0,0.0093301435406698,0.0090909090909092,1.7413900268123485e-07,0.0086124401913876,1.0677623181071052e-05,0.0081339712918662,3.312510806558601e-05,0.0076555023923445,8.252640824844478e-06,0.0071770334928231,1.4395490888315416e-05,0.0095693779904306,9.391896877941267e-06,0.0100478468899523,5.398309083118281e-06,0.0105263157894737,7.313838112611864e-06,0.0110047846889951,1.0390293826647014e-05,0.0114832535885167,3.2118971605649985e-06,2,1,0,0,0
555,38,10:07:48,4,0.0095693779904306,3459663.0,0.0093301435406698,0.0090909090909092,5.998121203464756e-07,0.0086124401913876,7.697330894072096e-06,0.0081339712918662,4.0168063285138176e-05,0.0076555023923445,8.542872495979869e-06,0.0071770334928231,1.4395490888315416e-05,0.0095693779904306,1.4863924805527936e-05,0.0100478468899523,5.398309083118281e-06,0.0105263157894737,7.313838112611864e-06,0.0110047846889951,5.611145641950901e-06,0.0114832535885167,3.4827800536246973e-06,1,0,0,0,0
556,38,10:07:51,4,0.0090909090909092,1670773.0,0.0093301435406698,0.0090909090909092,9.674389037846383e-08,0.0086124401913876,8.316491792494264e-06,0.0081339712918662,4.024545839744095e-05,0.0076555023923445,8.600918830206946e-06,0.0071770334928231,1.427939821986126e-05,0.0095693779904306,7.201808687553603e-06,0.0100478468899523,5.398309083118281e-06,0.0105263157894737,7.294489334536172e-06,0.0110047846889951,5.611145641950901e-06,0.0114832535885167,3.4827800536246973e-06,0,0,0,0,0
557,38,10:07:54,4,0.0100478468899523,4156103.0,0.0095693779904306,0.0090909090909092,9.674389037846383e-08,0.0086124401913876,8.742164910159505e-06,0.0081339712918662,3.970369261132155e-05,0.0076555023923445,1.043905274739776e-05,0.0071770334928231,1.379567876796894e-05,0.0100478468899523,5.518464994968333e-06,0.0105263157894737,7.255791778384786e-06,0.0110047846889951,5.611145641950901e-06,0.0114832535885167,3.521477609776083e-06,0.0119617224880381,1.723976126544225e-05,0,0,0,0,0
558,38,10:07:57,4,0.0095693779904306,4314521.0,0.0090909090909092,0.0086124401913876,7.194262664104083e-06,0.0081339712918662,3.914257804712646e-05,0.0076555023923445,1.0264913744716523e-05,0.0071770334928231,1.3950468992574482e-05,0.0066985645933015,5.030682299680119e-07,0.0095693779904306,1.0061364599360235e-05,0.0100478468899523,5.131489433454477e-06,0.0105263157894737,7.449279559141714e-06,0.0110047846889951,5.611145641950901e-06,0.0114832535885167,3.521477609776083e-06,1,0,0,0,0
559,38,10:08:00,4,0.0086124401913876,2226142.0,0.0100478468899523,0.0095693779904306,9.867876818603309e-07,0.0090909090909092,1.9348778075692766e-07,0.0086124401913876,8.142352789813028e-06,0.0081339712918662,3.879430004176399e-05,0.0076555023923445,1.001337962973252e-05,0.0105263157894737,7.492040358688995e-06,0.0110047846889951,6.191608984221684e-06,0.0114832535885167,5.185472524285661e-06,0.0119617224880381,1.7259110043517943e-05,0.0124401913875598,2.0896680321748184e-06,0,0,0,0,0
560,38,10:08:03,4,0.0095693779904306,3823203.0,0.0088516746411484,0.0081339712918662,3.2660737391769386e-05,0.0076555023923445,1.001337962973252e-05,0.0071770334928231,1.3756981211817557e-05,0.0066985645933015,1.6059485802824992e-06,0.0062200956937801,9.403506144786684e-06,0.0095693779904306,2.5417715806914556e-05,0.0100478468899523,3.869755615138553e-07,0.0105263157894737,7.492040358688995e-06,0.0110047846889951,6.772072326492467e-06,0.0114832535885167,5.185472524285661e-06,0,0,0,0,0
561,38,10:08:06,4,0.0086124401913876,3627815.0,0.0083732057416268,0.0081339712918662,2.358616047426948e-05,0.0076555023923445,1.001337962973252e-05,0.0071770334928231,1.4047212882952946e-05,0.0066985645933015,1.6059485802824992e-06,0.0062200956937801,9.403506144786684e-06,0.0086124401913876,3.033888402268625e-07,0.0090909090909092,4.1019409520468654e-06,0.0095693779904306,2.483725246464377e-05,0.0100478468899523,3.869755615138553e-07,0.0105263157894737,9.039942604744415e-06,0,1,0,0,0
562,38,10:08:09,4,0.0086124401913876,5805108.0,0.0081339712918662,0.0076555023923445,4.789209549295473e-06,0.0071770334928231,1.4047212882952946e-05,0.0066985645933015,1.6059485802824992e-06,0.0062200956937801,9.403506144786684e-06,0.0057416267942584,3.869755615138553e-06,0.0086124401913876,6.385096764978611e-07,0.0090909090909092,5.179280915301439e-06,0.0095693779904306,4.826862271430771e-05,0.0100478468899523,1.2770193529957225e-06,0.0105263157894737,9.465615722409656e-06,0,1,0,0,0
563,38,10:08:12,4,0.0090909090909092,1338828.0,0.0088516746411484,0.0086124401913876,5.030682299680119e-07,0.0076555023923445,2.815634185574811e-06,0.0071770334928231,1.4047212882952946e-05,0.0066985645933015,2.186411922553282e-06,0.0062200956937801,9.403506144786684e-06,0.0090909090909092,1.0403450995738485e-05,0.0095693779904306,5.2680144115565656e-05,0.0100478468899523,1.3350656872228009e-06,0.0105263157894737,1.3025790888337124e-05,0.0110047846889951,6.772072326492467e-06,0,0,0,0,0
564,38,10:08:15,4,0.0095693779904306,3371491.0,0.0090909090909092,0.0086124401913876,4.837194518923191e-07,0.0071770334928231,1.254806955764827e-05,0.0066985645933015,2.186411922553282e-06,0.0062200956937801,9.500250035165146e-06,0.0057416267942584,3.869755615138553e-06,0.0095693779904306,5.232644845234199e-05,0.0100478468899523,5.301565192739817e-06,0.0105263157894737,1.3180581112942669e-05,0.0110047846889951,6.772072326492467e-06,0.0114832535885167,5.8820285350106e-06,0,0,0,0,0
565,38,10:08:18,4,0.0081339712918662,3022184.0,0.0076555023923445,0.0071770334928231,4.150699872797611e-06,0.0066985645933015,2.186411922553282e-06,0.0062200956937801,9.500250035165146e-06,0.0057416267942584,4.179336064349637e-06,0.005263157894737,4.353475067030872e-06,0.0081339712918662,1.0757920610085176e-05,0.0086124401913876,3.753662946684396e-06,0.0090909090909092,8.12648679179096e-07,0.0095693779904306,4.983045608057762e-05,0.0100478468899523,5.301565192739817e-06,0,0,0,0,0
566,38,10:08:21,4,0.0081339712918662,2270465.0,0.0076555023923445,0.0071770334928231,1.7365528322934254e-06,0.0066985645933015,2.186411922553282e-06,0.0062200956937801,9.500250035165146e-06,0.0057416267942584,4.179336064349637e-06,0.005263157894737,4.353475067030872e-06,0.0081339712918662,3.269943494792077e-06,0.0086124401913876,1.609818335897638e-05,0.0090909090909092,5.66919197617798e-06,0.0095693779904306,0.0001875357096452,0.0100478468899523,5.843330978859214e-06,1,1,0,0,0
567,38,10:08:24,4,0.0071770334928231,4688839.0,0.0069377990430623,0.0066985645933015,2.186411922553282e-06,0.0062200956937801,9.693737815922074e-06,0.0057416267942584,4.179336064349637e-06,0.005263157894737,4.682404294317648e-06,0.0047846889952154,4.259440005583005e-05,0.0071770334928231,8.453674629050925e-06,0.0076555023923445,1.934877807569276e-08,0.0081339712918662,3.869755615138553e-07,0.0086124401913876,8.900437914818671e-07,0.0090909090909092,1.4124607995255717e-06,2,1,0,0,0
568,38,10:08:27,4,0.0076555023923445,2120315.0,0.0069377990430623,0.0066985645933015,5.204821302361353e-06,0.0062200956937801,9.693737815922074e-06,0.0057416267942584,4.179336064349637e-06,0.005263157894737,4.682404294317648e-06,0.0047846889952154,4.261374883390574e-05,0.0071770334928231,4.837194518923191e-07,0.0086124401913876,1.7413900268123486e-06,0.0090909090909092,1.197882850666139e-06,0.0095693779904306,0.0001919085334903,0.0100478468899523,6.23030654037307e-06,1,0,0,0,0
569,38,10:08:30,4,0.0086124401913876,1559320.0,0.0083732057416268,0.0081339712918662,3.869755615138553e-07,0.0066985645933015,4.334126288955179e-06,0.0062200956937801,9.771132928224844e-06,0.0057416267942584,4.179336064349637e-06,0.005263157894737,4.682404294317648e-06,0.0086124401913876,7.35253566876325e-07,0.0090909090909092,1.2531236120722418e-05,0.0095693779904306,0.0001935725284048,0.0100478468899523,6.617282101886925e-06,0.0105263157894737,1.5192854032814714e-05,0,0,0,0,0
570,38,10:08:33,4,0.0066985645933015,2510254.0,0.0069377990430623,0.0066985645933015,6.017469981540449e-06,0.0062200956937801,7.468628337217407e-06,0.0057416267942584,4.179336064349637e-06,0.005263157894737,4.469567735485028e-06,0.0047846889952154,4.3290956066554986e-05,0.0071770334928231,2.766875264824065e-06,0.0081339712918662,9.674389037846383e-08,0.0086124401913876,4.837194518923191e-07,0.0090909090909092,1.1022031430818382e-05,0.0095693779904306,0.0001967070304531,1,0,0,0,0
571,38,10:08:36,4,0.0081339712918662,2304331.0,0.0078947368421051,0.0076555023923445,4.4502189574093364e-07,0.0066985645933015,1.9348778075692766e-07,0.0062200956937801,4.547736798910827e-06,0.0057416267942584,4.508265291636414e-06,0.005263157894737,6.9462113291737015e-06,0.0081339712918662,1.1609266845415657e-07,0.0086124401913876,2.128365588326204e-06,0.0090909090909092,1.8877635329549643e-05,0.0095693779904306,0.0001965522402285,0.0100478468899523,6.617282101886925e-06,1,0,0,0,0
572,38,10:08:39,4,0.0071770334928231,3697760.0,0.0081339712918662,0.0071770334928231,9.093925695575598e-07,0.0066985645933015,6.752723548416774e-06,0.0062200956937801,2.2839297640547736e-06,0.0057416267942584,4.430870179333643e-06,0.005263157894737,7.062303997627858e-06,0.0090909090909092,4.931326324261436e-05,0.0095693779904306,0.0001967263792312,0.0100478468899523,6.617282101886925e-06,0.0105263157894737,1.2890349441807276e-05,0.0110047846889951,4.914589631225962e-06,0,0,0,0,0
573,38,10:08:42,4,0.0066985645933015,3340383.0,0.0074162679425837,0.0066985645933015,9.751784150149151e-06,0.0062200956937801,2.419371210584623e-06,0.0057416267942584,4.430870179333643e-06,0.005263157894737,7.101001553779244e-06,0.0047846889952154,4.489690464683749e-05,0.0081339712918662,3.869755615138552e-08,0.0086124401913876,1.547902246055421e-06,0.0090909090909092,5.358934319734246e-05,0.0095693779904306,0.0001968231231216,0.0100478468899523,6.617282101886925e-06,0,0,0,0,0
574,38,10:08:45,4,0.0076555023923445,3280712.0,0.0071770334928229,0.0066985645933015,5.0113335216044255e-06,0.0062200956937801,2.612858991341551e-06,0.0057416267942584,4.430870179333643e-06,0.005263157894737,7.101001553779244e-06,0.0047846889952154,4.9385821160398206e-05,0.0076555023923445,4.372823845106564e-06,0.0081339712918662,2.128365588326204e-06,0.0086124401913876,1.9348778075692766e-07,0.0090909090909092,5.906504739276351e-05,0.0095693779904306,0.0001971520523489,0,0,0,0,0
575,38,10:08:48,4,0.0066985645933015,1400262.0,0.0069377990430623,0.0066985645933015,1.1570569289264272e-06,0.0062200956937801,2.728951659795707e-06,0.0057416267942584,4.430870179333643e-06,0.005263157894737,7.720162452201413e-06,0.0047846889952154,4.9385821160398206e-05,0.0071770334928231,8.12648679179096e-07,0.0076555023923445,2.631433818294216e-06,0.0081339712918662,2.985516457079393e-05,0.0086124401913876,1.1996242406929513e-06,0.0090909090909092,6.301219812020484e-05,0,0,0,0,0
576,38,10:08:51,4,0.0071770334928231,2703806.0,0.0074162679425837,0.0071770334928231,3.676267834381625e-07,0.0066985645933015,2.9023167113539144e-07,0.0062200956937801,1.9704795592285508e-06,0.0057416267942584,4.430870179333643e-06,0.005263157894737,8.029742901412497e-06,0.0076555023923445,1.934877807569276e-08,0.0081339712918662,3.028083768845917e-05,0.0086124401913876,6.423794321129997e-06,0.0090909090909092,6.432791502935194e-05,0.0095693779904306,0.0001988934423757,0,0,0,0,0
577,38,10:08:54,4,0.0071770334928231,4399235.0,0.0069377990430623,0.0066985645933015,1.934877807569276e-08,0.0062200956937801,8.482504308383707e-07,0.0057416267942584,4.430870179333643e-06,0.005263157894737,8.107138013715267e-06,0.0047846889952154,5.041130639840992e-05,0.0071770334928231,3.405384941321926e-05,0.0076555023923445,9.093925695575598e-07,0.0081339712918662,9.422854922862376e-06,0.0086124401913876,1.1957544850778128e-05,0.0090909090909092,6.456416360965615e-05,0,0,0,0,0
578,38,10:08:57,4,0.0066985645933015,5363448.0,0.0062200956937801,0.0057416267942584,3.982752479100598e-06,0.005263157894737,1.2054288741156591e-05,0.0047846889952154,5.279120610172013e-05,0.0043062200956938,1.7646085605031798e-05,0.0038277511961724,1.807175872269704e-05,0.0066985645933015,8.12648679179096e-07,0.0071770334928231,2.3218533690831317e-07,0.0076555023923445,1.4511583556769572e-06,0.0081339712918662,6.655979658038311e-06,0.0086124401913876,2.3353975137361163e-05,0,0,0,0,0
579,38,10:09:00,4,0.0047846889952154,5743932.0,0.0055023923444976,0.0047846889952154,5.224634451110863e-05,0.0043062200956938,1.7065622262761016e-05,0.0038277511961724,1.824589772537828e-05,0.0033492822966507,9.210018364029755e-06,0.0028708133971293,3.4827800536246973e-06,0.0062200956937801,5.8046334227078287e-08,0.0066985645933015,4.779148184696112e-06,0.0071770334928231,7.13969910993063e-06,0.0076555023923445,6.984908885325088e-06,0.0081339712918662,5.688540754253672e-06,0,0,0,0,0
580,38,10:09:03,4,0.0057416267942584,699886.0,0.0052631578947368,0.0047846889952154,5.191741528382185e-05,0.0043062200956938,1.6891483260079782e-05,0.0038277511961724,1.824589772537828e-05,0.0033492822966507,9.016530583272828e-06,0.0028708133971293,3.4827800536246973e-06,0.0057416267942584,1.2963681310714152e-06,0.0062200956937801,5.8046334227078287e-08,0.0066985645933015,8.014263878951941e-06,0.0071770334928231,1.0390293826647014e-05,0.0076555023923445,8.203881904093731e-06,0,0,0,0,0
581,38,10:09:06,4,0.0047846889952154,2746601.0,0.0050239234449762,0.0047846889952154,3.870219985812369e-05,0.0043062200956938,1.6891483260079782e-05,0.0038277511961724,1.824589772537828e-05,0.0033492822966507,9.016530583272828e-06,0.0028708133971293,3.4827800536246973e-06,0.005263157894737,1.0254852380117164e-06,0.0057416267942584,1.9348778075692764e-06,0.0066985645933015,7.936868766649171e-06,0.0071770334928231,1.3060425201092614e-05,0.0076555023923445,9.151972029802676e-06,0,0,0,0,0
582,38,10:09:09,4,0.0047846889952154,5957974.0,0.0045454545454544,0.0043062200956938,1.6891483260079782e-05,0.0038277511961724,1.824589772537828e-05,0.0033492822966507,8.939135470970056e-06,0.0028708133971293,3.4827800536246973e-06,0.0023923444976077,1.1880149738475356e-05,0.0047846889952154,1.2030296256342732e-05,0.0057416267942584,2.3218533690831317e-07,0.0062200956937801,3.3666873851705405e-06,0.0066985645933015,8.807563780055346e-06,0.0071770334928231,1.929073174146569e-05,0,0,0,0,0
583,38,10:09:12,4,0.0038277511961724,3239063.0,0.004306220095694,0.0038277511961724,1.4724420115602192e-05,0.0033492822966507,8.939135470970056e-06,0.0028708133971293,3.4827800536246973e-06,0.0023923444976077,1.1880149738475356e-05,0.0019138755980863,2.37989970331021e-06,0.0047846889952154,3.8518773441966126e-05,0.005263157894737,2.708828930596987e-07,0.0057416267942584,2.360550925234517e-06,0.0062200956937801,4.4115214012579495e-06,0.0066985645933015,1.24064365021342e-05,0,0,0,0,0
584,38,10:09:15,4,0.0047846889952154,1219952.0,0.004306220095694,0.0038277511961724,1.331195931607662e-05,0.0033492822966507,8.939135470970056e-06,0.0028708133971293,3.4827800536246973e-06,0.0023923444976077,1.1880149738475356e-05,0.0019138755980863,2.37989970331021e-06,0.0047846889952154,5.762259598722062e-05,0.005263157894737,4.643706738166263e-07,0.0057416267942584,3.0571069359594564e-06,0.0062200956937801,4.798496962771805e-06,0.0066985645933015,1.3277131515540374e-05,0,0,0,0,0
585,38,10:09:18,4,0.0047846889952154,1631262.0,0.004306220095694,0.0038277511961724,9.86787681860331e-06,0.0033492822966507,1.0100062155511622e-05,0.0028708133971293,3.50212883170039e-06,0.0023923444976077,1.1880149738475356e-05,0.0019138755980863,2.37989970331021e-06,0.0047846889952154,6.483969020945401e-05,0.005263157894737,7.546023449520178e-07,0.0057416267942584,6.655979658038311e-06,0.0062200956937801,1.6833436925852705e-06,0.0066985645933015,1.3195866647622464e-05,0,0,0,0,0
586,38,10:09:21,4,0.0038277511961724,1315591.0,0.0035885167464115,0.0033492822966507,1.0100062155511622e-05,0.0028708133971293,3.50212883170039e-06,0.0023923444976077,1.0603130385479636e-05,0.0019138755980863,2.37989970331021e-06,0.0014354066985646,1.0254852380117164e-06,0.0038277511961724,1.120294250582611e-05,0.0043062200956938,2.2057607006289748e-06,0.0047846889952154,7.478418818923707e-05,0.005263157894737,7.932999011034033e-07,0.0057416267942584,6.346399208827226e-06,0,0,0,0,0
587,38,10:09:24,4,0.0033492822966507,1260775.0,0.0035885167464115,0.0033492822966507,7.642767339898642e-06,0.0028708133971293,3.985848283592709e-06,0.0023923444976077,1.0603130385479636e-05,0.0019138755980863,2.37989970331021e-06,0.0014354066985646,1.0254852380117164e-06,0.0038277511961724,6.152911428070298e-06,0.0043062200956938,8.107138013715267e-06,0.0047846889952154,7.584837098340018e-05,0.005263157894737,9.867876818603309e-07,0.0057416267942584,6.365747986902919e-06,0,0,0,0,0
588,38,10:09:27,4,0.0038277511961724,629229.0,0.0035885167464115,0.0033492822966507,3.5601751659274683e-06,0.0028708133971293,3.985848283592709e-06,0.0023923444976077,1.0796618166236562e-05,0.0019138755980863,2.4766435936886736e-06,0.0014354066985646,1.0254852380117164e-06,0.0038277511961724,2.931339878467453e-05,0.0043062200956938,1.0893362056615026e-05,0.0047846889952154,7.57709758710974e-05,0.005263157894737,1.2770193529957225e-06,0.0057416267942584,6.036818759616142e-06,0,0,0,0,0
589,38,10:09:30,4,0.0028708133971293,1000118.0,0.0026315789473683,0.0023923444976077,1.0796618166236562e-05,0.0019138755980863,2.5153411498400597e-06,0.0014354066985646,1.0254852380117164e-06,0.0009569377990432,3.018409379808071e-06,0.0004784688995216,7.743380985892244e-05,0.0028708133971293,2.5482340725687367e-05,0.0033492822966507,8.319974572547888e-07,0.0038277511961724,4.363149456068718e-05,0.0043062200956938,1.1589918067339964e-05,0.0047846889952154,7.755106345406113e-05,0,0,0,0,0
590,38,10:09:33,4,0.0023923444976077,1293225.0,0.0026315789473683,0.0023923444976077,1.0448340160874092e-05,0.0019138755980863,2.5153411498400597e-06,0.0014354066985646,1.0254852380117164e-06,0.0009569377990432,3.424733719397619e-06,0.0004784688995216,7.743380985892244e-05,0.0028708133971293,1.4898559118283427e-05,0.0033492822966507,5.707889532329365e-06,0.0038277511961724,4.862347930421591e-05,0.0043062200956938,1.3389354428379392e-05,0.0047846889952154,7.313954205280319e-05,0,0,0,0,0
591,38,10:09:36,4,0.0023923444976077,2704149.0,0.0028708133971293,0.0023923444976077,7.681464896050026e-06,0.0019138755980863,2.5153411498400597e-06,0.0014354066985646,1.0254852380117164e-06,0.0009569377990432,3.424733719397619e-06,0.0004784688995216,7.743380985892244e-05,0.0033492822966507,1.3253912981849542e-05,0.0038277511961724,4.986180110106025e-05,0.0043062200956938,1.2983030088789844e-05,0.0047846889952154,7.379740050737673e-05,0.005263157894737,1.3737632433741862e-06,0,0,0,0,0
592,38,10:09:39,4,0.0019138755980863,1427158.0,0.0021531100478469,0.0019138755980863,2.03162169794774e-06,0.0014354066985646,1.1609266845415658e-06,0.0009569377990432,3.3279898290191552e-06,0.0004784688995216,7.743380985892244e-05,0.0,0.0001201946094062,0.0023923444976077,2.018077553294755e-05,0.0033492822966507,1.724188963103058e-05,0.0038277511961724,4.83912939673076e-05,0.0043062200956938,1.296368131071415e-05,0.0047846889952154,7.434845370697246e-05,0,0,0,0,0
593,38,10:09:42,4,0.0023923444976077,1016011.0,0.0021531100478469,0.0019138755980863,7.932999011034033e-07,0.0014354066985646,1.218973018768644e-06,0.0009569377990432,3.3279898290191552e-06,0.0004784688995216,7.749185619314951e-05,0.0,0.0001203880971869,0.0023923444976077,2.970037434618839e-05,0.0028708133971293,2.6763229834298228e-06,0.0033492822966507,1.8073887088285368e-05,0.0038277511961724,4.6824042943176485e-05,0.0043062200956938,1.17640570700212e-05,0,0,0,0,0
594,38,10:09:45,4,0.0023923444976077,779047.0,0.001913875598086,0.0014354066985646,5.804633422707829e-07,0.0009569377990432,3.5601751659274683e-06,0.0004784688995216,7.749185619314951e-05,0.0,0.0001204267947431,-0.0004784688995214,2.0084031642569088e-05,0.0023923444976077,3.927801949365631e-05,0.0028708133971293,3.643761887214461e-06,0.0033492822966507,1.8615652874404763e-05,0.0038277511961724,4.817845740847498e-05,0.0043062200956938,1.17640570700212e-05,0,0,0,0,0
595,38,10:09:48,4,0.0023923444976077,1396971.0,0.0016746411483254,0.0009569377990432,2.9410142675053e-06,0.0004784688995216,7.749185619314951e-05,0.0,0.0001207363751923,-0.0004784688995214,2.0084031642569088e-05,-0.000956937799043,1.1831584305505368e-05,0.0023923444976077,3.298966661905616e-05,0.0028708133971293,4.47575934446925e-06,0.0033492822966507,1.875109432093461e-05,0.0038277511961724,4.796562084964236e-05,0.0043062200956938,1.1028803503144876e-05,0,0,0,0,0
596,38,10:09:51,4,0.0019138755980863,730432.0,0.0011961722488038,0.0009569377990432,3.115153270186535e-06,0.0004784688995216,7.749185619314951e-05,0.0,0.0001235032504571,-0.0004784688995214,2.002598530834201e-05,-0.000956937799043,1.1831584305505368e-05,0.0014354066985646,1.1609266845415658e-06,0.0019138755980863,4.437642251660135e-06,0.0023923444976077,3.10160912553355e-05,0.0028708133971293,4.4370617883178645e-06,0.0033492822966507,1.8209328534815216e-05,1,0,0,0,0
597,38,10:09:54,4,0.0019138755980863,820503.0,0.0014354066985646,0.0009569377990432,3.3860361632462336e-06,0.0004784688995216,7.745315863699813e-05,0.0,0.0001240643650213,-0.0004784688995214,2.002598530834201e-05,-0.000956937799043,1.1831584305505368e-05,0.0019138755980863,4.652413688300325e-06,0.0023923444976077,2.948753778735577e-05,0.0028708133971293,4.12748133910678e-06,0.0033492822966507,1.7101224014420293e-05,0.0038277511961724,4.417326034680658e-05,0,0,0,0,0
598,38,10:09:57,4,0.0019138755980863,2114767.0,0.0011961722488038,0.0004784688995216,6.803107766525879e-05,0.0,0.0001241998064678,-0.0004784688995214,2.018077553294755e-05,-0.000956937799043,1.1831584305505368e-05,-0.0014354066985644,1.5575766350932673e-05,0.0019138755980863,6.316408602809902e-06,0.0023923444976077,3.231245938640691e-05,0.0028708133971293,3.547017996835997e-06,0.0033492822966507,1.7062526458268906e-05,0.0038277511961724,4.407651645642812e-05,1,0,0,0,0
599,38,10:10:00,4,0.0009569377990432,2591247.0,0.0007177033492822,0.0004784688995216,5.239726498009903e-05,0.0,0.0001243545966924,-0.0004784688995214,2.018077553294755e-05,-0.000956937799043,1.1831584305505368e-05,-0.0014354066985644,1.5575766350932673e-05,0.0009569377990432,2.7417218533256646e-06,0.0014354066985646,4.643706738166263e-07,0.0019138755980863,8.599564415741648e-06,0.0023923444976077,3.196418138104444e-05,0.0028708133971293,1.5540938550396428e-06,1,1,0,0,0
600,38,10:10:03,4,0.0009569377990432,797477.0,0.0007177033492822,0.0004784688995216,4.9702560657497295e-05,0.0,0.0001245674332513,-0.0004784688995214,2.018077553294755e-05,-0.000956937799043,1.1831584305505368e-05,-0.0014354066985644,1.5575766350932673e-05,0.0009569377990432,4.231577765154008e-06,0.0014354066985646,4.488916513560721e-06,0.0019138755980863,1.0399000776781076e-05,0.0023923444976077,2.381834581117779e-05,0.0028708133971293,1.5540938550396428e-06,1,1,0,0,0
601,38,10:10:06,4,0.0004784688995216,1608249.0,0.0007177033492822,0.0004784688995216,4.018296184425646e-05,0.0,0.0001247802698101,-0.0004784688995214,2.018077553294755e-05,-0.000956937799043,1.1754189193202596e-05,-0.0014354066985644,1.5575766350932673e-05,0.0009569377990432,3.5543705325047605e-06,0.0014354066985646,4.682404294317648e-06,0.0019138755980863,1.3533502825043303e-05,0.0023923444976077,2.288960446354454e-05,0.0028708133971293,1.5540938550396428e-06,1,0,0,0,0
602,38,10:10:09,4,0.0004784688995216,2892338.0,0.0007177033492822,0.0004784688995216,3.715100831979541e-05,0.0,0.0001251672453716,-0.0004784688995214,1.985184630566077e-05,-0.000956937799043,1.1947676973959523e-05,-0.0014354066985644,1.5575766350932673e-05,0.0009569377990432,4.272790662455233e-06,0.0014354066985646,5.185472524285661e-06,0.0019138755980863,1.4036571055011316e-05,0.0023923444976077,2.002598530834201e-05,0.0028708133971293,1.360606074282715e-06,1,0,0,0,0
603,38,10:10:12,4,0.0009569377990432,1449241.0,0.0007177033492822,0.0004784688995216,2.7283131501192093e-05,0.0,0.0001248576649224,-0.0004784688995214,1.985184630566077e-05,-0.000956937799043,3.470183999097421e-05,-0.0014354066985644,1.5575766350932673e-05,0.0009569377990432,2.724888416399812e-06,0.0014354066985646,5.185472524285661e-06,0.0019138755980863,1.2101693247442038e-05,0.0023923444976077,1.967770730297954e-05,0.0028708133971293,1.0703744031473235e-06,1,0,0,0,0
604,38,10:10:15,4,0.0004784688995216,3674376.0,0.0009569377990432,0.0004784688995216,1.007490874401322e-06,0.0,0.0001251865941497,-0.0004784688995214,1.985184630566077e-05,-0.000956937799043,3.477923510327698e-05,-0.0014354066985644,1.6930180816231168e-05,0.0014354066985646,3.3440493148219803e-06,0.0019138755980863,1.2275832250123274e-05,0.0023923444976077,1.8478083062286587e-05,0.0028708133971293,1.0703744031473235e-06,0.0033492822966507,1.0545084051252555e-05,0,0,0,0,0
605,38,10:10:18,4,0.0004784688995216,838728.0,0.0002392344497608,0.0,0.0001255735697112,-0.0004784688995214,1.985184630566077e-05,-0.000956937799043,3.497272288403391e-05,-0.0014354066985644,1.6930180816231168e-05,-0.001913875598086,6.636630879962617e-06,0.0004784688995216,9.73108095760816e-06,0.0009569377990432,1.1028803503144874e-06,0.0014354066985646,2.724888416399812e-06,0.0019138755980863,2.011208737077884e-05,0.0023923444976077,2.128365588326204e-05,1,0,0,0,0
606,38,10:10:21,4,0.0004784688995216,1844205.0,0.0002392344497608,0.0,0.0001238902260186,-0.0004784688995214,1.985184630566077e-05,-0.000956937799043,3.508881555248807e-05,-0.0014354066985644,1.6930180816231168e-05,-0.001913875598086,6.636630879962617e-06,0.0004784688995216,8.183178711552741e-06,0.0009569377990432,2.921665489429607e-06,0.0014354066985646,3.3053517586705946e-06,0.0019138755980863,2.011208737077884e-05,0.0023923444976077,2.120626077095927e-05,1,0,0,0,0
607,38,10:10:24,4,0.0004784688995216,4951470.0,0.0002392344497608,0.0,8.300625794472195e-05,-0.0004784688995214,1.9658358524903847e-05,-0.000956937799043,3.518555944286653e-05,-0.0014354066985644,1.6833436925852703e-05,-0.001913875598086,6.636630879962617e-06,0.0004784688995216,1.2130329438994063e-05,0.0009569377990432,3.7730117247600887e-06,0.0014354066985646,3.595583429805986e-06,0.0019138755980863,1.9918599590021918e-05,0.0023923444976077,2.099342421212665e-05,1,0,0,0,0
608,38,10:10:27,4,0.0004784688995216,2174073.0,0.0002392344497608,0.0,7.236443000309093e-05,-0.0004784688995214,1.9658358524903847e-05,-0.000956937799043,3.5282303333244995e-05,-0.0014354066985644,1.6833436925852703e-05,-0.001913875598086,6.636630879962617e-06,0.0004784688995216,6.72718316135686e-06,0.0009569377990432,4.751285944267115e-06,0.0014354066985646,4.001907769395534e-06,0.0019138755980863,1.980250692156776e-05,0.0023923444976077,2.0529053538310025e-05,1,0,0,0,0
609,38,10:10:30,4,0.0,5578385.0,0.0002392344497608,0.0,2.4592296934205503e-05,-0.0004784688995214,1.9658358524903847e-05,-0.000956937799043,3.628843979318102e-05,-0.0014354066985644,1.6833436925852703e-05,-0.001913875598086,6.636630879962617e-06,0.0004784688995216,7.133507500946408e-06,0.0009569377990432,1.3361492187950394e-05,0.0014354066985646,4.098651659773998e-06,0.0019138755980863,1.883506801778312e-05,0.0023923444976077,1.9639009746828158e-05,1,0,0,0,0
610,38,10:10:33,4,0.0004784688995216,2182277.0,0.0002392344497608,0.0,1.2983030088789844e-05,-0.0004784688995214,1.9658358524903847e-05,-0.000956937799043,3.638518368355948e-05,-0.0014354066985644,1.6833436925852703e-05,-0.001913875598086,6.733374770341081e-06,0.0004784688995216,2.5611590563233e-05,0.0009569377990432,1.3168004407193469e-05,0.0014354066985646,6.823733563954567e-06,0.0019138755980863,1.80998144509068e-05,0.0023923444976077,1.8265246503453966e-05,0,0,0,0,0
611,38,10:10:36,4,0.0,3238052.0,-0.0002392344497607,-0.0004784688995214,1.9522917078374e-05,-0.000956937799043,3.638518368355948e-05,-0.0014354066985644,1.6833436925852703e-05,-0.001913875598086,6.8301186607195456e-06,-0.0023923444976075,4.314777510879486e-06,0.0,6.8107698826438525e-06,0.0004784688995216,2.0329374148568872e-05,0.0009569377990432,1.3574328746783016e-05,0.0014354066985646,6.823733563954567e-06,0.0019138755980863,1.80998144509068e-05,1,0,0,0,1
612,38,10:10:39,4,0.0,1887225.0,-0.0002392344497607,-0.0004784688995214,1.8652222064967824e-05,-0.000956937799043,3.6481927573937945e-05,-0.0014354066985644,1.6833436925852703e-05,-0.001913875598086,6.8301186607195456e-06,-0.0023923444976075,4.314777510879486e-06,0.0,1.7607388048880415e-05,0.0004784688995216,2.2593181183424924e-05,0.0009569377990432,1.4154792089053797e-05,0.0014354066985646,6.881779898181645e-06,0.0019138755980863,1.715172432519785e-05,1,0,0,0,1
613,38,10:10:42,4,0.0,2054173.0,-0.0002392344497607,-0.0004784688995214,1.2770193529957223e-05,-0.000956937799043,3.6269091015105325e-05,-0.0014354066985644,1.6833436925852703e-05,-0.001913875598086,6.8301186607195456e-06,-0.0023923444976075,4.314777510879486e-06,0.0,2.1689980222851583e-05,0.0004784688995216,3.4840957705338446e-05,0.0009569377990432,1.1871636276122051e-05,0.0014354066985646,6.881779898181645e-06,0.0019138755980863,1.659060976100276e-05,1,0,0,0,1
614,38,10:10:45,4,-0.0004784688995214,1078292.0,-0.0002392344497607,-0.0004784688995214,1.0061364599360235e-05,-0.000956937799043,3.628843979318102e-05,-0.0014354066985644,1.6833436925852703e-05,-0.001913875598086,6.8301186607195456e-06,-0.0023923444976075,4.314777510879486e-06,0.0,2.0645146206764177e-05,0.0004784688995216,3.4840957705338446e-05,0.0009569377990432,1.1658799717289433e-05,0.0014354066985646,6.591548227046253e-06,0.0019138755980863,1.645516831447291e-05,1,0,0,0,1
615,38,10:10:48,4,-0.0004784688995214,1284707.0,-0.0007177033492823,-0.000956937799043,3.594016178781855e-05,-0.0014354066985644,1.6833436925852703e-05,-0.001913875598086,6.8301186607195456e-06,-0.0023923444976075,4.314777510879486e-06,-0.0028708133971291,3.579523944003161e-06,-0.0004784688995214,1.6369066252036076e-05,0.0,2.5192109054551975e-05,0.0004784688995216,2.9075021838782e-05,0.0009569377990432,1.1658799717289433e-05,0.0014354066985646,6.688292117424718e-06,1,0,0,0,1
616,38,10:10:51,4,-0.0004784688995214,1284720.0,-0.0007177033492823,-0.000956937799043,3.632713734933241e-05,-0.0014354066985644,1.6833436925852703e-05,-0.001913875598086,6.8301186607195456e-06,-0.0023923444976075,4.353475067030872e-06,-0.0028708133971291,3.579523944003161e-06,-0.0004784688995214,7.546023449520177e-06,0.0,3.194483260296875e-05,0.0004784688995216,2.9075021838782e-05,0.0009569377990432,1.1600753383062352e-05,0.0014354066985646,6.6689433393490246e-06,1,1,0,0,1
617,38,10:10:54,4,-0.0004784688995214,2610245.0,-0.0007177033492823,-0.000956937799043,1.7075103164018105e-05,-0.0014354066985644,1.6833436925852703e-05,-0.001913875598086,2.205760700628975e-05,-0.0023923444976075,4.353475067030872e-06,-0.0028708133971291,3.579523944003161e-06,-0.0004784688995214,4.185140697772344e-05,0.0,2.8674889108176677e-05,0.0004784688995216,2.8320419493829982e-05,0.0009569377990432,1.1562055826910967e-05,0.0014354066985646,6.049782440926856e-06,0,0,0,0,1
618,38,10:10:57,4,-0.000956937799043,1290752.0,-0.0007177033492823,-0.000956937799043,1.297316221197124e-05,-0.0014354066985644,1.6833436925852703e-05,-0.001913875598086,2.205760700628975e-05,-0.0023923444976075,4.546962847787799e-06,-0.0028708133971291,3.579523944003161e-06,-0.0004784688995214,4.777213306888543e-05,0.0,2.9661676790037007e-05,0.0004784688995216,2.8320419493829982e-05,0.0009569377990432,1.1357732730431653e-05,0.0014354066985646,6.069131219002549e-06,0,0,0,0,1
619,38,10:11:00,4,-0.000956937799043,2318273.0,-0.0007177033492823,-0.000956937799043,3.414865842579016e-06,-0.0014354066985644,1.6833436925852703e-05,-0.001913875598086,2.205760700628975e-05,-0.0023923444976075,3.869755615138553e-06,-0.0028708133971291,3.579523944003161e-06,-0.0004784688995214,4.89137109753513e-05,0.0,2.826856476858713e-05,0.0004784688995216,2.7236887921591187e-05,0.0009569377990432,1.1357732730431653e-05,0.0014354066985646,6.069131219002549e-06,0,0,0,0,1
620,38,10:11:03,4,-0.000956937799043,1048833.0,-0.0011961722488037,-0.0014354066985644,1.6353587229575524e-05,-0.001913875598086,2.205760700628975e-05,-0.0023923444976075,3.869755615138553e-06,-0.0028708133971291,3.579523944003161e-06,-0.0033492822966507,5.127426190058582e-06,-0.000956937799043,1.7307675476487934e-05,-0.0004784688995214,4.887501341919992e-05,0.0,2.6914150303288635e-05,0.0004784688995216,2.5340707670173297e-05,0.0009569377990432,1.1086849837371951e-05,0,0,0,0,1
621,38,10:11:06,4,-0.000956937799043,4361654.0,-0.0011961722488037,-0.0014354066985644,2.275416301701469e-07,-0.0023923444976075,3.869755615138553e-06,-0.0028708133971291,3.579523944003161e-06,-0.0033492822966507,5.127426190058582e-06,-0.0038277511961721,5.66919197617798e-06,-0.000956937799043,3.80530483536842e-05,-0.0004784688995214,4.9745708432606095e-05,0.0,2.6856103969061555e-05,0.0004784688995216,2.536005644824899e-05,0.0009569377990432,1.071922305393379e-05,1,0,0,0,1
622,38,10:11:09,4,-0.0023923444976075,3191583.0,-0.001913875598086,-0.0023923444976075,1.0835315722387947e-06,-0.0028708133971291,3.579523944003161e-06,-0.0033492822966507,5.127426190058582e-06,-0.0038277511961721,5.66919197617798e-06,-0.0043062200956938,7.070043508858136e-05,-0.0014354066985644,3.869755615138552e-08,-0.000956937799043,1.924835791747992e-05,-0.0004784688995214,5.113882045405597e-05,0.0,2.5869316287201226e-05,0.0004784688995216,2.423782731985881e-05,0,0,0,1,2
623,38,10:11:12,4,-0.001913875598086,400480.0,-0.0021531100478467,-0.0023923444976075,4.837194518923191e-07,-0.0028708133971291,3.6182215001545462e-06,-0.0033492822966507,5.127426190058582e-06,-0.0038277511961721,5.66919197617798e-06,-0.0043062200956938,7.070043508858136e-05,-0.001913875598086,4.179336064349637e-06,-0.0014354066985644,2.4766435936886736e-06,-0.000956937799043,2.605912780012377e-05,-0.0004784688995214,4.1755824014029525e-05,0.0,2.374095069887502e-05,0,0,0,1,2
624,38,10:11:15,4,-0.0023923444976075,408723.0,-0.0026315789473684,-0.0028708133971291,2.5927362621428303e-06,-0.0033492822966507,5.127426190058582e-06,-0.0038277511961721,5.66919197617798e-06,-0.0043062200956938,7.070043508858136e-05,-0.0047846889952152,7.039085463937027e-05,-0.0023923444976075,3.676267834381625e-07,-0.001913875598086,2.9023167113539144e-06,-0.0014354066985644,6.404445543054305e-06,-0.000956937799043,2.7308091424909737e-05,-0.0004784688995214,4.07496875540935e-05,0,0,0,1,2
625,38,10:11:18,4,-0.0033492822966507,1399223.0,-0.0031100478468898,-0.0033492822966507,4.334126288955179e-06,-0.0038277511961721,6.114213871918913e-06,-0.0043062200956938,7.070043508858136e-05,-0.0047846889952152,7.039085463937027e-05,-0.0052631578947368,9.093925695575598e-07,-0.0028708133971291,1.780087582963734e-06,-0.0014354066985644,9.480901257089452e-06,-0.000956937799043,2.98234325747498e-05,-0.0004784688995214,3.35325933318601e-05,0.0,2.577257239682276e-05,0,0,1,1,2
626,38,10:11:21,4,-0.0014354066985644,2512223.0,-0.0011961722488037,-0.0014354066985644,2.5153411498400597e-06,-0.001913875598086,1.547902246055421e-07,-0.0023923444976075,1.9348778075692766e-07,-0.0028708133971291,1.934877807569276e-08,-0.0033492822966507,3.869755615138553e-06,-0.000956937799043,2.997822279935534e-05,-0.0004784688995214,3.1965342307728986e-05,0.0,2.584996750912553e-05,0.0004784688995216,2.2864064076484624e-05,0.0009569377990432,9.055228139424213e-06,0,0,0,1,2
627,38,10:11:24,4,-0.0033492822966507,1123958.0,-0.0031100478468898,-0.0033492822966507,2.554038705991445e-06,-0.0038277511961721,2.345071902773963e-05,-0.0043062200956938,7.06036911982029e-05,-0.0047846889952152,7.05649936420515e-05,-0.0052631578947368,9.093925695575598e-07,-0.0028708133971291,1.0835315722387947e-06,-0.0023923444976075,1.1609266845415657e-07,-0.001913875598086,2.128365588326204e-07,-0.000956937799043,3.0539337363550426e-05,-0.0004784688995214,3.157836674621513e-05,0,1,0,2,2
628,38,10:11:27,4,-0.0033492822966507,2084245.0,-0.0035885167464114,-0.0038277511961721,2.381834581117779e-05,-0.0043062200956938,7.06036911982029e-05,-0.0047846889952152,7.091327164741397e-05,-0.0052631578947368,9.093925695575598e-07,-0.0057416267942582,9.983969487057465e-06,-0.0033492822966507,5.32091397081551e-06,-0.0028708133971291,2.6701313744456013e-06,-0.0023923444976075,3.2892922728677695e-07,-0.0014354066985644,1.4898559118283427e-06,-0.000956937799043,3.026845447049073e-05,1,1,1,2,2
629,38,10:11:30,4,-0.0038277511961721,1239401.0,-0.0035885167464114,-0.0038277511961721,2.124495832711065e-05,-0.0043062200956938,7.06036911982029e-05,-0.0047846889952152,7.099066675971674e-05,-0.0052631578947368,9.093925695575598e-07,-0.0057416267942582,9.983969487057465e-06,-0.0033492822966507,2.51534114984006e-07,-0.0028708133971291,5.8083096905422105e-06,-0.0023923444976075,2.167063144477589e-06,-0.001913875598086,2.763779460331954e-06,-0.0014354066985644,8.287468625380724e-06,1,1,1,2,2
630,38,10:11:33,4,-0.0043062200956938,4871845.0,-0.0040669856459331,-0.0043062200956938,5.750456844095889e-05,-0.0047846889952152,7.116480576239798e-05,-0.0052631578947368,9.093925695575598e-07,-0.0057416267942582,9.983969487057465e-06,-0.0062200956937799,2.2057607006289748e-06,-0.0038277511961721,5.224170080437046e-07,-0.0033492822966507,3.095804492110842e-07,-0.0028708133971291,6.427470588964379e-06,-0.0023923444976075,2.225109478704668e-06,-0.001913875598086,3.1507550218458096e-06,1,1,1,2,2
631,38,10:11:36,4,-0.0043062200956938,1861799.0,-0.0040669856459331,-0.0043062200956938,5.4099183499636965e-05,-0.0047846889952152,7.120350331854937e-05,-0.0052631578947368,1.0061364599360235e-06,-0.0057416267942582,9.983969487057465e-06,-0.0062200956937799,2.2057607006289748e-06,-0.0038277511961721,3.869755615138552e-08,-0.0033492822966507,8.513462353304816e-07,-0.0028708133971291,5.266543904422813e-06,-0.0023923444976075,1.7607388048880415e-06,-0.001913875598086,3.2474989122242733e-06,1,1,1,2,2
632,38,10:11:39,4,-0.0038277511961721,2499837.0,-0.0040669856459331,-0.0043062200956938,3.767207091337381e-05,-0.0047846889952152,7.228703489078816e-05,-0.0052631578947368,1.0061364599360235e-06,-0.0057416267942582,9.983969487057465e-06,-0.0062200956937799,1.6833436925852705e-06,-0.0038277511961721,7.739511230277106e-08,-0.0033492822966507,9.886258157775217e-06,-0.0028708133971291,5.266543904422813e-06,-0.0023923444976075,3.6956166124573177e-06,-0.001913875598086,3.286196468375659e-06,1,1,1,2,2
633,38,10:11:42,4,-0.0043062200956938,1475628.0,-0.0040669856459331,-0.0043062200956938,3.157720581953059e-05,-0.0047846889952152,7.344796157532973e-05,-0.0052631578947368,1.0061364599360235e-06,-0.0057416267942582,9.80983048437623e-06,-0.0062200956937799,1.6833436925852705e-06,-0.0038277511961721,4.643706738166263e-06,-0.0033492822966507,8.99621436629335e-06,-0.0028708133971291,5.266543904422813e-06,-0.0023923444976075,4.353475067030872e-06,-0.001913875598086,3.286196468375659e-06,1,1,1,2,2
634,38,10:11:45,4,-0.0043062200956938,1727335.0,-0.0040669856459331,-0.0043062200956938,1.8013712388469963e-05,-0.0047846889952152,7.395102980529774e-05,-0.0052631578947368,1.0061364599360235e-06,-0.0057416267942582,9.906574374754694e-06,-0.0062200956937799,1.876831473342198e-06,-0.0038277511961721,1.832329283768105e-05,-0.0033492822966507,9.421887483958591e-06,-0.0028708133971291,5.266543904422813e-06,-0.0023923444976075,4.353475067030872e-06,-0.001913875598086,3.286196468375659e-06,1,1,1,2,2
635,38,10:11:48,4,-0.0043062200956938,4774070.0,-0.0038277511961721,-0.0043062200956938,1.3884683147117126e-06,-0.0047846889952152,7.395102980529774e-05,-0.0052631578947368,1.0061364599360235e-06,-0.0057416267942582,9.906574374754694e-06,-0.0062200956937799,1.876831473342198e-06,-0.0033492822966507,1.740422587908564e-06,-0.0028708133971291,5.672868244012361e-06,-0.0023923444976075,6.23030654037307e-06,-0.001913875598086,3.286196468375659e-06,-0.0014354066985644,9.752171125710664e-06,1,1,1,2,2
636,38,10:11:51,4,-0.0047846889952152,2113714.0,-0.0045454545454545,-0.0047846889952152,6.268539725850639e-05,-0.0052631578947368,1.0448340160874092e-06,-0.0057416267942582,9.906574374754694e-06,-0.0062200956937799,1.9155290294935838e-06,-0.0066985645933013,3.908453171289938e-06,-0.0043062200956938,2.0896680321748184e-06,-0.0038277511961721,3.521477609776083e-06,-0.0033492822966507,5.610178203047117e-06,-0.0028708133971291,5.672868244012361e-06,-0.0023923444976075,6.23030654037307e-06,1,1,2,2,2
637,38,10:11:54,4,-0.0038277511961721,3039243.0,-0.0035885167464114,-0.0038277511961721,2.283155812931746e-06,-0.0043062200956938,3.676267834381625e-07,-0.0047846889952152,6.032484633327187e-05,-0.0052631578947368,1.0448340160874092e-06,-0.0057416267942582,9.906574374754694e-06,-0.0033492822966507,5.5327830907443455e-06,-0.0028708133971291,5.866356024769289e-06,-0.0023923444976075,6.23030654037307e-06,-0.001913875598086,3.189452577997195e-06,-0.0014354066985644,9.752171125710664e-06,1,0,1,2,2
638,38,10:11:57,4,-0.0038277511961721,2895193.0,-0.0035885167464114,-0.0038277511961721,1.2158772142765332e-06,-0.0047846889952152,5.891238553374629e-05,-0.0052631578947368,1.1028803503144874e-06,-0.0057416267942582,9.906574374754694e-06,-0.0062200956937799,1.9155290294935838e-06,-0.0033492822966507,5.84236353995543e-06,-0.0028708133971291,5.866356024769289e-06,-0.0023923444976075,6.191608984221684e-06,-0.001913875598086,3.189452577997195e-06,-0.0014354066985644,9.752171125710664e-06,1,1,1,2,2
639,38,10:12:00,4,-0.0033492822966507,4050766.0,-0.0035885167464114,-0.0038277511961721,1.3544144652984934e-07,-0.0043062200956938,7.681464896050026e-06,-0.0047846889952152,5.060866393478199e-05,-0.0052631578947368,1.1028803503144874e-06,-0.0057416267942582,9.906574374754694e-06,-0.0033492822966507,5.552131868820039e-06,-0.0028708133971291,5.750263356315132e-06,-0.0023923444976075,6.191608984221684e-06,-0.001913875598086,3.189452577997195e-06,-0.0014354066985644,9.752171125710664e-06,1,0,1,2,2
640,38,10:12:03,4,-0.0033492822966507,1088417.0,-0.0040669856459331,-0.0043062200956938,8.319974572547888e-07,-0.0047846889952152,5.455581466222332e-05,-0.0052631578947368,1.1028803503144874e-06,-0.0057416267942582,1.0100062155511622e-05,-0.0062200956937799,1.9155290294935838e-06,-0.0038277511961721,5.545940259835817e-06,-0.0033492822966507,5.5134343126686524e-06,-0.0028708133971291,5.750263356315132e-06,-0.0023923444976075,5.862679756934907e-06,-0.001913875598086,3.189452577997195e-06,1,1,1,2,2
641,38,10:12:06,4,-0.0043062200956938,990656.0,-0.0040669856459331,-0.0043062200956938,7.739511230277106e-08,-0.0047846889952152,5.281442463541097e-05,-0.0052631578947368,1.1028803503144874e-06,-0.0057416267942582,1.0293549936268547e-05,-0.0062200956937799,1.9155290294935838e-06,-0.0038277511961721,1.2472802810933823e-05,-0.0033492822966507,6.05520009878805e-06,-0.0028708133971291,5.750263356315132e-06,-0.0023923444976075,5.862679756934907e-06,-0.001913875598086,3.189452577997195e-06,1,1,2,2,2
642,38,10:12:09,4,-0.0038277511961721,1988849.0,-0.0040669856459331,-0.0043062200956938,7.99104534526111e-06,-0.0047846889952152,3.973465065624266e-05,-0.0052631578947368,1.1028803503144874e-06,-0.0057416267942582,1.0293549936268547e-05,-0.0062200956937799,2.1322353439413424e-05,-0.0038277511961721,2.5049508560134123e-05,-0.0033492822966507,6.248687879544977e-06,-0.0028708133971291,5.750263356315132e-06,-0.0023923444976075,5.862679756934907e-06,-0.001913875598086,3.1507550218458096e-06,1,1,2,2,2
643,38,10:12:12,4,-0.0043062200956938,985360.0,-0.0040669856459331,-0.0043062200956938,9.300570645423996e-06,-0.0047846889952152,4.0334462776589135e-05,-0.0052631578947368,1.1802754626172586e-06,-0.0057416267942582,1.0293549936268547e-05,-0.0062200956937799,2.1322353439413424e-05,-0.0038277511961721,2.042515060004355e-05,-0.0033492822966507,6.558268328756062e-06,-0.0028708133971291,6.7177022600997705e-06,-0.0023923444976075,5.088728633907197e-06,-0.001913875598086,3.1507550218458096e-06,1,1,2,2,2
644,38,10:12:15,4,-0.0043062200956938,601521.0,-0.0040669856459331,-0.0043062200956938,1.1235835428554787e-05,-0.0047846889952152,4.139864557075224e-05,-0.0052631578947368,1.1802754626172586e-06,-0.0057416267942582,1.0293549936268547e-05,-0.0062200956937799,2.1322353439413424e-05,-0.0038277511961721,1.9689897033167223e-05,-0.0033492822966507,6.596965884907448e-06,-0.0028708133971291,6.7177022600997705e-06,-0.0023923444976075,5.088728633907197e-06,-0.001913875598086,3.1507550218458096e-06,1,1,2,2,2
645,38,10:12:18,4,-0.0043062200956938,2655586.0,-0.0040669856459331,-0.0043062200956938,9.22356250868274e-06,-0.0047846889952152,4.693239610040037e-05,-0.0052631578947368,1.1802754626172586e-06,-0.0057416267942582,1.0312898714344242e-05,-0.0062200956937799,2.170932900092728e-05,-0.0038277511961721,1.7735670447522256e-05,-0.0033492822966507,6.596965884907448e-06,-0.0028708133971291,6.524214479342842e-06,-0.0023923444976075,5.088728633907197e-06,-0.001913875598086,3.1507550218458096e-06,1,1,2,2,2
646,38,10:12:21,4,-0.0038277511961721,1130291.0,-0.0040669856459331,-0.0043062200956938,8.681796722563342e-06,-0.0047846889952152,4.702913999077883e-05,-0.0052631578947368,1.3737632433741862e-06,-0.0057416267942582,1.0312898714344242e-05,-0.0062200956937799,2.170932900092728e-05,-0.0038277511961721,1.2105176027495663e-05,-0.0033492822966507,6.287385435696364e-06,-0.0028708133971291,6.524214479342842e-06,-0.0023923444976075,5.088728633907197e-06,-0.001913875598086,3.1507550218458096e-06,1,2,2,2,2
647,38,10:12:24,4,-0.0043062200956938,3289015.0,-0.0045454545454545,-0.0047846889952152,3.967970012650769e-05,-0.0052631578947368,1.3737632433741862e-06,-0.0057416267942582,1.0467688938949783e-05,-0.0062200956937799,2.170932900092728e-05,-0.0066985645933013,3.4866498092398355e-05,-0.0043062200956938,2.128365588326204e-06,-0.0038277511961721,6.2618450486364485e-06,-0.0033492822966507,6.287385435696364e-06,-0.0028708133971291,6.524214479342842e-06,-0.0023923444976075,5.088728633907197e-06,2,2,2,2,2
648,38,10:12:27,4,-0.0043062200956938,1690005.0,-0.0040669856459331,-0.0043062200956938,3.3860361632462336e-06,-0.0047846889952152,3.673868585900239e-05,-0.0052631578947368,1.3737632433741862e-06,-0.0057416267942582,1.0564432829328249e-05,-0.0062200956937799,2.170932900092728e-05,-0.0038277511961721,2.1405553185138905e-06,-0.0033492822966507,6.287385435696364e-06,-0.0028708133971291,6.524214479342842e-06,-0.0023923444976075,7.023606441476473e-06,-0.001913875598086,3.1507550218458096e-06,1,2,2,2,2
649,38,10:12:30,4,-0.0047846889952152,1121665.0,-0.0045454545454545,-0.0047846889952152,3.491990071988727e-05,-0.0052631578947368,1.3737632433741862e-06,-0.0057416267942582,1.0583781607403942e-05,-0.0062200956937799,5.262867636588431e-05,-0.0066985645933013,3.4866498092398355e-05,-0.0043062200956938,1.2383217968443368e-06,-0.0038277511961721,3.604677355501562e-07,-0.0033492822966507,6.287385435696364e-06,-0.0028708133971291,6.524214479342842e-06,-0.0023923444976075,7.023606441476473e-06,2,2,2,2,2
650,38,10:12:33,4,-0.0033492822966507,1640633.0,-0.0035885167464114,-0.0038277511961721,2.973907190233978e-07,-0.0043062200956938,3.869755615138552e-08,-0.0047846889952152,2.6174253029674145e-05,-0.0052631578947368,1.47050713375265e-06,-0.0057416267942582,1.2557356971124605e-05,-0.0033492822966507,6.151943989166514e-06,-0.0028708133971291,6.524214479342842e-06,-0.0023923444976075,7.023606441476473e-06,-0.001913875598086,3.1507550218458096e-06,-0.0014354066985644,8.262315213882324e-06,1,1,2,2,2
651,38,10:12:36,4,-0.0038277511961721,1004968.0,-0.0040669856459331,-0.0043062200956938,4.382304746363654e-06,-0.0047846889952152,2.76254113853511e-05,-0.0052631578947368,1.3931120214498788e-06,-0.0057416267942582,1.267344963957876e-05,-0.0062200956937799,5.262867636588431e-05,-0.0038277511961721,9.055228139424213e-08,-0.0033492822966507,5.881061096106815e-06,-0.0028708133971291,6.524214479342842e-06,-0.0023923444976075,7.023606441476473e-06,-0.001913875598086,3.1507550218458096e-06,2,2,2,2,2
652,38,10:12:39,4,-0.0038277511961721,451015.0,-0.0035885167464114,-0.0038277511961721,9.674389037846382e-07,-0.0043062200956938,6.671652168279622e-06,-0.0047846889952152,2.810913083724342e-05,-0.0052631578947368,1.3931120214498788e-06,-0.0057416267942582,1.3350656872228009e-05,-0.0033492822966507,5.417657861193973e-06,-0.0028708133971291,6.524214479342842e-06,-0.0023923444976075,7.023606441476473e-06,-0.001913875598086,3.1507550218458096e-06,-0.0014354066985644,7.294876310097685e-06,1,2,2,2,2
653,38,10:12:42,4,-0.0038277511961721,1134305.0,-0.0035885167464114,-0.0038277511961721,9.03587936134852e-06,-0.0043062200956938,5.241583980705169e-06,-0.0047846889952152,2.8863733182195435e-05,-0.0052631578947368,1.3931120214498788e-06,-0.0057416267942582,1.3350656872228009e-05,-0.0033492822966507,5.262867636588431e-06,-0.0028708133971291,6.524214479342842e-06,-0.0023923444976075,7.081652775703551e-06,-0.001913875598086,3.1507550218458096e-06,-0.0014354066985644,7.333573866249071e-06,1,2,2,2,2
654,38,10:12:45,4,-0.0038277511961721,1161940.0,-0.0035885167464114,-0.0038277511961721,3.269943494792077e-06,-0.0043062200956938,1.3116536657512125e-05,-0.0047846889952152,3.025684520364532e-05,-0.0052631578947368,1.3931120214498788e-06,-0.0057416267942582,1.3466749540682162e-05,-0.0033492822966507,1.7026924706609631e-06,-0.0028708133971291,6.582260813569921e-06,-0.0023923444976075,7.081652775703551e-06,-0.001913875598086,3.1507550218458096e-06,-0.0014354066985644,7.333573866249071e-06,1,2,2,2,2
655,38,10:12:48,4,-0.0043062200956938,1675532.0,-0.0040669856459331,-0.0043062200956938,5.589861986067639e-06,-0.0047846889952152,3.075991343361333e-05,-0.0052631578947368,1.3931120214498788e-06,-0.0057416267942582,1.352479587490924e-05,-0.0062200956937799,5.2918908037019705e-05,-0.0038277511961721,2.51534114984006e-07,-0.0033492822966507,1.47050713375265e-06,-0.0028708133971291,6.582260813569921e-06,-0.0023923444976075,7.275140556460479e-06,-0.001913875598086,3.1507550218458096e-06,2,2,2,2,2
656,38,10:12:51,4,-0.0043062200956938,1577919.0,-0.0031100478468898,-0.0033492822966507,1.547902246055421e-07,-0.0043062200956938,9.674389037846383e-08,-0.0047846889952152,3.133844189807654e-05,-0.0052631578947368,1.3931120214498788e-06,-0.0057416267942582,1.352479587490924e-05,-0.0028708133971291,6.582260813569921e-06,-0.0023923444976075,7.275140556460479e-06,-0.001913875598086,3.1507550218458096e-06,-0.0014354066985644,7.73989820583862e-06,-0.000956937799043,9.990935047164714e-06,1,2,2,2,2
657,38,10:12:54,4,-0.0038277511961721,652028.0,-0.0033492822966507,-0.0038277511961721,4.256731176652408e-07,-0.0043062200956938,1.064182794163102e-06,-0.0047846889952152,3.162867356921193e-05,-0.0052631578947368,1.2963681310714152e-06,-0.0057416267942582,1.352479587490924e-05,-0.0028708133971291,5.479380463255433e-06,-0.0023923444976075,7.275140556460479e-06,-0.001913875598086,3.1507550218458096e-06,-0.0014354066985644,7.73989820583862e-06,-0.000956937799043,9.990935047164714e-06,2,2,2,2,2
658,38,10:12:57,4,-0.0033492822966507,770326.0,-0.0031100478468898,-0.0033492822966507,1.81878513911512e-06,-0.0038277511961721,1.3350656872228009e-06,-0.0043062200956938,1.5865998022068066e-06,-0.0047846889952152,3.0738629777730063e-05,-0.0052631578947368,1.2963681310714152e-06,-0.0028708133971291,5.285892682498506e-06,-0.0023923444976075,7.275140556460479e-06,-0.001913875598086,3.344242802602737e-06,-0.0014354066985644,7.73989820583862e-06,-0.000956937799043,9.990935047164714e-06,1,2,2,2,2
659,38,10:13:00,4,-0.0033492822966507,716243.0,-0.0035885167464114,-0.0038277511961721,3.482780053624697e-07,-0.0043062200956938,2.824921599051144e-06,-0.0047846889952152,3.195760279649871e-05,-0.0052631578947368,1.2963681310714152e-06,-0.0057416267942582,1.3911771436423096e-05,-0.0033492822966507,7.739511230277106e-08,-0.0028708133971291,5.285892682498506e-06,-0.0023923444976075,7.275140556460479e-06,-0.001913875598086,3.344242802602737e-06,-0.0014354066985644,7.643154315460154e-06,2,2,2,2,2
660,38,10:13:03,4,-0.0033492822966507,1022710.0,-0.0031100478468898,-0.0033492822966507,8.068440457563883e-06,-0.0038277511961721,6.385096764978611e-07,-0.0043062200956938,3.540826387851776e-06,-0.0047846889952152,3.340876115217567e-05,-0.0052631578947368,1.2963681310714152e-06,-0.0028708133971291,1.5709272919654954e-06,-0.0023923444976075,9.558296369392224e-06,-0.001913875598086,3.344242802602737e-06,-0.0014354066985644,7.643154315460154e-06,-0.000956937799043,1.0261817940224414e-05,1,2,2,2,2
661,38,10:13:06,4,-0.0033492822966507,1023232.0,-0.0028708133971291,-0.0033492822966507,1.89811512922546e-07,-0.0038277511961721,2.302504591007439e-06,-0.0043062200956938,4.643706738166263e-06,-0.0047846889952152,3.567256818703172e-05,-0.0052631578947368,1.2963681310714152e-06,-0.0023923444976075,9.59699392554361e-06,-0.001913875598086,3.344242802602737e-06,-0.0014354066985644,7.236829975870607e-06,-0.000956937799043,9.932888712937637e-06,-0.0004784688995214,2.360550925234517e-05,2,2,2,2,2
662,38,10:13:09,4,-0.0028708133971291,716852.0,-0.0026315789473684,-0.0028708133971291,1.3772653722058866e-05,-0.0033492822966507,2.8055728209754507e-06,-0.0038277511961721,8.068440457563883e-06,-0.0043062200956938,6.365747986902919e-06,-0.0047846889952152,3.5827358411637264e-05,-0.0023923444976075,9.287413476332526e-06,-0.001913875598086,3.344242802602737e-06,-0.0014354066985644,7.236829975870607e-06,-0.000956937799043,9.932888712937637e-06,-0.0004784688995214,2.360550925234517e-05,2,2,2,2,2
663,38,10:13:12,4,-0.0023923444976075,145884.0,-0.0026315789473684,-0.0028708133971291,1.520446329966013e-05,-0.0033492822966507,5.9207260911619855e-06,-0.0038277511961721,8.26192823832081e-06,-0.0043062200956938,7.932999011034033e-06,-0.0047846889952152,4.18835259493291e-05,-0.0023923444976075,9.151972029802676e-06,-0.001913875598086,3.344242802602737e-06,-0.0014354066985644,7.236829975870607e-06,-0.000956937799043,9.932888712937637e-06,-0.0004784688995214,2.3508765361966708e-05,2,2,2,2,2
664,38,10:13:15,4,-0.0023923444976075,318854.0,-0.0026315789473684,-0.0028708133971291,1.7468270334516182e-05,-0.0033492822966507,6.8107698826438525e-06,-0.0038277511961721,8.648903799834665e-06,-0.0043062200956938,8.958484249045749e-06,-0.0047846889952152,4.397319398150392e-05,-0.0023923444976075,9.113274473651292e-06,-0.001913875598086,3.344242802602737e-06,-0.0014354066985644,7.236829975870607e-06,-0.000956937799043,9.932888712937637e-06,-0.0004784688995214,2.3508765361966708e-05,2,2,2,2,2
665,38,10:13:18,4,-0.0023923444976075,573159.0,-0.0026315789473684,-0.0028708133971291,1.5165765743508744e-05,-0.0033492822966507,5.340262748891203e-06,-0.0038277511961721,1.085466450046364e-05,-0.0043062200956938,1.766543438310749e-05,-0.0047846889952152,6.560512787012842e-05,-0.0023923444976075,7.99104534526111e-06,-0.001913875598086,3.440986692981201e-06,-0.0014354066985644,9.171707783439883e-06,-0.000956937799043,9.932888712937637e-06,-0.0004784688995214,3.2380760573014107e-05,2,2,2,2,2
666,38,10:13:21,4,-0.001913875598086,1296739.0,-0.0016746411483251,-0.001913875598086,1.4437284248958912e-05,-0.0023923444976075,8.513462353304815e-06,-0.0028708133971291,1.6210599759596153e-05,-0.0033492822966507,5.649843198102287e-06,-0.0038277511961721,1.1183593727750417e-05,-0.0014354066985644,9.171707783439883e-06,-0.000956937799043,9.932888712937637e-06,-0.0004784688995214,3.2380760573014107e-05,0.0,0.0002060064401719,0.0004784688995216,2.534689927915752e-06,2,2,2,2,2
667,38,10:13:24,4,-0.001913875598086,1671325.0,-0.0016746411483251,-0.001913875598086,1.0238599406533584e-05,-0.0023923444976075,1.4975954230586198e-05,-0.0028708133971291,1.6655621655337087e-05,-0.0033492822966507,5.53375052964813e-06,-0.0038277511961721,1.1996242406929512e-05,-0.0014354066985644,6.775942082107606e-07,-0.000956937799043,9.932888712937637e-06,-0.0004784688995214,3.2380760573014107e-05,0.0,0.0002060064401719,0.0004784688995216,2.534689927915752e-06,2,2,2,2,2
668,38,10:13:27,4,-0.001913875598086,884698.0,-0.0014354066985646,-0.001913875598086,2.418597259461595e-06,-0.0023923444976075,1.8400687949983814e-05,-0.0028708133971291,1.7777850783727268e-05,-0.0033492822966507,4.75979940662042e-06,-0.0038277511961721,1.1938196072702436e-05,-0.000956937799043,8.056444215156953e-06,-0.0004784688995214,3.2380760573014107e-05,0.0,0.0002060257889499,0.0004784688995216,2.534689927915752e-06,0.0009569377990432,9.229367142105449e-06,2,2,2,2,2
669,38,10:13:30,4,-0.001913875598086,815893.0,-0.0014354066985646,-0.001913875598086,3.579523944003161e-06,-0.0023923444976075,2.120626077095927e-05,-0.0028708133971291,1.7951989786408502e-05,-0.0033492822966507,1.6330368695884693e-05,-0.0038277511961721,1.1938196072702436e-05,-0.000956937799043,6.257007854117525e-06,-0.0004784688995214,3.2380760573014107e-05,0.0,0.0002055033719419,0.0004784688995216,2.534689927915752e-06,0.0009569377990432,9.229367142105449e-06,2,2,2,2,2
670,38,10:13:33,4,-0.0014354066985644,2267607.0,-0.0009569377990428,-0.0014354066985644,1.7259110043517943e-06,-0.001913875598086,5.823982200783522e-06,-0.0023923444976075,2.1515841220170352e-05,-0.0028708133971291,1.8958126246344525e-05,-0.0033492822966507,1.638841503011177e-05,-0.0004784688995214,2.216402528570606e-05,0.0,0.0002055033719419,0.0004784688995216,2.534689927915752e-06,0.0009569377990432,9.326111032483912e-06,0.0014354066985646,4.508265291636414e-06,2,2,2,2,2
671,38,10:13:36,4,-0.0004784688995214,747824.0,-0.0007177033492823,-0.000956937799043,5.940074869237678e-06,-0.0014354066985644,6.118083627534052e-06,-0.001913875598086,6.984908885325088e-06,-0.0023923444976075,1.4821164005980655e-05,-0.0028708133971291,1.8958126246344525e-05,-0.0004784688995214,1.587567241110591e-05,0.0,0.00020552272072,0.0004784688995216,2.341202147158824e-06,0.0009569377990432,9.326111032483912e-06,0.0014354066985646,4.508265291636414e-06,1,1,2,2,2
672,38,10:13:39,4,-0.000956937799043,824912.0,-0.0007177033492823,-0.000956937799043,7.77820878642849e-06,-0.0014354066985644,6.853337194410377e-06,-0.001913875598086,1.3118471535319694e-05,-0.0023923444976075,1.526618590172159e-05,-0.0028708133971291,1.8938777468268832e-05,-0.0004784688995214,1.2934658143600613e-05,0.0,0.000206296671843,0.0004784688995216,2.341202147158824e-06,0.0009569377990432,9.326111032483912e-06,0.0014354066985646,4.508265291636414e-06,1,2,2,2,2
673,38,10:13:42,4,-0.0004784688995214,1367966.0,-0.0007177033492823,-0.000956937799043,3.3666873851705405e-06,-0.0014354066985644,7.569241983211008e-06,-0.001913875598086,1.3969817770650175e-05,-0.0023923444976075,1.4685722559450809e-05,-0.0028708133971291,1.868724335328483e-05,-0.0004784688995214,7.516032843502853e-06,0.0,0.0002056775109446,0.0004784688995216,2.341202147158824e-06,0.0009569377990432,9.326111032483912e-06,0.0014354066985646,4.508265291636414e-06,1,2,2,2,2
674,38,10:13:45,4,-0.0004784688995214,1477543.0,-0.0002392344497607,-0.0004784688995214,3.202222771527152e-07,-0.0014354066985644,6.87268597248607e-06,-0.001913875598086,2.561778217221722e-05,-0.0023923444976075,3.2660737391769386e-05,-0.0028708133971291,1.8590499462906363e-05,0.0,0.0002056775109446,0.0004784688995216,2.341202147158824e-06,0.0009569377990432,9.326111032483912e-06,0.0014354066985646,4.508265291636414e-06,0.0019138755980863,5.1874074020932296e-06,1,2,2,2,2
675,38,10:13:48,4,0.0,662627.0,-0.0002392344497607,-0.0004784688995214,4.304135682937855e-06,-0.000956937799043,2.708828930596987e-07,-0.0014354066985644,6.118083627534052e-06,-0.001913875598086,2.5753223618747067e-05,-0.0023923444976075,3.4440824974733115e-05,0.0,0.0002016142675487,0.0004784688995216,2.341202147158824e-06,0.0009569377990432,9.326111032483912e-06,0.0014354066985646,4.508265291636414e-06,0.0019138755980863,5.1874074020932296e-06,1,2,2,2,2
676,38,10:13:51,4,-0.0004784688995214,576743.0,-0.0002392344497607,-0.0004784688995214,1.3146527263529449e-05,-0.000956937799043,2.5153411498400597e-06,-0.0014354066985644,7.240312755924232e-06,-0.001913875598086,2.534689927915752e-05,-0.0023923444976075,3.415059330359773e-05,0.0,0.0001980153948266,0.0004784688995216,2.341202147158824e-06,0.0009569377990432,9.326111032483912e-06,0.0014354066985646,4.508265291636414e-06,0.0019138755980863,5.1874074020932296e-06,1,2,2,2,2
677,38,10:13:54,4,0.0,1270632.0,-0.0002392344497607,-0.0004784688995214,1.8583533902799112e-05,-0.000956937799043,2.534689927915752e-06,-0.0014354066985644,6.5437567451992925e-06,-0.001913875598086,2.550168950376306e-05,-0.0023923444976075,3.318315439981309e-05,0.0,0.0001881281692299,0.0004784688995216,2.341202147158824e-06,0.0009569377990432,9.326111032483912e-06,0.0014354066985646,4.508265291636414e-06,0.0019138755980863,5.1874074020932296e-06,1,2,2,2,2
678,38,10:13:57,4,-0.0004784688995214,1483653.0,-0.0002392344497607,-0.0004784688995214,2.1408455501850257e-05,-0.000956937799043,2.689480152521294e-06,-0.0014354066985644,2.593123237704344e-05,-0.001913875598086,2.550168950376306e-05,-0.0023923444976075,3.3860361632462336e-05,0.0,0.0001791696849809,0.0004784688995216,2.341202147158824e-06,0.0009569377990432,9.422854922862376e-06,0.0014354066985646,4.508265291636414e-06,0.0019138755980863,5.495052973496745e-06,2,2,2,2,2
679,38,10:14:00,4,-0.0004784688995214,2737321.0,-0.0002392344497607,-0.0004784688995214,1.2295181028198964e-05,-0.000956937799043,3.3086410509434626e-06,-0.0014354066985644,2.643430060701145e-05,-0.001913875598086,2.550168950376306e-05,-0.0023923444976075,3.405384941321926e-05,0.0,0.0001651224720979,0.0004784688995216,2.341202147158824e-06,0.0009569377990432,9.422854922862376e-06,0.0014354066985646,4.508265291636414e-06,0.0019138755980863,5.495052973496745e-06,2,2,2,2,2
680,38,10:14:03,4,0.0,5952068.0,-0.0002392344497607,-0.0004784688995214,1.0050722771418606e-05,-0.000956937799043,4.198684842425329e-06,-0.0014354066985644,2.689480152521294e-05,-0.001913875598086,2.511471394224921e-05,-0.0023923444976075,3.372492018593249e-05,0.0,0.0001084499011142,0.0004784688995216,2.341202147158824e-06,0.0009569377990432,9.422854922862376e-06,0.0014354066985646,4.508265291636414e-06,0.0019138755980863,5.495052973496745e-06,2,2,2,2,2
681,38,10:14:06,4,0.0,10828181.0,-0.0002392344497607,-0.0004784688995214,1.0340954442553995e-05,-0.000956937799043,6.30770165267584e-06,-0.0014354066985644,2.67400113006074e-05,-0.001913875598086,1.4472886000618188e-05,-0.0023923444976075,3.374426896400818e-05,0.0,1.0138759711663008e-05,0.0004784688995216,2.341202147158824e-06,0.0009569377990432,9.422854922862376e-06,0.0014354066985646,4.663055516241956e-06,0.0019138755980863,5.495052973496745e-06,2,2,2,2,2
682,38,10:14:09,4,0.0,2129256.0,0.0002392344497608,0.0,1.2363869190367676e-05,-0.0004784688995214,3.2786504449261385e-06,-0.000956937799043,7.333186890687557e-06,-0.0014354066985644,2.6527174741774776e-05,-0.001913875598086,1.4298746997936952e-05,0.0004784688995216,2.844270377126836e-06,0.0009569377990432,9.422854922862376e-06,0.0014354066985646,4.953287187377347e-06,0.0019138755980863,5.495052973496745e-06,0.0023923444976077,8.977833027121442e-06,2,2,2,1,2
683,38,10:14:12,4,0.0,1472371.0,0.0004784688995216,0.0,6.832053538527115e-05,-0.0004784688995214,5.561806257857884e-06,-0.000956937799043,9.635691481694996e-06,-0.0014354066985644,2.712698686212125e-05,-0.001913875598086,1.3563493431060627e-05,0.0009569377990432,1.1802754626172586e-06,0.0014354066985646,4.953287187377347e-06,0.0019138755980863,5.495052973496745e-06,0.0023923444976077,8.977833027121442e-06,0.0028708133971293,1.9348778075692766e-07,2,2,2,2,2
684,38,10:14:15,4,0.0004784688995216,1833195.0,0.0014354066985646,0.0004784688995216,1.037094504857132e-05,0.0,8.262702189443838e-05,-0.0004784688995214,7.167754838140384e-06,-0.000956937799043,1.0680525497782404e-05,-0.0014354066985644,2.6933499081364324e-05,0.0023923444976077,4.643706738166263e-06,0.0028708133971293,1.9348778075692766e-07,0.0033492822966507,3.3086410509434626e-06,0.0038277511961724,2.08579827655968e-05,0.0043062200956938,5.030682299680119e-06,2,2,2,1,2
685,38,10:14:18,4,0.0023923444976077,1131322.0,0.0028708133971293,0.0023923444976077,3.347338607094848e-06,0.0019138755980863,3.869755615138553e-06,0.0014354066985646,5.030682299680119e-06,0.0009569377990432,1.9348778075692766e-07,0.0004784688995216,1.766543438310749e-05,0.0033492822966507,3.192548382489306e-06,0.0038277511961724,2.08579827655968e-05,0.0043062200956938,5.030682299680119e-06,0.0047846889952154,0.0002465587701896,0.005263157894737,2.302504591007439e-06,1,2,2,0,2
686,38,10:14:21,4,0.0019138755980863,605654.0,0.0023923444976079,0.0019138755980863,5.707889532329365e-06,0.0014354066985646,5.417657861193973e-06,0.0009569377990432,3.269943494792077e-06,0.0004784688995216,1.7549341714653336e-05,0.0,8.939909422093084e-05,0.0028708133971293,9.674389037846382e-07,0.0033492822966507,1.218973018768644e-06,0.0038277511961724,2.0896680321748184e-05,0.0043062200956938,5.030682299680119e-06,0.0047846889952154,0.0002465974677457,2,2,2,0,2
687,38,10:14:24,4,0.0023923444976077,128751.0,0.0026315789473683,0.0023923444976077,2.070319254099126e-06,0.0019138755980863,1.9348778075692764e-06,0.0014354066985646,5.417657861193973e-06,0.0009569377990432,3.3279898290191552e-06,0.0004784688995216,8.668252577910358e-06,0.0028708133971293,2.708828930596987e-07,0.0033492822966507,1.218973018768644e-06,0.0038277511961724,2.0896680321748184e-05,0.0043062200956938,5.030682299680119e-06,0.0047846889952154,0.0002486484382217,2,2,2,0,2
688,38,10:14:27,4,0.0023923444976077,1537369.0,0.0016746411483254,0.0009569377990432,3.226021768560254e-06,0.0004784688995216,9.558296369392224e-06,0.0,7.831224438355889e-05,-0.0004784688995214,1.036030322062969e-05,-0.000956937799043,1.4724420115602192e-05,0.0023923444976077,1.5672510241311135e-06,0.0033492822966507,1.1996242406929513e-06,0.0038277511961724,1.8845709845724752e-05,0.0043062200956938,5.030682299680119e-06,0.0047846889952154,0.0002484162528848,2,2,2,1,2
689,38,10:14:30,4,0.0033492822966507,1443688.0,0.0035885167464115,0.0033492822966507,1.3544144652984934e-07,0.0028708133971293,3.676267834381625e-07,0.0023923444976077,1.3215215425698156e-05,0.0019138755980863,2.9023167113539144e-07,0.0009569377990432,3.0571069359594564e-06,0.0038277511961724,1.6988227150458247e-05,0.0043062200956938,7.584721005671563e-06,0.0047846889952154,0.0002479712309891,0.005263157894737,2.302504591007439e-06,0.0057416267942584,5.804633422707829e-07,1,2,2,0,2
690,38,10:14:33,4,0.0023923444976077,1868423.0,0.0028708133971293,0.0023923444976077,9.577645147467915e-06,0.0019138755980863,1.0061364599360235e-06,0.0009569377990432,3.0571069359594564e-06,0.0004784688995216,1.0042015821284544e-05,0.0,7.684173724980624e-05,0.0033492822966507,4.237382398576715e-06,0.0038277511961724,7.120350331854937e-06,0.0043062200956938,7.681464896050026e-06,0.0047846889952154,0.0002499448063528,0.005263157894737,2.302504591007439e-06,2,2,2,1,2
691,38,10:14:36,4,0.0028708133971293,790317.0,0.0031100478468899,0.0028708133971293,7.739511230277106e-08,0.0023923444976077,1.1106198615447646e-05,0.0019138755980863,1.0061364599360235e-06,0.0014354066985646,8.706950134061743e-07,0.0009569377990432,3.0571069359594564e-06,0.0033492822966507,2.360550925234517e-06,0.0038277511961724,7.604069783747256e-06,0.0043062200956938,8.04909167948819e-06,0.0047846889952154,0.0002500415502432,0.005263157894737,2.302504591007439e-06,2,2,2,0,2
692,38,10:14:39,4,0.0043062200956938,2942392.0,0.0045454545454544,0.0043062200956938,6.539886989584154e-06,0.0038277511961724,1.6639949145095776e-06,0.0033492822966507,5.9013773130862925e-06,0.0028708133971293,3.231245938640692e-06,0.0023923444976077,1.8748965955346286e-05,0.0047846889952154,0.0002435035981314,0.005263157894737,2.302504591007439e-06,0.0057416267942584,5.804633422707829e-07,0.0062200956937801,5.030682299680119e-07,0.0066985645933015,1.2054288741156591e-05,1,1,2,0,1
693,38,10:14:42,4,0.0038277511961724,973919.0,0.0040669856459329,0.0038277511961724,4.237382398576715e-06,0.0033492822966507,6.114213871918913e-06,0.0028708133971293,3.289292272867769e-06,0.0023923444976077,2.039361209178017e-05,0.0019138755980863,3.482780053624697e-07,0.0043062200956938,9.480901257089452e-07,0.0047846889952154,0.0002437644196599,0.005263157894737,2.302504591007439e-06,0.0057416267942584,5.804633422707829e-07,0.0062200956937801,5.030682299680119e-07,1,1,1,0,2
694,38,10:14:45,4,0.0038277511961724,428051.0,0.0040669856459329,0.0038277511961724,1.6446461364338848e-06,0.0033492822966507,9.38415736671099e-06,0.0028708133971293,7.101001553779244e-06,0.0023923444976077,2.13997485517162e-05,0.0019138755980863,3.482780053624697e-07,0.0043062200956938,1.4763117671753578e-05,0.0047846889952154,0.0002420423784111,0.005263157894737,2.302504591007439e-06,0.0057416267942584,5.804633422707829e-07,0.0062200956937801,5.030682299680119e-07,1,1,1,0,2
695,38,10:14:48,4,0.0043062200956938,860590.0,0.0040669856459329,0.0038277511961724,2.0122729198720474e-06,0.0033492822966507,1.1260988840053187e-05,0.0028708133971293,7.487977115293099e-06,0.0023923444976077,2.13997485517162e-05,0.0019138755980863,3.482780053624697e-07,0.0043062200956938,8.497983330844262e-06,0.0047846889952154,0.0002421004247454,0.005263157894737,2.999060601732378e-06,0.0057416267942584,5.804633422707829e-07,0.0062200956937801,5.030682299680119e-07,1,2,1,1,2
696,38,10:14:51,4,0.0043062200956938,1994824.0,0.0045454545454544,0.0043062200956938,3.095804492110842e-07,0.0038277511961724,1.735198417828127e-06,0.0033492822966507,1.5962741912446528e-05,0.0028708133971293,6.849467438795238e-06,0.0023923444976077,2.1457794885943276e-05,0.0047846889952154,0.0002401307191373,0.005263157894737,2.999060601732378e-06,0.0057416267942584,5.804633422707829e-07,0.0062200956937801,5.030682299680119e-07,0.0066985645933015,1.2054288741156591e-05,1,2,1,0,2
697,38,10:14:54,4,0.0047846889952154,3227581.0,0.0045454545454544,0.0043062200956938,2.3218533690831317e-07,0.0038277511961724,5.624302811042373e-06,0.0033492822966507,2.149649244209466e-05,0.0028708133971293,6.849467438795238e-06,0.0023923444976077,2.1457794885943276e-05,0.0047846889952154,0.0002125974079356,0.005263157894737,2.999060601732378e-06,0.0057416267942584,5.804633422707829e-07,0.0062200956937801,5.030682299680119e-07,0.0066985645933015,1.2054288741156591e-05,1,1,1,0,2
698,38,10:14:57,4,0.0047846889952154,2282384.0,0.0045454545454544,0.0043062200956938,5.611145641950901e-07,0.0038277511961724,5.862679756934907e-06,0.0033492822966507,2.2173699674743903e-05,0.0028708133971293,7.042955219552166e-06,0.0023923444976077,2.130300466133773e-05,0.0047846889952154,0.0001977762439296,0.005263157894737,2.999060601732378e-06,0.0057416267942584,6.772072326492467e-07,0.0062200956937801,5.030682299680119e-07,0.0066985645933015,1.2054288741156591e-05,1,2,0,0,1
699,38,10:15:00,4,0.0047846889952154,4458153.0,0.0045454545454544,0.0043062200956938,3.1345020482622275e-06,0.0038277511961724,5.9013773130862925e-06,0.0033492822966507,2.267676790471192e-05,0.0028708133971293,7.197745444157708e-06,0.0023923444976077,2.079993643136972e-05,0.0047846889952154,0.000159543058452,0.005263157894737,2.999060601732378e-06,0.0057416267942584,6.772072326492467e-07,0.0062200956937801,5.030682299680119e-07,0.0066985645933015,1.2054288741156591e-05,1,2,0,0,1
700,38,10:15:03,4,0.0047846889952154,2893682.0,0.0045454545454544,0.0043062200956938,4.895240853150269e-06,0.0038277511961724,6.327050430751533e-06,0.0033492822966507,2.283155812931746e-05,0.0028708133971293,6.8107698826438525e-06,0.0023923444976077,1.687213448200409e-05,0.0047846889952154,0.0001352022956328,0.005263157894737,2.999060601732378e-06,0.0057416267942584,6.772072326492467e-07,0.0062200956937801,5.417657861193974e-07,0.0066985645933015,1.2054288741156591e-05,1,2,0,0,2
701,38,10:15:06,4,0.0047846889952154,1814289.0,0.0045454545454544,0.0043062200956938,4.953287187377347e-06,0.0038277511961724,8.436067241002044e-06,0.0033492822966507,2.2870255685468847e-05,0.0028708133971293,6.752723548416774e-06,0.0023923444976077,1.6427112586263155e-05,0.0047846889952154,0.0001212131290841,0.005263157894737,2.999060601732378e-06,0.0057416267942584,6.772072326492467e-07,0.0062200956937801,5.417657861193974e-07,0.0066985645933015,1.0119410933587316e-05,2,2,0,1,1
702,38,10:15:09,4,0.0047846889952154,6314641.0,0.0045454545454544,0.0043062200956938,4.62435796009057e-06,0.0038277511961724,1.3718283655666169e-05,0.0033492822966507,2.3083092244301467e-05,0.0028708133971293,6.752723548416774e-06,0.0023923444976077,1.652385647664162e-05,0.0047846889952154,6.434707031964687e-05,0.005263157894737,2.302504591007439e-06,0.0057416267942584,6.772072326492467e-07,0.0062200956937801,5.804633422707829e-07,0.0066985645933015,8.184533126018038e-06,1,2,0,1,1
703,38,10:15:12,4,0.0047846889952154,2125145.0,0.0045454545454544,0.0043062200956938,7.449279559141714e-06,0.0038277511961724,1.716236615313948e-05,0.0033492822966507,2.3373323915436856e-05,0.0028708133971293,6.752723548416774e-06,0.0023923444976077,1.652385647664162e-05,0.0047846889952154,4.586898725736029e-05,0.005263157894737,2.418597259461595e-06,0.0057416267942584,6.772072326492467e-07,0.0062200956937801,5.804633422707829e-07,0.0066985645933015,7.894301454882647e-06,2,1,0,1,2
704,38,10:15:15,4,0.0047846889952154,2606023.0,0.0045454545454544,0.0043062200956938,6.733374770341081e-06,0.0038277511961724,1.716236615313948e-05,0.0033492822966507,1.5749905353613907e-05,0.0028708133971293,6.017469981540449e-06,0.0023923444976077,1.809110750077273e-05,0.0047846889952154,2.4411192371417014e-05,0.005263157894737,2.418597259461595e-06,0.0057416267942584,6.772072326492467e-07,0.0062200956937801,5.804633422707829e-07,0.0066985645933015,7.894301454882647e-06,2,1,0,1,2
705,38,10:15:18,4,0.005263157894737,4724308.0,0.0050239234449762,0.0047846889952154,4.315474066890211e-05,0.0043062200956938,6.9655601072493945e-06,0.0038277511961724,1.716236615313948e-05,0.0033492822966507,1.5749905353613907e-05,0.0028708133971293,6.075516315767528e-06,0.005263157894737,9.867876818603309e-07,0.0057416267942584,6.772072326492467e-07,0.0062200956937801,5.804633422707829e-07,0.0066985645933015,7.932999011034033e-06,0.0071770334928231,7.952347789109726e-06,2,1,0,1,2
706,38,10:15:21,4,0.0047846889952154,6279253.0,0.0057416267942584,0.0047846889952154,8.319974572547888e-07,0.0043062200956938,7.378850006946192e-06,0.0038277511961724,1.7259110043517943e-05,0.0033492822966507,1.5749905353613907e-05,0.0028708133971293,5.978772425389064e-06,0.0066985645933015,7.546023449520177e-06,0.0071770334928231,7.952347789109726e-06,0.0076555023923445,5.514401751572438e-06,0.0081339712918662,3.521477609776083e-06,0.0086124401913876,9.949141686521218e-06,2,0,0,0,2
707,38,10:15:24,4,0.0047846889952154,580860.0,0.0050239234449762,0.0047846889952154,1.7266849554748223e-05,0.0043062200956938,8.578474247639144e-06,0.0038277511961724,1.708497104083671e-05,0.0033492822966507,1.5711207797462525e-05,0.0028708133971293,5.978772425389064e-06,0.005263157894737,1.0061364599360235e-06,0.0062200956937801,4.837194518923191e-07,0.0066985645933015,7.546023449520177e-06,0.0071770334928231,7.178396666082015e-06,0.0076555023923445,5.514401751572438e-06,2,0,0,1,1
708,38,10:15:27,4,0.005263157894737,2050250.0,0.0057416267942584,0.005263157894737,9.674389037846383e-08,0.0047846889952154,2.835369939212017e-05,0.0043062200956938,8.384986466882216e-06,0.0038277511961724,1.714301737506379e-05,0.0033492822966507,1.5711207797462525e-05,0.0062200956937801,4.4502189574093364e-07,0.0066985645933015,7.546023449520177e-06,0.0071770334928231,7.178396666082015e-06,0.0076555023923445,5.514401751572438e-06,0.0081339712918662,4.585660403939185e-06,0,0,0,1,1
709,38,10:15:30,4,0.0047846889952154,699697.0,0.005980861244019,0.005263157894737,3.869755615138552e-08,0.0047846889952154,4.862347930421591e-05,0.0043062200956938,7.707779234232969e-06,0.0038277511961724,1.6233624805506228e-05,0.0033492822966507,1.5904695578219452e-05,0.0066985645933015,6.423794321129997e-06,0.0071770334928231,6.984908885325088e-06,0.0076555023923445,5.514401751572438e-06,0.0081339712918662,4.585660403939185e-06,0.0086124401913876,1.0336117248035071e-05,0,0,0,1,1
710,38,10:15:33,4,0.0047846889952154,824063.0,0.0057416267942584,0.005263157894737,3.482780053624697e-07,0.0047846889952154,5.899442435278724e-05,0.0043062200956938,7.707779234232969e-06,0.0038277511961724,1.6349717473960386e-05,0.0033492822966507,1.5904695578219452e-05,0.0062200956937801,2.51534114984006e-07,0.0066985645933015,4.605009182014878e-06,0.0071770334928231,6.984908885325088e-06,0.0076555023923445,5.514401751572438e-06,0.0081339712918662,4.585660403939185e-06,0,0,0,1,1
711,38,10:15:36,4,0.0066985645933015,1791841.0,0.0069377990430623,0.0066985645933015,1.8381339171908123e-06,0.0062200956937801,3.095804492110842e-07,0.005263157894737,7.861408532153969e-07,0.0047846889952154,4.9010454865729765e-05,0.0043062200956938,7.5336402315517345e-06,0.0071770334928231,7.391233224914635e-06,0.0076555023923445,5.514401751572438e-06,0.0081339712918662,4.585660403939185e-06,0.0086124401913876,9.38415736671099e-06,0.0090909090909092,5.272271142733218e-05,0,0,0,0,1
712,38,10:15:39,4,0.0062200956937801,1263931.0,0.0069377990430623,0.0066985645933015,5.998121203464756e-07,0.0062200956937801,4.4502189574093364e-07,0.0057416267942584,9.674389037846383e-08,0.005263157894737,5.804633422707829e-06,0.0047846889952154,5.18475661949686e-05,0.0071770334928231,4.914589631225962e-06,0.0076555023923445,5.514401751572438e-06,0.0081339712918662,5.553099307723823e-06,0.0086124401913876,9.616342703619303e-06,0.0090909090909092,5.243247975619679e-05,0,0,0,0,1
713,38,10:15:42,4,0.0047846889952154,6931894.0,0.0045454545454544,0.0043062200956938,7.78517434653574e-06,0.0038277511961724,1.5924044356295145e-05,0.0033492822966507,1.5807951687840987e-05,0.0028708133971293,6.114213871918913e-06,0.0023923444976077,1.5420976126327132e-05,0.0047846889952154,0.0001323528010856,0.005263157894737,4.218033620501022e-06,0.0062200956937801,4.06324339589548e-07,0.0066985645933015,6.249655318448763e-06,0.0071770334928231,5.398309083118281e-06,0,0,0,1,2
714,38,10:15:45,4,0.0047846889952154,2013786.0,0.0045454545454544,0.0043062200956938,5.540716089755379e-06,0.0038277511961724,1.5943393134370835e-05,0.0033492822966507,1.5633812685159752e-05,0.0028708133971293,6.114213871918913e-06,0.0023923444976077,1.4995303008661891e-05,0.0047846889952154,0.0001162159201704,0.005263157894737,5.998121203464756e-06,0.0057416267942584,1.7413900268123485e-07,0.0062200956937801,1.114489617159903e-05,0.0066985645933015,7.758860008352799e-06,0,0,0,1,2
715,38,10:15:48,4,0.0047846889952154,1715522.0,0.0045454545454544,0.0043062200956938,2.096633592282068e-06,0.0038277511961724,1.5943393134370835e-05,0.0033492822966507,1.5633812685159752e-05,0.0028708133971293,6.114213871918913e-06,0.0023923444976077,1.2092986297307976e-05,0.0047846889952154,0.0001040068412047,0.005263157894737,6.075516315767528e-06,0.0057416267942584,1.7413900268123485e-07,0.0062200956937801,1.114489617159903e-05,0.0066985645933015,1.1048152281220569e-05,0,0,0,2,2
716,38,10:15:51,4,0.0047846889952154,2803435.0,0.004306220095694,0.0038277511961724,9.790481706300536e-06,0.0033492822966507,1.547902246055421e-05,0.0028708133971293,6.114213871918913e-06,0.0023923444976077,1.2092986297307976e-05,0.0019138755980863,5.8046334227078287e-08,0.0047846889952154,8.821127273486406e-05,0.005263157894737,9.751784150149151e-06,0.0057416267942584,1.7413900268123485e-07,0.0062200956937801,1.114489617159903e-05,0.0066985645933015,8.12648679179096e-06,0,0,0,2,2
717,38,10:15:54,4,0.0038277511961724,2344102.0,0.0035885167464115,0.0033492822966507,1.518879078941882e-05,0.0028708133971293,5.166123746209968e-06,0.0023923444976077,1.2170381409610748e-05,0.0019138755980863,5.8046334227078287e-08,0.0014354066985646,1.7413900268123485e-07,0.0038277511961724,1.3060425201092614e-05,0.0043062200956938,7.932999011034033e-07,0.0047846889952154,8.573462914117538e-05,0.005263157894737,9.751784150149151e-06,0.0057416267942584,2.708828930596987e-07,0,0,1,2,2
718,38,10:15:57,4,0.0028708133971293,2881181.0,0.0026315789473683,0.0023923444976077,1.2151032631535057e-05,0.0019138755980863,5.8046334227078287e-08,0.0014354066985646,1.7413900268123485e-07,0.0009569377990432,4.605009182014878e-06,0.0004784688995216,5.495052973496745e-06,0.0028708133971293,5.980707303196633e-05,0.0038277511961724,8.764996468288822e-06,0.0043062200956938,9.94527193090608e-06,0.0047846889952154,8.616030225884063e-05,0.005263157894737,1.4027864104877253e-05,0,0,1,2,2
719,38,10:16:00,4,0.0023923444976077,1322475.0,0.0026315789473683,0.0023923444976077,1.0196806045890084e-05,0.0019138755980863,5.8046334227078287e-08,0.0014354066985646,1.7413900268123485e-07,0.0009569377990432,4.605009182014878e-06,0.0004784688995216,5.495052973496745e-06,0.0028708133971293,4.955222065184917e-05,0.0038277511961724,1.0699874275858098e-05,0.0043062200956938,1.1783405848096892e-05,0.0047846889952154,8.699229971609542e-05,0.005263157894737,1.406656166102864e-05,0,0,1,2,2
720,38,10:16:03,4,0.0028708133971293,3338106.0,0.0016746411483254,0.0004784688995216,1.1802754626172586e-06,0.0,5.839461223244076e-05,-0.0004784688995214,6.567942717793908e-06,-0.000956937799043,1.7916968498091498e-05,-0.0014354066985644,2.5966060177579687e-05,0.0028708133971293,4.368954089491426e-05,0.0033492822966507,6.191608984221684e-07,0.0038277511961724,1.6697995479322855e-05,0.0043062200956938,1.729780759966933e-05,0.0047846889952154,8.761146061451758e-05,1,1,1,2,2
721,38,10:16:06,4,0.0023923444976077,1445943.0,0.0011961722488038,0.0,5.202886424553784e-05,-0.0004784688995214,6.219664712431439e-06,-0.000956937799043,1.7916968498091498e-05,-0.0014354066985644,2.5966060177579687e-05,-0.001913875598086,9.442203700938067e-06,0.0023923444976077,3.7730117247600887e-06,0.0028708133971293,4.210294109270745e-05,0.0033492822966507,1.0835315722387947e-06,0.0038277511961724,1.716236615313948e-05,0.0043062200956938,1.7529992936577643e-05,1,1,2,2,2
722,38,10:16:09,4,0.0023923444976077,824582.0,0.0002392344497608,0.0,4.937808164916793e-05,-0.0004784688995214,6.219664712431439e-06,-0.000956937799043,1.772348071733457e-05,-0.0014354066985644,2.59273626214283e-05,-0.001913875598086,9.442203700938067e-06,0.0004784688995216,4.06324339589548e-07,0.0023923444976077,1.1203135993606866e-05,0.0028708133971293,4.268340443497824e-05,0.0033492822966507,1.6446461364338848e-06,0.0038277511961724,1.716236615313948e-05,2,2,2,2,2
723,38,10:16:12,4,0.0023923444976077,366193.0,0.0016746411483254,0.0009569377990432,1.1609266845415657e-07,0.0,4.8797618306897145e-05,-0.0004784688995214,6.548593939718216e-06,-0.000956937799043,1.772348071733457e-05,-0.0014354066985644,2.59273626214283e-05,0.0023923444976077,1.598228417830298e-05,0.0028708133971293,4.299298488418932e-05,0.0033492822966507,1.0254852380117164e-06,0.0038277511961724,1.716236615313948e-05,0.0043062200956938,2.1748026557078665e-05,1,2,2,2,2
724,38,10:16:15,4,0.0,1772020.0,0.0011961722488038,0.0,4.078722418356034e-05,-0.0004784688995214,6.548593939718216e-06,-0.000956937799043,1.785892216386442e-05,-0.0014354066985644,2.59273626214283e-05,-0.001913875598086,9.46155247901376e-06,0.0023923444976077,1.3834569811901082e-05,0.0028708133971293,4.318647266494625e-05,0.0033492822966507,1.0254852380117164e-06,0.0038277511961724,1.1260988840053187e-05,0.0043062200956938,1.9774451193358e-05,1,2,2,2,2
725,38,10:16:18,4,0.0004784688995216,995626.0,0.0014354066985646,0.0004784688995216,2.824921599051144e-06,0.0,3.685942223419471e-05,-0.0004784688995214,6.9355695012320704e-06,-0.000956937799043,1.785892216386442e-05,-0.0014354066985644,2.59273626214283e-05,0.0023923444976077,1.4995496496442647e-05,0.0028708133971293,4.376693600721703e-05,0.0033492822966507,1.0254852380117164e-06,0.0038277511961724,1.0893362056615026e-05,0.0043062200956938,1.8729617177270597e-05,1,2,2,2,2
726,38,10:16:21,4,0.0004784688995216,470908.0,0.0007177033492822,0.0004784688995216,1.0254852380117164e-06,0.0,3.951020483056462e-05,-0.0004784688995214,6.9355695012320704e-06,-0.000956937799043,1.785892216386442e-05,-0.0014354066985644,2.59273626214283e-05,0.0009569377990432,2.128365588326204e-07,0.0019138755980863,1.9348778075692766e-07,0.0023923444976077,1.3718477143446923e-05,0.0028708133971293,4.376693600721703e-05,0.0033492822966507,1.0254852380117164e-06,1,2,2,2,2
727,38,10:16:24,4,0.0004784688995216,1146860.0,0.0014354066985646,0.0004784688995216,1.2770193529957225e-06,0.0,4.119354852314989e-05,-0.0004784688995214,6.993615835459149e-06,-0.000956937799043,1.785892216386442e-05,-0.0014354066985644,2.59273626214283e-05,0.0023923444976077,1.346694302846292e-05,0.0028708133971293,4.376693600721703e-05,0.0033492822966507,1.0254852380117164e-06,0.0038277511961724,1.2634752083427374e-05,0.0043062200956938,1.807175872269704e-05,2,2,2,2,2
728,38,10:16:27,4,0.0014354066985646,535469.0,0.0016746411483254,0.0014354066985646,3.869755615138552e-08,0.0004784688995216,2.51534114984006e-07,0.0,4.1290292413528354e-05,-0.0004784688995214,6.993615835459149e-06,-0.000956937799043,1.6504507698565927e-05,0.0019138755980863,1.6833436925852705e-06,0.0023923444976077,4.5078396185187485e-05,0.0028708133971293,4.3554099448384406e-05,0.0033492822966507,9.287413476332526e-07,0.0038277511961724,1.2634752083427374e-05,2,1,2,2,2
729,38,10:16:30,4,0.0023923444976077,1027379.0,0.0011961722488038,0.0,4.0942014408165886e-05,-0.0004784688995214,6.993615835459149e-06,-0.000956937799043,1.6756041813549934e-05,-0.0014354066985644,2.59273626214283e-05,-0.001913875598086,9.46155247901376e-06,0.0023923444976077,4.402562917008904e-05,0.0028708133971293,4.3554099448384406e-05,0.0033492822966507,6.191608984221684e-07,0.0038277511961724,1.3776329989893248e-05,0.0043062200956938,1.8013712388469963e-05,2,2,2,2,2
730,38,10:16:33,4,0.0009569377990432,6547250.0,0.0019138755980863,0.0009569377990432,1.064182794163102e-06,0.0004784688995216,3.50212883170039e-06,0.0,4.17159655311936e-05,-0.0004784688995214,6.993615835459149e-06,-0.000956937799043,1.681408814777701e-05,0.0028708133971293,2.9901021174833324e-05,0.0033492822966507,6.191608984221684e-07,0.0038277511961724,1.3776329989893248e-05,0.0043062200956938,1.8013712388469963e-05,0.0047846889952154,9.943356401876586e-05,2,2,2,2,2
731,38,10:16:36,4,0.0014354066985646,2858279.0,0.0011961722488038,0.0009569377990432,7.739511230277106e-08,0.0004784688995216,2.5927362621428303e-06,0.0,2.716568441827264e-05,-0.0004784688995214,7.051662169686227e-06,-0.000956937799043,1.681408814777701e-05,0.0014354066985646,4.256731176652408e-07,0.0019138755980863,5.224170080437046e-07,0.0023923444976077,3.869755615138552e-08,0.0028708133971293,1.954226585644969e-06,0.0033492822966507,2.128365588326204e-07,2,2,2,2,2
732,38,10:16:39,4,0.0023923444976077,1201377.0,0.0026315789473683,0.0023923444976077,3.076455714035149e-06,0.0009569377990432,3.672398078766486e-05,0.0004784688995216,4.024545839744095e-06,0.0,3.707225879302733e-05,-0.0004784688995214,7.264498728518848e-06,0.0028708133971293,1.7607388048880415e-06,0.0033492822966507,2.128365588326204e-07,0.0038277511961724,1.7646085605031798e-05,0.0043062200956938,1.778152705156165e-05,0.0047846889952154,9.966574935567418e-05,1,2,2,2,2
733,38,10:16:42,4,0.0023923444976077,601696.0,0.0026315789473683,0.0023923444976077,2.724307953057541e-06,0.0019138755980863,4.256731176652408e-07,0.0014354066985646,4.06324339589548e-07,0.0009569377990432,3.740118802031411e-05,0.0004784688995216,4.817845740847498e-06,0.0028708133971293,1.5285534679797282e-06,0.0033492822966507,2.128365588326204e-07,0.0038277511961724,1.783957338578873e-05,0.0043062200956938,1.7975014832318577e-05,0.0047846889952154,9.964640057759848e-05,1,2,2,2,2
734,38,10:16:45,4,0.0023923444976077,919686.0,0.0021531100478469,0.0019138755980863,7.739511230277106e-08,0.0014354066985646,2.240588501165222e-06,0.0009569377990432,3.8001000140660586e-05,0.0004784688995216,6.327050430751533e-06,0.0,3.815579036526613e-05,0.0023923444976077,1.354414465298493e-06,0.0028708133971293,9.674389037846382e-07,0.0033492822966507,1.1028803503144874e-06,0.0038277511961724,1.783957338578873e-05,0.0043062200956938,1.8013712388469963e-05,2,2,2,2,2
735,38,10:16:48,4,0.0028708133971293,601445.0,0.0033492822966507,0.0028708133971293,6.133562649994606e-06,0.0023923444976077,3.095804492110842e-07,0.0019138755980863,2.9023167113539144e-07,0.0014354066985646,1.814915383499981e-06,0.0009569377990432,3.939411216211047e-05,0.0038277511961724,1.7897619720015805e-05,0.0043062200956938,1.714301737506379e-05,0.0047846889952154,0.0001026648099574,0.005263157894737,9.906574374754694e-06,0.0057416267942584,7.739511230277105e-07,0,2,2,2,2
736,38,10:16:51,4,0.0028708133971293,1045884.0,0.0031100478468899,0.0028708133971293,2.664326741022893e-05,0.0023923444976077,1.1028803503144874e-06,0.0019138755980863,2.9023167113539144e-07,0.0014354066985646,3.440212741858173e-06,0.0009569377990432,3.949085605248893e-05,0.0033492822966507,5.8046334227078287e-08,0.0038277511961724,1.7897619720015805e-05,0.0043062200956938,1.8303944059605352e-05,0.0047846889952154,0.0001283212896857,0.005263157894737,9.906574374754694e-06,2,2,2,2,2
737,38,10:16:54,4,0.0028708133971293,3034179.0,0.0031100478468899,0.0028708133971293,4.65144624939654e-06,0.0023923444976077,2.9410142675053e-06,0.0019138755980863,7.159047888006322e-07,0.0014354066985646,4.194815086810191e-06,0.0009569377990432,3.9103880490975074e-05,0.0033492822966507,2.128365588326204e-07,0.0038277511961724,1.9077895182633065e-05,0.0043062200956938,1.8478083062286587e-05,0.0047846889952154,0.0001286889164692,0.005263157894737,9.906574374754694e-06,2,2,2,2,2
738,38,10:16:57,4,0.0023923444976077,1153346.0,0.0021531100478469,0.0019138755980863,1.218973018768644e-06,0.0014354066985646,4.620488204475432e-06,0.0009569377990432,4.1135502188922816e-05,0.0004784688995216,7.932999011034033e-06,0.0,4.0284155953592335e-05,0.0023923444976077,6.183869472991407e-06,0.0028708133971293,2.186411922553282e-06,0.0033492822966507,4.256731176652408e-07,0.0038277511961724,1.9077895182633065e-05,0.0043062200956938,2.2541326458182068e-05,2,2,2,2,2
739,38,10:17:00,4,0.0047846889952154,20097984.0,0.0033492822966507,0.0019138755980863,1.1028803503144874e-06,0.0014354066985646,6.439273343590551e-06,0.0009569377990432,4.132898996967974e-05,0.0004784688995216,7.83625512065557e-06,0.0,4.065178273703049e-05,0.0047846889952154,2.88571545976497e-05,0.005263157894737,9.906574374754694e-06,0.0057416267942584,7.739511230277105e-07,0.0062200956937801,1.5014651786737584e-05,0.0066985645933015,8.939135470970056e-06,2,2,2,2,2
740,38,10:17:03,4,0.0023923444976077,424043.0,0.0026315789473683,0.0023923444976077,7.739511230277106e-08,0.0019138755980863,1.6639949145095776e-07,0.0014354066985646,6.7875513489530215e-06,0.0009569377990432,4.132898996967974e-05,0.0004784688995216,7.83625512065557e-06,0.0028708133971293,2.844270377126836e-06,0.0033492822966507,9.829179262451924e-06,0.0043062200956938,3.2118971605649985e-06,0.0047846889952154,2.9050642378406627e-05,0.005263157894737,9.829179262451924e-06,2,2,2,2,2
741,38,10:17:06,4,0.0047846889952154,5437644.0,0.0050239234449762,0.0047846889952154,5.983803107688743e-06,0.0023923444976077,4.740450628544727e-06,0.0019138755980863,8.242579460245117e-07,0.0014354066985646,9.264194942641697e-06,0.0009569377990432,4.132898996967974e-05,0.005263157894737,9.829179262451924e-06,0.0057416267942584,7.739511230277105e-07,0.0062200956937801,1.513074445519174e-05,0.0066985645933015,8.939135470970056e-06,0.0071770334928231,4.7554652803314645e-05,1,1,1,2,2
742,38,10:17:09,4,0.0047846889952154,1083604.0,0.0050239234449762,0.0047846889952154,1.0956439073141784e-05,0.0043062200956938,1.1609266845415657e-07,0.0038277511961724,7.739511230277106e-08,0.0033492822966507,1.547902246055421e-07,0.0028708133971293,1.7607388048880415e-06,0.005263157894737,9.751784150149151e-06,0.0057416267942584,7.739511230277105e-07,0.0062200956937801,1.513074445519174e-05,0.0066985645933015,8.939135470970056e-06,0.0071770334928231,4.7554652803314645e-05,1,1,1,2,2
743,38,10:17:12,4,0.0033492822966507,1642630.0,0.0038277511961721,0.0033492822966507,8.706950134061743e-07,0.0028708133971293,8.184533126018038e-06,0.0023923444976077,4.926198898071377e-05,0.0019138755980863,1.3466749540682164e-06,0.0014354066985646,8.300625794472195e-06,0.0043062200956938,2.852009888357113e-07,0.0047846889952154,1.9348778075692764e-06,0.005263157894737,9.558296369392224e-06,0.0057416267942584,3.869755615138553e-07,0.0062200956937801,1.513074445519174e-05,2,2,2,2,2
744,38,10:17:15,4,0.0047846889952154,1927738.0,0.0045454545454544,0.0043062200956938,2.4050531148086104e-05,0.0038277511961724,7.739511230277106e-08,0.0033492822966507,3.3860361632462336e-06,0.0028708133971293,1.1725359513869814e-05,0.0023923444976077,5.046161322140672e-05,0.0047846889952154,1.0462658256650105e-05,0.005263157894737,9.558296369392224e-06,0.0057416267942584,4.256731176652408e-07,0.0062200956937801,1.6581902810868696e-05,0.0066985645933015,8.939135470970056e-06,1,2,2,2,2
745,38,10:17:18,4,0.0047846889952154,623643.0,0.0045454545454544,0.0043062200956938,2.2947650797771612e-05,0.0038277511961724,2.0122729198720474e-06,0.0033492822966507,3.4053849413219262e-06,0.0028708133971293,1.2305822856140596e-05,0.0023923444976077,4.852673541383745e-05,0.0047846889952154,9.802477948707469e-06,0.005263157894737,9.558296369392224e-06,0.0057416267942584,7.159047888006322e-07,0.0062200956937801,1.6581902810868696e-05,0.0066985645933015,8.939135470970056e-06,2,2,2,2,2
746,38,10:17:21,4,0.0047846889952154,497632.0,0.0045454545454544,0.0043062200956938,2.16512826667002e-05,0.0038277511961724,7.739511230277106e-08,0.0033492822966507,2.631433818294216e-06,0.0028708133971293,1.422135188563418e-05,0.0023923444976077,4.984245232298456e-05,0.0047846889952154,8.187667628066301e-05,0.005263157894737,9.635691481694996e-06,0.0057416267942584,7.159047888006322e-07,0.0062200956937801,1.667864670124716e-05,0.0066985645933015,9.132623251726983e-06,2,2,2,2,2
747,38,10:17:24,4,0.0047846889952154,1518130.0,0.0045454545454544,0.0043062200956938,1.9774451193358e-05,0.0038277511961724,1.7413900268123485e-07,0.0033492822966507,2.708828930596986e-06,0.0028708133971293,1.427939821986126e-05,0.0023923444976077,4.995854499143872e-05,0.0047846889952154,7.669120375637735e-05,0.005263157894737,9.635691481694996e-06,0.0057416267942584,6.520538211508461e-06,0.0062200956937801,1.5111395677116048e-05,0.0066985645933015,9.30676225440822e-06,2,2,2,2,2
748,38,10:17:27,4,0.0047846889952154,10062576.0,0.0050239234449762,0.0047846889952154,1.6047489560418064e-05,0.0043062200956938,2.099342421212665e-05,0.0038277511961724,1.7413900268123485e-07,0.0033492822966507,2.708828930596986e-06,0.0028708133971293,1.2209078965762133e-05,0.005263157894737,5.050031077755811e-06,0.0057416267942584,6.907513773022316e-06,0.0062200956937801,1.5111395677116048e-05,0.0066985645933015,9.422854922862376e-06,0.0071770334928231,4.770944302792018e-05,1,1,2,2,2
749,38,10:17:30,4,0.0047846889952154,2076164.0,0.0050239234449762,0.0047846889952154,6.01890179111805e-05,0.0043062200956938,2.9642328011961317e-05,0.0038277511961724,2.457294815612981e-06,0.0033492822966507,4.140638508198252e-06,0.0028708133971293,1.2209078965762133e-05,0.005263157894737,4.663055516241956e-06,0.0057416267942584,7.101001553779244e-06,0.0062200956937801,1.6078834580900686e-05,0.0066985645933015,9.480901257089452e-06,0.0071770334928231,4.772879180599588e-05,1,1,2,2,2
750,38,10:17:33,4,0.0047846889952154,3484548.0,0.0052631578947368,0.0047846889952154,4.3200790760722256e-05,0.0043062200956938,2.983581579271824e-05,0.0038277511961724,2.5153411498400597e-06,0.0033492822966507,4.237382398576715e-06,0.0028708133971293,1.1744708291945507e-05,0.0057416267942584,3.424733719397619e-06,0.0062200956937801,1.6078834580900686e-05,0.0066985645933015,9.480901257089452e-06,0.0071770334928231,4.79222795867528e-05,0.0076555023923445,4.566311625863492e-06,2,2,2,2,2
751,38,10:17:36,4,0.005263157894737,440488.0,0.0055023923444976,0.005263157894737,1.9155290294935838e-06,0.0047846889952154,9.368871832031193e-05,0.0043062200956938,2.9932559683096703e-05,0.0038277511961724,3.4053849413219262e-06,0.0033492822966507,3.095804492110842e-06,0.0057416267942584,4.779148184696112e-06,0.0062200956937801,1.609818335897638e-05,0.0066985645933015,9.480901257089452e-06,0.0071770334928231,5.252728876876769e-05,0.0076555023923445,4.566311625863492e-06,1,1,1,2,2
752,38,10:17:39,4,0.005263157894737,3030503.0,0.0055023923444976,0.005263157894737,7.35253566876325e-07,0.0047846889952154,7.643270408128609e-05,0.0043062200956938,3.002930357347517e-05,0.0038277511961724,3.4053849413219262e-06,0.0033492822966507,3.0571069359594564e-06,0.0057416267942584,2.186411922553282e-06,0.0062200956937801,1.609818335897638e-05,0.0066985645933015,9.480901257089452e-06,0.0071770334928231,5.252728876876769e-05,0.0076555023923445,4.566311625863492e-06,1,1,1,2,2
753,38,10:17:42,4,0.0047846889952154,2875478.0,0.0055023923444976,0.0047846889952154,6.428399330312012e-05,0.0043062200956938,2.9932559683096703e-05,0.0038277511961724,3.50212883170039e-06,0.0033492822966507,2.5153411498400597e-06,0.0028708133971293,7.275140556460479e-06,0.0062200956937801,1.5227488345570205e-05,0.0066985645933015,9.771132928224844e-06,0.0071770334928231,5.252728876876769e-05,0.0076555023923445,4.75979940662042e-06,0.0081339712918662,4.605009182014878e-06,0,1,2,2,2
754,38,10:17:45,4,0.0047846889952154,3820691.0,0.0052631578947368,0.0047846889952154,3.771812100519396e-05,0.0043062200956938,2.9739071902339776e-05,0.0038277511961724,3.5601751659274683e-06,0.0033492822966507,2.186411922553282e-06,0.0028708133971293,7.391233224914635e-06,0.0057416267942584,5.8046334227078287e-08,0.0062200956937801,1.2402566746519062e-05,0.0066985645933015,1.1028803503144876e-05,0.0071770334928231,5.244989365646492e-05,0.0076555023923445,4.75979940662042e-06,1,2,2,2,2
755,38,10:17:48,4,0.0057416267942584,2021266.0,0.005980861244019,0.0057416267942584,2.2444582567803605e-06,0.005263157894737,7.739511230277106e-08,0.0047846889952154,2.74439198470011e-05,0.0043062200956938,2.9526235343507155e-05,0.0038277511961724,3.5601751659274683e-06,0.0062200956937801,8.223230682169424e-06,0.0066985645933015,1.1028803503144876e-05,0.0071770334928231,5.250793999069199e-05,0.0076555023923445,4.75979940662042e-06,0.0081339712918662,4.605009182014878e-06,1,1,1,2,2
756,38,10:17:51,4,0.0057416267942584,864125.0,0.005980861244019,0.0057416267942584,1.0254852380117164e-06,0.005263157894737,5.417657861193974e-07,0.0047846889952154,3.620891631528992e-05,0.0043062200956938,1.253800819304891e-05,0.0038277511961724,3.579523944003161e-06,0.0062200956937801,3.676267834381625e-06,0.0066985645933015,1.3176517869546773e-05,0.0071770334928231,5.252728876876769e-05,0.0076555023923445,4.75979940662042e-06,0.0081339712918662,4.605009182014878e-06,0,2,2,2,2
757,38,10:17:54,4,0.0057416267942584,3009952.0,0.005980861244019,0.0057416267942584,1.354414465298493e-06,0.005263157894737,2.72817770867268e-06,0.0047846889952154,2.9437037476578213e-05,0.0043062200956938,1.261540330535168e-05,0.0038277511961724,3.231245938640692e-06,0.0062200956937801,4.218033620501022e-06,0.0066985645933015,6.9462113291737015e-06,0.0071770334928231,5.24885912126163e-05,0.0076555023923445,4.8565432969988834e-06,0.0081339712918662,4.605009182014878e-06,1,1,2,2,2
758,38,10:17:57,4,0.0047846889952154,5121483.0,0.0045454545454544,0.0043062200956938,1.0525735273176862e-05,0.0038277511961724,3.231245938640692e-06,0.0033492822966507,2.186411922553282e-06,0.0028708133971293,7.662116117974333e-06,0.0023923444976077,3.891039271021814e-05,0.0047846889952154,3.1850023590397858e-06,0.005263157894737,2.3218533690831317e-07,0.0057416267942584,4.06324339589548e-07,0.0062200956937801,3.2892922728677695e-07,0.0066985645933015,7.623418561822949e-06,2,2,2,2,2
759,38,10:18:00,4,0.0057416267942584,1694371.0,0.0052631578947368,0.0047846889952154,1.876831473342198e-06,0.0043062200956938,1.0525735273176862e-05,0.0038277511961724,3.231245938640692e-06,0.0033492822966507,2.186411922553282e-06,0.0028708133971293,7.604069783747256e-06,0.0057416267942584,2.573387484067137e-06,0.0066985645933015,2.7980267975259302e-06,0.0071770334928231,6.595534075329846e-05,0.0076555023923445,4.8565432969988834e-06,0.0081339712918662,4.605009182014878e-06,2,2,2,2,2
760,38,10:18:03,4,0.0066985645933015,937532.0,0.0064593301435407,0.0062200956937801,2.51534114984006e-07,0.0057416267942584,1.064182794163102e-06,0.0047846889952154,1.9155290294935838e-06,0.0043062200956938,1.0525735273176862e-05,0.0038277511961724,1.2770193529957225e-06,0.0066985645933015,2.8947706879043943e-06,0.0071770334928231,6.618752609020678e-05,0.0076555023923445,4.701753072393341e-06,0.0081339712918662,4.798496962771805e-06,0.0086124401913876,1.540162734825144e-05,1,1,2,2,1
761,38,10:18:06,4,0.0057416267942584,965231.0,0.0052631578947368,0.0047846889952154,1.887473301283829e-06,0.0043062200956938,1.0390293826647014e-05,0.0038277511961724,1.3350656872228009e-06,0.0033492822966507,9.635691481694996e-06,0.0028708133971293,7.604069783747256e-06,0.0057416267942584,9.674389037846382e-07,0.0062200956937801,1.141577906465873e-06,0.0066985645933015,2.7786780194502376e-06,0.0071770334928231,6.624557242443385e-05,0.0076555023923445,4.701753072393341e-06,2,2,2,2,1
762,38,10:18:09,4,0.0057416267942584,1225286.0,0.0055023923444976,0.005263157894737,7.159047888006322e-07,0.0047846889952154,1.9348778075692766e-07,0.0043062200956938,1.0180359584525747e-05,0.0038277511961724,1.3350656872228009e-06,0.0033492822966507,9.635691481694996e-06,0.0057416267942584,7.874952676806954e-06,0.0062200956937801,1.3737632433741862e-06,0.0066985645933015,5.622948396577074e-06,0.0071770334928231,6.624557242443385e-05,0.0076555023923445,4.701753072393341e-06,1,2,2,2,1
763,38,10:18:12,4,0.0047846889952154,4200004.0,0.0057416267942584,0.0047846889952154,4.397977256604965e-05,0.0043062200956938,9.948174247617434e-06,0.0038277511961724,1.3350656872228009e-06,0.0033492822966507,9.635691481694996e-06,0.0028708133971293,7.70081367412572e-06,0.0066985645933015,1.336245962685418e-05,0.0071770334928231,6.605208464367693e-05,0.0076555023923445,4.701753072393341e-06,0.0081339712918662,5.185472524285661e-06,0.0086124401913876,1.540162734825144e-05,2,2,2,2,1
764,38,10:18:15,4,0.0062200956937801,1510190.0,0.005980861244019,0.0057416267942584,1.9348778075692766e-07,0.005263157894737,5.224170080437046e-07,0.0047846889952154,4.548897725595369e-05,0.0043062200956938,9.948174247617434e-06,0.0038277511961724,1.3350656872228009e-06,0.0062200956937801,1.547902246055421e-07,0.0066985645933015,9.174610100151235e-06,0.0071770334928231,6.607143342175261e-05,0.0076555023923445,4.895240853150269e-06,0.0081339712918662,5.185472524285661e-06,1,2,2,2,1
765,38,10:18:18,4,0.0062200956937801,919392.0,0.0064593301435407,0.0062200956937801,1.3737632433741862e-06,0.0057416267942584,2.569517728451999e-06,0.005263157894737,1.3350656872228009e-06,0.0047846889952154,4.645641615973832e-05,0.0043062200956938,9.948174247617434e-06,0.0066985645933015,8.652193092107532e-06,0.0071770334928231,6.607143342175261e-05,0.0076555023923445,4.895240853150269e-06,0.0081339712918662,5.185472524285661e-06,0.0086124401913876,1.540162734825144e-05,1,1,2,2,0
766,38,10:18:21,4,0.0066985645933015,2362655.0,0.0069377990430623,0.0066985645933015,4.38888333090939e-06,0.0057416267942584,1.6020788246673609e-06,0.005263157894737,1.2383217968443368e-06,0.0047846889952154,4.78688769592639e-05,0.0043062200956938,9.948174247617434e-06,0.0071770334928231,6.77354283362622e-05,0.0076555023923445,4.895240853150269e-06,0.0081339712918662,5.185472524285661e-06,0.0086124401913876,1.4627676225223728e-05,0.0090909090909092,5.042020683632474e-05,0,2,2,2,0
767,38,10:18:24,4,0.0071770334928231,1889468.0,0.005980861244019,0.0047846889952154,8.706234229272943e-05,0.0043062200956938,1.0044918137995898e-05,0.0038277511961724,1.354414465298493e-06,0.0033492822966507,9.693737815922074e-06,0.0028708133971293,9.616342703619303e-06,0.0071770334928231,6.754194055550527e-05,0.0076555023923445,4.895240853150269e-06,0.0081339712918662,5.185472524285661e-06,0.0086124401913876,1.4627676225223728e-05,0.0090909090909092,5.042020683632474e-05,1,2,2,2,1
768,38,10:18:27,4,0.0062200956937801,2772846.0,0.0066985645933015,0.0062200956937801,3.869755615138553e-07,0.005263157894737,1.1609266845415657e-07,0.0047846889952154,9.739458978514936e-05,0.0043062200956938,1.0044918137995898e-05,0.0038277511961724,6.578584545735539e-07,0.0071770334928231,5.1646919366323664e-05,0.0076555023923445,4.895240853150269e-06,0.0081339712918662,5.185472524285661e-06,0.0086124401913876,1.4821164005980655e-05,0.0090909090909092,5.045890439247613e-05,1,2,2,2,0
769,38,10:18:30,4,0.0066985645933015,1130129.0,0.0064593301435407,0.0062200956937801,2.0896680321748184e-06,0.0057416267942584,2.128365588326204e-06,0.005263157894737,2.9023167113539144e-07,0.0047846889952154,9.803309946164724e-05,0.0043062200956938,2.0925703488861723e-06,0.0066985645933015,3.869755615138553e-07,0.0071770334928231,4.59196810559186e-05,0.0076555023923445,4.895240853150269e-06,0.0081339712918662,5.185472524285661e-06,0.0086124401913876,1.4821164005980655e-05,2,2,2,2,0
770,38,10:18:33,4,0.0071770334928231,1290125.0,0.0064593301435407,0.0062200956937801,2.37989970331021e-06,0.0057416267942584,2.5153411498400597e-06,0.005263157894737,1.5672510241311135e-06,0.0047846889952154,9.874900425044784e-05,0.0043062200956938,1.8990825681292448e-06,0.0066985645933015,1.934877807569276e-08,0.0071770334928231,3.990143712325513e-05,0.0076555023923445,4.895240853150269e-06,0.0081339712918662,5.1467749681342745e-06,0.0086124401913876,1.4821164005980655e-05,1,2,2,2,0
771,38,10:18:36,4,0.0066985645933015,2476629.0,0.0062200956937801,0.0057416267942584,1.934877807569276e-08,0.005263157894737,1.5285534679797282e-06,0.0047846889952154,9.874900425044784e-05,0.0043062200956938,1.8990825681292448e-06,0.0038277511961724,6.578584545735539e-07,0.0066985645933015,3.687683613446284e-06,0.0071770334928231,2.5370504788409863e-05,0.0076555023923445,4.895240853150269e-06,0.0081339712918662,5.1467749681342745e-06,0.0086124401913876,1.4821164005980655e-05,2,2,2,2,0
772,38,10:18:39,4,0.0066985645933015,1926916.0,0.0064593301435407,0.0062200956937801,3.076455714035149e-06,0.0057416267942584,5.8046334227078287e-08,0.005263157894737,2.128365588326204e-06,0.0047846889952154,9.977448948845956e-05,0.0043062200956938,1.8023386777507809e-06,0.0066985645933015,1.868898474331164e-06,0.0071770334928231,2.583487546222649e-05,0.0076555023923445,4.895240853150269e-06,0.0081339712918662,5.1467749681342745e-06,0.0086124401913876,1.4376142110239725e-05,2,2,2,2,0
773,38,10:18:42,4,0.0071770334928231,1479298.0,0.0069377990430623,0.0066985645933015,5.940074869237678e-06,0.0062200956937801,7.739511230277105e-07,0.0057416267942584,2.3218533690831317e-07,0.005263157894737,2.167063144477589e-06,0.0047846889952154,9.983253582268664e-05,0.0071770334928231,1.9441845698236845e-05,0.0076555023923445,5.108077411982889e-06,0.0081339712918662,5.1467749681342745e-06,0.0086124401913876,1.4376142110239725e-05,0.0090909090909092,4.157781525573315e-05,2,2,2,1,0
774,38,10:18:45,4,0.0066985645933015,4298832.0,0.0076555023923445,0.0066985645933015,4.6086854498492594e-06,0.0062200956937801,1.0448340160874092e-06,0.0057416267942584,4.256731176652408e-07,0.005263157894737,3.656919056305932e-06,0.0047846889952154,0.0001005290918334,0.0086124401913876,1.2692798417654453e-05,0.0090909090909092,4.3512693063302426e-05,0.0095693779904306,6.33825337325736e-05,0.0100478468899523,9.906574374754694e-06,0.0105263157894737,8.25496267821356e-06,2,2,2,1,0
775,38,10:18:48,4,0.0066985645933015,1855698.0,0.0064593301435407,0.0062200956937801,8.107138013715267e-08,0.0057416267942584,4.837194518923191e-07,0.005263157894737,3.656919056305932e-06,0.0047846889952154,0.0001010708576195,0.0043062200956938,1.860385011977859e-06,0.0066985645933015,3.4634312755490046e-06,0.0071770334928231,6.772072326492467e-07,0.0076555023923445,3.869755615138552e-08,0.0086124401913876,2.250262890203068e-05,0.0090909090909092,4.3512693063302426e-05,2,2,2,1,0
776,38,10:18:51,4,0.0076555023923445,3197328.0,0.0081339712918662,0.0076555023923445,1.4741834015870316e-06,0.0066985645933015,8.706950134061743e-07,0.0062200956937801,3.095804492110842e-07,0.0057416267942584,2.3992484813859025e-06,0.005263157894737,4.159987286273944e-06,0.0086124401913876,7.178396666082015e-06,0.0090909090909092,4.3512693063302426e-05,0.0095693779904306,6.324709228604374e-05,0.0100478468899523,9.906574374754694e-06,0.0105263157894737,8.25496267821356e-06,2,2,2,1,0
777,38,10:18:54,4,0.0071770334928231,1259452.0,0.0078947368421051,0.0071770334928231,3.931478217200012e-06,0.0066985645933015,3.2118971605649985e-06,0.0062200956937801,3.2892922728677695e-07,0.0057416267942584,2.4379460375372883e-06,0.005263157894737,4.488916513560721e-06,0.0086124401913876,3.540826387851776e-06,0.0090909090909092,4.3512693063302426e-05,0.0095693779904306,6.413713607752562e-05,0.0100478468899523,9.906574374754694e-06,0.0105263157894737,8.25496267821356e-06,2,2,2,1,0
778,38,10:18:57,4,0.0086124401913876,1009856.0,0.0088516746411484,0.0086124401913876,1.8961802514178909e-06,0.0081339712918662,2.3218533690831317e-07,0.0076555023923445,4.06324339589548e-07,0.0071770334928231,7.20142171199209e-06,0.0066985645933015,1.0235503602041471e-05,0.0090909090909092,4.074581779847836e-05,0.0095693779904306,6.607201388509488e-05,0.0100478468899523,9.906574374754694e-06,0.0105263157894737,6.872879460266826e-06,0.0110047846889951,8.350158666345968e-06,1,1,2,0,0
779,38,10:19:00,4,0.0076555023923445,3789565.0,0.0088516746411484,0.0086124401913876,1.7413900268123485e-07,0.0066985645933015,2.502164631970512e-05,0.0062200956937801,5.804633422707829e-07,0.0057416267942584,2.554038705991445e-06,0.005263157894737,4.740450628544727e-06,0.0090909090909092,2.160987628161822e-05,0.0095693779904306,6.607201388509488e-05,0.0100478468899523,9.906574374754694e-06,0.0105263157894737,6.872879460266826e-06,0.0110047846889951,8.350158666345968e-06,2,2,2,0,0
780,38,10:19:03,4,0.0090909090909092,3015736.0,0.0093301435406698,0.0090909090909092,3.50212883170039e-06,0.0086124401913876,1.5865998022068066e-06,0.0076555023923445,1.547902246055421e-07,0.0071770334928231,1.3544144652984934e-07,0.0066985645933015,2.466949855872752e-05,0.0095693779904306,6.463749547856303e-05,0.0100478468899523,9.906574374754694e-06,0.0105263157894737,6.872879460266826e-06,0.0110047846889951,8.350158666345968e-06,0.0114832535885167,6.133562649994606e-06,2,2,1,0,0
781,38,10:19:06,4,0.0090909090909092,577886.0,0.0093301435406698,0.0090909090909092,3.36862226297811e-05,0.0086124401913876,2.37989970331021e-06,0.0081339712918662,5.030682299680119e-07,0.0076555023923445,3.231245938640692e-06,0.0071770334928231,2.03162169794774e-06,0.0095693779904306,6.405703213629224e-05,0.0100478468899523,9.906574374754694e-06,0.0105263157894737,7.201808687553603e-06,0.0110047846889951,8.350158666345968e-06,0.0114832535885167,6.133562649994606e-06,2,2,1,0,0
782,38,10:19:09,4,0.0090909090909092,2732161.0,0.0093301435406698,0.0090909090909092,3.095804492110842e-05,0.0086124401913876,5.475704195421052e-06,0.0081339712918662,8.706950134061743e-07,0.0076555023923445,3.3279898290191552e-06,0.0071770334928231,2.3218533690831315e-06,0.0095693779904306,4.4224534608707166e-05,0.0100478468899523,9.906574374754694e-06,0.0105263157894737,7.201808687553603e-06,0.0110047846889951,8.350158666345968e-06,0.0114832535885167,6.133562649994606e-06,2,2,1,0,0
783,38,10:19:12,4,0.0095693779904306,883910.0,0.0093301435406698,0.0090909090909092,2.9042515891614835e-05,0.0086124401913876,8.184533126018038e-06,0.0081339712918662,8.706950134061743e-07,0.0076555023923445,3.521477609776083e-06,0.0071770334928231,2.554038705991445e-06,0.0095693779904306,4.136091545350463e-05,0.0100478468899523,9.906574374754694e-06,0.0105263157894737,7.201808687553603e-06,0.0110047846889951,8.350158666345968e-06,0.0114832535885167,6.133562649994606e-06,1,2,2,0,0
784,38,10:19:15,4,0.0095693779904306,6256261.0,0.0098086124401914,0.0095693779904306,3.1490136318189973e-06,0.0090909090909092,2.3992484813859025e-05,0.0086124401913876,8.107138013715267e-06,0.0081339712918662,8.706950134061743e-07,0.0076555023923445,6.133562649994606e-06,0.0100478468899523,1.0622479163555326e-05,0.0105263157894737,7.201808687553603e-06,0.0110047846889951,8.350158666345968e-06,0.0114832535885167,6.133562649994606e-06,0.0119617224880381,2.3141138578528543e-05,2,2,1,0,0
785,38,10:19:18,4,0.0095693779904306,5054078.0,0.0105263157894737,0.0095693779904306,5.815081762868703e-06,0.0090909090909092,2.4224670150767335e-05,0.0086124401913876,8.010394123336804e-06,0.0081339712918662,8.706950134061743e-07,0.0076555023923445,6.694677214189696e-06,0.0114832535885167,1.6562554032793005e-07,0.0119617224880381,2.333462635928547e-05,0.0124401913875598,4.62435796009057e-06,0.0129186602870814,5.224170080437046e-06,0.0133971291866028,2.3083092244301467e-05,2,0,0,0,0
786,38,10:19:21,4,0.0105263157894737,543868.0,0.0112440191387559,0.0105263157894737,1.1609266845415657e-07,0.0100478468899523,7.739511230277106e-08,0.0095693779904306,3.109309939207676e-05,0.0090909090909092,2.48631798272652e-05,0.0086124401913876,7.855603898731262e-06,0.0119617224880381,2.333462635928547e-05,0.0124401913875598,5.069379855831504e-06,0.0129186602870814,5.224170080437046e-06,0.0133971291866028,2.3083092244301467e-05,0.0138755980861244,3.045284832555208e-05,1,0,0,0,0
787,38,10:19:24,4,0.0105263157894737,5196564.0,0.0112440191387559,0.0105263157894737,1.1609266845415657e-07,0.0100478468899523,4.837194518923191e-07,0.0095693779904306,4.972248989891526e-06,0.0090909090909092,2.48631798272652e-05,0.0086124401913876,7.410582002990328e-06,0.0119617224880381,9.229367142105449e-06,0.0124401913875598,5.069379855831504e-06,0.0129186602870814,5.224170080437046e-06,0.0133971291866028,2.3083092244301467e-05,0.0138755980861244,3.045284832555208e-05,1,1,1,0,0
788,38,10:19:27,4,0.0095693779904306,1468958.0,0.0093301435406698,0.0090909090909092,2.288960446354454e-05,0.0086124401913876,8.900437914818671e-06,0.0081339712918662,8.706950134061743e-07,0.0076555023923445,3.5601751659274683e-06,0.0071770334928231,2.612085040218523e-06,0.0095693779904306,1.5482892216169348e-06,0.0114832535885167,2.2057607006289748e-06,0.0119617224880381,8.784345246364515e-06,0.0124401913875598,5.069379855831504e-06,0.0129186602870814,4.450218957409336e-06,2,2,1,0,0
789,38,10:19:30,4,0.0119617224880381,1016412.0,0.0112440191387559,0.0105263157894737,1.9348778075692766e-07,0.0100478468899523,2.511471394224921e-07,0.0095693779904306,1.547902246055421e-07,0.0090909090909092,2.296699957584731e-05,0.0086124401913876,8.764996468288822e-06,0.0119617224880381,7.429930781066021e-06,0.0124401913875598,5.069379855831504e-06,0.0129186602870814,4.450218957409336e-06,0.0133971291866028,2.366355558657225e-05,0.0138755980861244,3.045284832555208e-05,1,0,0,0,0
790,38,10:19:33,4,0.0129186602870814,2911627.0,0.0131578947368422,0.0129186602870814,3.5601751659274683e-06,0.0119617224880381,1.2770193529957225e-06,0.0114832535885167,3.869755615138552e-08,0.0105263157894737,3.869755615138553e-07,0.0100478468899523,1.2383217968443368e-06,0.0133971291866028,2.3566811696193784e-05,0.0138755980861244,3.045284832555208e-05,0.0143540669856458,7.741697642199658e-05,0.0148325358851675,9.132623251726983e-06,0.0153110047846889,9.17132080787837e-06,0,0,0,0,0
791,38,10:19:36,4,0.0114832535885167,3346946.0,0.0110047846889953,0.0105263157894737,4.06324339589548e-07,0.0100478468899523,2.418597259461595e-06,0.0095693779904306,7.5843340301100494e-06,0.0090909090909092,4.245121909806992e-05,0.0086124401913876,9.210018364029755e-06,0.0114832535885167,1.354414465298493e-06,0.0119617224880381,1.3544144652984934e-07,0.0133971291866028,4.843579615688169e-06,0.0138755980861244,3.12074506705041e-05,0.0143540669856458,7.412768414912882e-05,0,0,0,0,0
792,38,10:19:39,4,0.0100478468899523,1014437.0,0.0110047846889951,0.0100478468899523,1.7026924706609631e-06,0.0095693779904306,1.2576318773638782e-05,0.0090909090909092,4.245121909806992e-05,0.0086124401913876,9.210018364029755e-06,0.0081339712918662,8.706950134061743e-07,0.0119617224880381,3.355078118325125e-06,0.0124401913875598,9.674389037846383e-08,0.0129186602870814,3.037758157883764e-06,0.0133971291866028,6.391481861743591e-06,0.0138755980861244,3.12074506705041e-05,1,0,0,0,0
793,38,10:19:42,4,0.0119617224880381,2499392.0,0.0110047846889951,0.0100478468899523,2.766875264824065e-06,0.0095693779904306,1.319547967206095e-05,0.0090909090909092,4.245121909806992e-05,0.0086124401913876,9.132623251726983e-06,0.0081339712918662,8.706950134061743e-07,0.0119617224880381,1.3563493431060627e-05,0.0124401913875598,3.115153270186535e-06,0.0129186602870814,1.170601073579412e-05,0.0133971291866028,2.269611668278761e-07,0.0138755980861244,3.113005555820133e-05,1,2,0,0,0
794,38,10:19:45,4,0.0119617224880381,3025750.0,0.0107655502392345,0.0095693779904306,3.346951631533334e-06,0.0090909090909092,4.245121909806992e-05,0.0086124401913876,9.0939256955756e-06,0.0081339712918662,8.706950134061743e-07,0.0076555023923445,3.6182215001545462e-06,0.0119617224880381,3.250594716716384e-06,0.0124401913875598,3.1345020482622275e-06,0.0129186602870814,1.5846649243992373e-05,0.0133971291866028,9.204794193949316e-06,0.0138755980861244,3.114940433627702e-05,1,0,0,0,0
795,38,10:19:48,4,0.0095693779904306,3228837.0,0.0093301435406698,0.0090909090909092,4.245121909806992e-05,0.0086124401913876,9.074576917499906e-06,0.0081339712918662,8.706950134061743e-07,0.0076555023923445,3.6182215001545462e-06,0.0071770334928231,1.0061364599360235e-06,0.0095693779904306,1.843203297046644e-05,0.0105263157894737,8.706950134061743e-07,0.0110047846889951,8.706950134061743e-07,0.0114832535885167,1.064182794163102e-05,0.0119617224880381,5.611145641950901e-07,2,1,0,0,0
796,38,10:19:51,4,0.0095693779904306,1046560.0,0.0093301435406698,0.0090909090909092,4.245121909806992e-05,0.0086124401913876,9.016530583272828e-06,0.0081339712918662,8.706950134061743e-07,0.0076555023923445,3.6182215001545462e-06,0.0071770334928231,1.0061364599360235e-06,0.0095693779904306,8.835039044922829e-06,0.0100478468899523,1.2576705749200296e-06,0.0105263157894737,1.3350656872228009e-06,0.0110047846889951,8.706950134061743e-07,0.0114832535885167,2.03162169794774e-05,2,1,0,0,0
797,38,10:19:54,4,0.0110047846889951,1918474.0,0.0112440191387559,0.0110047846889951,2.0084031642569089e-07,0.0105263157894737,1.218973018768644e-06,0.0100478468899523,1.246061308074614e-05,0.0095693779904306,3.2118971605649985e-06,0.0090909090909092,4.189010453387483e-05,0.0114832535885167,2.250262890203068e-05,0.0119617224880381,4.372823845106564e-06,0.0124401913875598,5.940074869237678e-06,0.0129186602870814,2.3880261901020007e-05,0.0133971291866028,3.375839357200344e-05,0,0,0,0,0
798,38,10:19:57,4,0.0114832535885167,572837.0,0.0112440191387559,0.0110047846889951,6.636630879962617e-06,0.0105263157894737,1.8261376747838829e-06,0.0100478468899523,1.5169442011343124e-05,0.0095693779904306,6.868816216870931e-06,0.0090909090909092,4.17159655311936e-05,0.0114832535885167,1.913594151686014e-05,0.0119617224880381,5.611145641950901e-06,0.0124401913875598,6.327050430751533e-06,0.0129186602870814,2.3880261901020007e-05,0.0133971291866028,3.5925456716481026e-05,1,0,0,0,0
799,38,10:20:00,4,0.0114832535885167,4985344.0,0.0105263157894737,0.0095693779904306,6.343690379896629e-06,0.0090909090909092,4.17159655311936e-05,0.0086124401913876,9.693737815922074e-06,0.0081339712918662,8.706950134061743e-07,0.0076555023923445,1.064182794163102e-06,0.0114832535885167,1.716236615313948e-05,0.0119617224880381,7.35253566876325e-06,0.0124401913875598,6.714025992265389e-06,0.0129186602870814,2.3822215566792928e-05,0.0133971291866028,3.602220060685949e-05,0,0,0,0,0
800,38,10:20:03,4,0.0110047846889951,1302928.0,0.0102870813397131,0.0095693779904306,6.150202599139702e-06,0.0090909090909092,4.169661675311791e-05,0.0086124401913876,9.771132928224844e-06,0.0081339712918662,8.706950134061743e-07,0.0076555023923445,1.064182794163102e-06,0.0110047846889951,5.1467749681342745e-06,0.0114832535885167,9.829179262451924e-06,0.0119617224880381,7.932999011034033e-06,0.0124401913875598,6.714025992265389e-06,0.0129186602870814,2.1964732871526424e-05,0,0,0,0,0
801,38,10:20:06,4,0.0110047846889951,2165536.0,0.0102870813397131,0.0095693779904306,6.283322192300468e-06,0.0090909090909092,4.189010453387483e-05,0.0086124401913876,9.771132928224844e-06,0.0081339712918662,8.706950134061743e-07,0.0076555023923445,1.064182794163102e-06,0.0110047846889951,6.370778669202599e-06,0.0114832535885167,1.0177457267814394e-05,0.0119617224880381,2.826856476858713e-05,0.0124401913875598,1.0835315722387946e-05,0.0129186602870814,2.235170843304028e-05,0,0,0,0,0
802,38,10:20:09,4,0.0114832535885167,6417261.0,0.0102870813397131,0.0090909090909092,4.072917784933327e-05,0.0086124401913876,1.1086849837371951e-05,0.0081339712918662,8.706950134061743e-07,0.0076555023923445,1.064182794163102e-06,0.0071770334928231,1.141577906465873e-06,0.0114832535885167,3.0377581578837644e-08,0.0119617224880381,1.443921912676648e-05,0.0124401913875598,1.0061364599360235e-05,0.0129186602870814,2.227431332073751e-05,0.0133971291866028,3.120435486601199e-05,1,0,0,0,0
803,38,10:20:12,4,0.0114832535885167,628094.0,0.0117224880382775,0.0114832535885167,1.2932723265793042e-06,0.0110047846889951,2.9023167113539144e-07,0.0105263157894737,3.869755615138553e-07,0.0100478468899523,4.488916513560721e-06,0.0095693779904306,1.9735753637206617e-06,0.0119617224880381,1.4101969924907156e-05,0.0124401913875598,1.2286474078064903e-05,0.0129186602870814,2.242910354534305e-05,0.0133971291866028,3.3332720454338195e-05,0.0138755980861244,3.62768305263356e-05,0,0,0,0,0
804,38,10:20:15,4,0.0090909090909092,7839559.0,0.0088516746411484,0.0086124401913876,4.817845740847498e-06,0.0081339712918662,8.706950134061743e-07,0.0076555023923445,1.064182794163102e-06,0.0071770334928231,1.3157169091471078e-06,0.0066985645933015,9.383963878930234e-06,0.0090909090909092,3.6182215001545462e-06,0.0095693779904306,7.546023449520178e-07,0.0100478468899523,1.2715243000222255e-05,0.0105263157894737,1.1531871733112889e-05,0.0110047846889951,0.0001120580612498,1,0,0,0,0
805,38,10:20:18,4,0.0100478468899523,2544981.0,0.0093301435406698,0.0086124401913876,3.521477609776083e-06,0.0081339712918662,9.093925695575598e-07,0.0076555023923445,9.674389037846382e-07,0.0071770334928231,1.3157169091471078e-06,0.0066985645933015,9.190476098173306e-06,0.0100478468899523,9.70534708276749e-07,0.0105263157894737,1.133838395235596e-05,0.0110047846889951,0.0001157536778622,0.0114832535885167,7.91365023295834e-06,0.0119617224880381,3.968105454097299e-05,0,0,0,0,0
806,38,10:20:21,4,0.0100478468899523,877803.0,0.0093301435406698,0.0086124401913876,1.6639949145095776e-06,0.0081339712918662,9.093925695575598e-07,0.0076555023923445,7.739511230277105e-07,0.0071770334928231,1.3157169091471078e-06,0.0066985645933015,7.313644624831108e-06,0.0100478468899523,9.480901257089452e-07,0.0105263157894737,9.374096002111627e-06,0.0110047846889951,0.0001162567460922,0.0114832535885167,5.009398643796856e-05,0.0119617224880381,4.55243855198322e-05,0,0,0,0,0
807,38,10:20:24,4,0.0110047846889951,2417297.0,0.0102870813397131,0.0095693779904306,6.8107698826438525e-06,0.0090909090909092,4.06324339589548e-07,0.0086124401913876,1.218973018768644e-06,0.0081339712918662,9.093925695575598e-07,0.0076555023923445,7.739511230277105e-07,0.0110047846889951,0.0001151825019334,0.0114832535885167,5.446681028307513e-05,0.0119617224880381,4.614354641825437e-05,0.0124401913875598,2.457294815612981e-05,0.0129186602870814,2.4402678909063717e-05,0,0,0,0,0
808,38,10:20:27,4,0.0086124401913876,5326146.0,0.0083732057416268,0.0081339712918662,8.319974572547888e-07,0.0076555023923445,9.674389037846382e-07,0.0071770334928231,1.218973018768644e-06,0.0066985645933015,7.313644624831108e-06,0.0062200956937801,4.06324339589548e-07,0.0086124401913876,2.534689927915752e-06,0.0100478468899523,1.5687989263771692e-06,0.0105263157894737,3.869755615138552e-08,0.0110047846889951,0.0001133443680162,0.0114832535885167,3.4866498092398355e-05,0,0,0,0,0
809,38,10:20:30,4,0.0086124401913876,1989822.0,0.0083732057416268,0.0081339712918662,9.674389037846382e-07,0.0076555023923445,1.2576705749200296e-06,0.0071770334928231,1.3157169091471078e-06,0.0066985645933015,7.313644624831108e-06,0.0062200956937801,4.06324339589548e-07,0.0086124401913876,1.7783074953807703e-05,0.0090909090909092,4.643706738166263e-07,0.0095693779904306,2.9023167113539144e-07,0.0105263157894737,2.360550925234517e-06,0.0110047846889951,0.0001131895777916,1,0,0,0,0
810,38,10:20:33,4,0.0086124401913876,1376511.0,0.0083732057416268,0.0081339712918662,7.159047888006322e-07,0.0076555023923445,1.2576705749200296e-06,0.0071770334928231,1.3737632433741862e-06,0.0066985645933015,7.313644624831108e-06,0.0062200956937801,4.06324339589548e-07,0.0086124401913876,1.0237051504287526e-05,0.0090909090909092,9.674389037846382e-07,0.0095693779904306,1.2344520412291982e-05,0.0100478468899523,1.0061364599360235e-05,0.0105263157894737,5.475704195421052e-06,0,0,0,0,0
811,38,10:20:36,4,0.0076555023923445,1439433.0,0.0074162679425837,0.0071770334928231,1.3737632433741862e-06,0.0066985645933015,7.313644624831108e-06,0.0062200956937801,4.06324339589548e-07,0.0057416267942584,1.8961802514178909e-06,0.005263157894737,7.739511230277106e-06,0.0076555023923445,1.934877807569276e-08,0.0086124401913876,2.071867156345181e-06,0.0090909090909092,1.0448340160874092e-06,0.0095693779904306,3.2467249611012455e-05,0.0100478468899523,1.582730046591668e-05,1,0,0,0,0
812,38,10:20:39,4,0.0081339712918662,1766861.0,0.0076555023923445,0.0071770334928231,1.5285534679797282e-06,0.0066985645933015,7.313644624831108e-06,0.0062200956937801,4.06324339589548e-07,0.0057416267942584,1.8574826952665047e-06,0.005263157894737,7.739511230277106e-06,0.0081339712918662,8.358672128699274e-06,0.0086124401913876,1.3544144652984934e-07,0.0095693779904306,2.8773180900801192e-05,0.0100478468899523,1.8729617177270597e-05,0.0105263157894737,2.3624858030420863e-05,1,0,0,0,0
813,38,10:20:42,4,0.0081339712918662,716281.0,0.0076555023923445,0.0071770334928231,7.932999011034033e-07,0.0066985645933015,7.313644624831108e-06,0.0062200956937801,4.06324339589548e-07,0.0057416267942584,1.8574826952665047e-06,0.005263157894737,7.739511230277106e-06,0.0081339712918662,4.152247775043667e-06,0.0086124401913876,1.9348778075692764e-06,0.0090909090909092,1.934877807569276e-08,0.0095693779904306,2.896666868155812e-05,0.0100478468899523,1.8729617177270597e-05,1,0,0,0,0
814,38,10:20:45,4,0.0081339712918662,741385.0,0.0078947368421051,0.0076555023923445,5.804633422707829e-07,0.0066985645933015,6.500995945652011e-06,0.0062200956937801,4.06324339589548e-07,0.0057416267942584,1.8574826952665047e-06,0.005263157894737,8.319974572547888e-06,0.0081339712918662,3.784620991605504e-06,0.0086124401913876,2.263807034856053e-06,0.0090909090909092,1.934877807569276e-08,0.0095693779904306,2.9643875914207367e-05,0.0100478468899523,1.867157084304352e-05,0,0,0,0,0
815,38,10:20:48,4,0.0071770334928231,737192.0,0.0071770334928229,0.0066985645933015,5.997927715684e-06,0.0062200956937801,4.06324339589548e-07,0.0057416267942584,1.8574826952665047e-06,0.005263157894737,8.319974572547888e-06,0.0047846889952154,0.0001044181962266,0.0076555023923445,1.547902246055421e-07,0.0081339712918662,2.739786975518095e-06,0.0086124401913876,2.283155812931746e-06,0.0090909090909092,1.954226585644969e-06,0.0095693779904306,3.0611314817992004e-05,0,0,0,0,0
816,38,10:20:51,4,0.0071770334928231,606455.0,0.0074162679425837,0.0071770334928231,1.0835315722387947e-06,0.0066985645933015,5.843137491078457e-06,0.0062200956937801,4.06324339589548e-07,0.0057416267942584,1.876831473342198e-06,0.005263157894737,8.358672128699274e-06,0.0076555023923445,3.869755615138552e-08,0.0081339712918662,2.735917219902957e-06,0.0086124401913876,2.283155812931746e-06,0.0090909090909092,3.115153270186535e-06,0.0095693779904306,3.0669361152219086e-05,0,0,0,0,0
817,38,10:20:54,4,0.0081339712918662,661365.0,0.0076555023923445,0.0071770334928231,1.6446461364338848e-06,0.0066985645933015,5.843137491078457e-06,0.0062200956937801,4.06324339589548e-07,0.0057416267942584,1.9348778075692764e-06,0.005263157894737,8.648903799834665e-06,0.0081339712918662,1.5749905353613909e-06,0.0086124401913876,4.06324339589548e-06,0.0090909090909092,4.179336064349637e-06,0.0095693779904306,3.121112693833848e-05,0.0100478468899523,1.87102683991949e-05,0,0,0,0,0
818,38,10:20:57,4,0.0071770334928231,1227740.0,0.0074162679425837,0.0071770334928231,1.799436361039427e-06,0.0066985645933015,5.64964971032153e-06,0.0062200956937801,4.06324339589548e-07,0.0057416267942584,1.9348778075692764e-06,0.005263157894737,9.538947591316533e-06,0.0076555023923445,2.583061873104984e-05,0.0081339712918662,2.387639214540487e-06,0.0086124401913876,5.998121203464756e-06,0.0090909090909092,4.682404294317648e-06,0.0095693779904306,3.099829037950586e-05,0,0,0,0,0
819,38,10:21:00,4,0.0066985645933015,740962.0,0.0069377990430623,0.0066985645933015,3.5599816781467112e-06,0.0062200956937801,4.06324339589548e-07,0.0057416267942584,2.0509704760234327e-06,0.005263157894737,1.2576705749200296e-05,0.0047846889952154,0.0001059274009165,0.0071770334928231,3.4634312755490046e-06,0.0076555023923445,2.4747087158811044e-05,0.0081339712918662,3.664658567536209e-06,0.0086124401913876,5.998121203464756e-06,0.0090909090909092,3.6182215001545462e-06,0,0,0,0,0
820,38,10:21:03,4,0.0066985645933015,1860667.0,0.0062200956937801,0.0057416267942584,1.7413900268123485e-07,0.005263157894737,5.437006639269666e-06,0.0047846889952154,0.0001060241448069,0.0043062200956938,1.9377801242806303e-06,0.0038277511961724,1.1996242406929513e-06,0.0066985645933015,3.018602867588828e-06,0.0071770334928231,5.262867636588431e-06,0.0076555023923445,2.5192109054551975e-05,0.0081339712918662,3.664658567536209e-06,0.0086124401913876,5.998121203464756e-06,0,0,0,0,0
821,38,10:21:06,4,0.0062200956937801,607917.0,0.005980861244019,0.0057416267942584,1.0835315722387947e-06,0.005263157894737,5.804633422707829e-06,0.0047846889952154,0.0001061208886972,0.0043062200956938,1.9377801242806303e-06,0.0038277511961724,1.1996242406929513e-06,0.0062200956937801,6.965560107249394e-07,0.0066985645933015,1.0932253100547168e-05,0.0071770334928231,1.0815966944312257e-05,0.0076555023923445,2.5192109054551975e-05,0.0081339712918662,3.838797570217444e-06,1,0,0,0,0
822,38,10:21:09,4,0.0066985645933015,227135.0,0.0062200956937801,0.0057416267942584,2.979711823656685e-06,0.005263157894737,5.804633422707829e-06,0.0047846889952154,0.0001052501936838,0.0043062200956938,1.9377801242806303e-06,0.0038277511961724,1.2576705749200296e-06,0.0066985645933015,2.517295376425704e-05,0.0071770334928231,1.2344520412291982e-05,0.0076555023923445,2.5192109054551975e-05,0.0081339712918662,3.935541460595908e-06,0.0086124401913876,6.0561675376918345e-06,0,0,0,0,0
823,38,10:21:12,4,0.0066985645933015,323966.0,0.005980861244019,0.0057416267942584,5.611145641950901e-06,0.005263157894737,6.133562649994606e-06,0.0047846889952154,0.0001038377328843,0.0043062200956938,1.9377801242806303e-06,0.0038277511961724,1.2576705749200296e-06,0.0062200956937801,9.674389037846382e-07,0.0066985645933015,2.948773127513653e-05,0.0071770334928231,2.7154462126988736e-05,0.0076555023923445,2.654652351985047e-05,0.0081339712918662,3.935541460595908e-06,0,0,0,0,0
824,38,10:21:15,4,0.0057416267942584,1839056.0,0.0052631578947368,0.0047846889952154,0.0001035861987693,0.0043062200956938,1.9377801242806303e-06,0.0038277511961724,1.2576705749200296e-06,0.0033492822966507,8.823042802515899e-06,0.0028708133971293,1.0138759711663008e-05,0.0057416267942584,9.616342703619303e-06,0.0062200956937801,4.7211018504690345e-06,0.0066985645933015,2.9023360601319905e-05,0.0071770334928231,2.6980323124307505e-05,0.0076555023923445,2.8210518434360047e-05,0,0,0,0,0
825,38,10:21:18,4,0.0057416267942584,742006.0,0.0052631578947368,0.0047846889952154,0.0001037022914378,0.0043062200956938,1.9377801242806303e-06,0.0038277511961724,1.2576705749200296e-06,0.0033492822966507,8.823042802515899e-06,0.0028708133971293,9.829179262451924e-06,0.0057416267942584,6.984908885325088e-06,0.0062200956937801,6.9462113291737015e-06,0.0066985645933015,3.208046753727936e-05,0.0071770334928231,2.781232058156229e-05,0.0076555023923445,1.8903756179951828e-05,0,0,0,0,0
826,38,10:21:21,4,0.0057416267942584,1584199.0,0.0055023923444976,0.005263157894737,7.739511230277106e-08,0.0047846889952154,9.803309946164724e-05,0.0043062200956938,1.9377801242806303e-06,0.0038277511961724,1.2576705749200296e-06,0.0033492822966507,8.823042802515899e-06,0.0057416267942584,1.6446461364338848e-06,0.0062200956937801,1.141577906465873e-05,0.0066985645933015,3.0513216513148245e-05,0.0071770334928231,2.7830895408514955e-05,0.0076555023923445,1.8439385506135204e-05,0,0,0,0,0
827,38,10:21:24,4,0.005263157894737,1105155.0,0.0050239234449762,0.0047846889952154,0.0001051534497935,0.0043062200956938,1.9377801242806303e-06,0.0038277511961724,1.2576705749200296e-06,0.0033492822966507,8.823042802515899e-06,0.0028708133971293,9.829179262451924e-06,0.005263157894737,8.010394123336804e-06,0.0057416267942584,3.50212883170039e-06,0.0062200956937801,1.4027864104877253e-05,0.0066985645933015,3.192567731267381e-05,0.0071770334928231,2.498662503138812e-05,0,0,0,0,0
828,38,10:21:27,4,0.0047846889952154,11524092.0,0.0045454545454544,0.0043062200956938,1.9377801242806303e-06,0.0038277511961724,1.2963681310714152e-06,0.0033492822966507,8.823042802515899e-06,0.0028708133971293,9.829179262451924e-06,0.0023923444976077,4.098071196431727e-05,0.0047846889952154,0.0001521272522789,0.005263157894737,7.13969910993063e-06,0.0057416267942584,5.088728633907197e-06,0.0062200956937801,1.4821164005980655e-05,0.0066985645933015,3.308660399721538e-05,0,0,0,0,1
829,38,10:21:30,4,0.0047846889952154,1083419.0,0.004306220095694,0.0038277511961724,5.446681028307512e-07,0.0033492822966507,8.823042802515899e-06,0.0028708133971293,9.829179262451924e-06,0.0023923444976077,4.098071196431727e-05,0.0019138755980863,1.4821164005980656e-06,0.0047846889952154,0.0001596539269504,0.005263157894737,1.0777269388160867e-05,0.0057416267942584,1.513074445519174e-05,0.0062200956937801,1.1473825398885808e-05,0.0066985645933015,3.308660399721538e-05,0,0,0,0,1
830,38,10:21:33,4,0.0033492822966507,1228381.0,0.0038277511961721,0.0033492822966507,8.33932335062358e-06,0.0028708133971293,9.829179262451924e-06,0.0023923444976077,4.098071196431727e-05,0.0019138755980863,1.4821164005980656e-06,0.0014354066985646,1.3118471535319694e-05,0.0043062200956938,1.9348778075692764e-06,0.0047846889952154,0.0001558780129089,0.005263157894737,1.0777269388160867e-05,0.0057416267942584,2.354746291811809e-05,0.0062200956937801,1.1473825398885808e-05,0,0,0,0,0
831,38,10:21:36,4,0.0033492822966507,2822224.0,0.0031100478468899,0.0028708133971293,1.1996242406929512e-05,0.0023923444976077,4.098071196431727e-05,0.0019138755980863,1.4821164005980656e-06,0.0014354066985646,1.3118471535319694e-05,0.0009569377990432,2.8210518434360047e-05,0.0033492822966507,9.480901257089452e-07,0.0038277511961724,1.1802754626172586e-06,0.0043062200956938,1.2770193529957225e-06,0.0047846889952154,0.0001499224590172,0.005263157894737,1.0467688938949783e-05,1,0,0,1,1
832,38,10:21:39,4,0.0033492822966507,1086029.0,0.0031100478468899,0.0028708133971293,6.597933323811232e-06,0.0023923444976077,4.098071196431727e-05,0.0019138755980863,1.4821164005980656e-06,0.0014354066985646,1.3118471535319694e-05,0.0009569377990432,2.8210518434360047e-05,0.0033492822966507,8.513462353304816e-07,0.0038277511961724,1.2963681310714152e-06,0.0043062200956938,3.269943494792077e-06,0.0047846889952154,0.0001478908373193,0.005263157894737,1.3137820313395388e-05,1,0,0,1,1
833,38,10:21:42,4,0.0038277511961724,675061.0,0.0033492822966507,0.0028708133971293,3.4634312755490046e-06,0.0023923444976077,4.098071196431727e-05,0.0019138755980863,1.4821164005980656e-06,0.0014354066985646,1.3118471535319694e-05,0.0009569377990432,2.8210518434360047e-05,0.0038277511961724,3.347338607094848e-06,0.0043062200956938,7.681464896050026e-06,0.0047846889952154,0.0001468266545251,0.005263157894737,1.892310495802752e-05,0.0057416267942584,1.6446461364338848e-05,0,0,0,1,1
834,38,10:21:45,4,0.0023923444976077,2881527.0,0.0026315789473683,0.0023923444976077,3.0822603474578574e-05,0.0019138755980863,1.4821164005980656e-06,0.0014354066985646,1.3118471535319694e-05,0.0009569377990432,2.8210518434360047e-05,0.0004784688995216,8.068440457563883e-06,0.0028708133971293,1.3408703206455085e-05,0.0033492822966507,4.527614069712106e-06,0.0038277511961724,3.5601751659274683e-06,0.0043062200956938,6.791421104568159e-06,0.0047846889952154,0.0001466525155224,1,0,0,1,1
835,38,10:21:48,4,0.0028708133971293,1175854.0,0.0026315789473683,0.0023923444976077,3.1054788811486884e-05,0.0019138755980863,1.4821164005980656e-06,0.0014354066985646,1.3118471535319694e-05,0.0009569377990432,2.8210518434360047e-05,0.0004784688995216,8.068440457563883e-06,0.0028708133971293,5.688540754253672e-06,0.0033492822966507,1.5749905353613907e-05,0.0038277511961724,4.4115214012579495e-06,0.0043062200956938,7.294489334536172e-06,0.0047846889952154,0.0001446015450464,0,0,0,1,1
836,38,10:21:51,4,0.0028708133971293,1139888.0,0.0026315789473683,0.0023923444976077,2.4243825441062275e-05,0.0019138755980863,1.4821164005980656e-06,0.0014354066985646,1.3118471535319694e-05,0.0009569377990432,2.8210518434360047e-05,0.0004784688995216,8.068440457563883e-06,0.0028708133971293,1.112554739352334e-05,0.0033492822966507,1.6117532137052072e-05,0.0038277511961724,7.758860008352799e-06,0.0043062200956938,7.275140556460479e-06,0.0047846889952154,0.0001417766234473,0,0,0,1,1
837,38,10:21:54,4,0.0023923444976077,1489608.0,0.0026315789473683,0.0023923444976077,1.1899305028770292e-05,0.0019138755980863,1.6562554032793005e-06,0.0014354066985646,1.3118471535319694e-05,0.0009569377990432,2.8210518434360047e-05,0.0004784688995216,8.068440457563883e-06,0.0028708133971293,1.0448340160874092e-05,0.0033492822966507,1.729780759966933e-05,0.0038277511961724,7.604069783747256e-06,0.0043062200956938,7.855603898731262e-06,0.0047846889952154,0.0001416411820008,0,0,0,1,1
838,38,10:21:57,4,0.0023923444976077,2043053.0,0.0026315789473683,0.0023923444976077,6.387225130566938e-06,0.0019138755980863,1.6562554032793005e-06,0.0014354066985646,1.3602190987212012e-05,0.0009569377990432,2.8210518434360047e-05,0.0004784688995216,8.203881904093731e-06,0.0028708133971293,1.1319035174280268e-05,0.0033492822966507,1.7955666054242884e-05,0.0038277511961724,7.797557564504183e-06,0.0043062200956938,7.952347789109726e-06,0.0047846889952154,0.0001420281575623,0,0,0,1,1
839,38,10:22:00,4,0.0023923444976077,1217540.0,0.0021531100478469,0.0019138755980863,1.6369066252036078e-06,0.0014354066985646,1.3602190987212012e-05,0.0009569377990432,2.8210518434360047e-05,0.0004784688995216,8.590857465607587e-06,0.0,8.372216273352259e-05,0.0023923444976077,2.094660016918347e-05,0.0028708133971293,9.130494886138658e-06,0.0033492822966507,1.834264161575674e-05,0.0038277511961724,7.275140556460479e-06,0.0043062200956938,7.952347789109726e-06,1,0,0,1,1
840,38,10:22:03,4,0.0023923444976077,6175063.0,0.0014354066985646,0.0004784688995216,1.8303944059605356e-06,0.0,8.372216273352259e-05,-0.0004784688995214,6.8581743889293e-06,-0.000956937799043,1.518879078941882e-05,-0.0014354066985644,2.3798997033102097e-05,0.0023923444976077,3.594190317784536e-05,0.0028708133971293,9.323982666895584e-06,0.0033492822966507,1.814915383499981e-05,0.0038277511961724,6.984908885325088e-06,0.0043062200956938,7.952347789109726e-06,0,0,1,2,1
841,38,10:22:06,4,0.0023923444976077,1862437.0,0.001913875598086,0.0014354066985646,1.3544144652984934e-07,0.0004784688995216,2.604345528988246e-06,0.0,8.385760418005243e-05,-0.0004784688995214,5.368318477100957e-06,-0.000956937799043,1.5092046899040357e-05,0.0023923444976077,2.143031962107579e-05,0.0028708133971293,9.323982666895584e-06,0.0033492822966507,1.814915383499981e-05,0.0038277511961724,7.720162452201413e-06,0.0043062200956938,7.99104534526111e-06,0,0,0,2,1
842,38,10:22:09,4,0.0023923444976077,2467672.0,0.0014354066985646,0.0004784688995216,2.681740641291017e-06,0.0,8.418653340733921e-05,-0.0004784688995214,5.368318477100957e-06,-0.000956937799043,1.5092046899040357e-05,-0.0014354066985644,2.3798997033102097e-05,0.0023923444976077,4.133866435871759e-05,0.0028708133971293,9.323982666895584e-06,0.0033492822966507,1.814915383499981e-05,0.0038277511961724,7.758860008352799e-06,0.0043062200956938,7.99104534526111e-06,0,0,1,2,1
843,38,10:22:12,4,0.0019138755980863,668077.0,0.0014354066985646,0.0009569377990432,6.385096764978611e-07,0.0004784688995216,2.855879643972252e-06,0.0,8.223230682169424e-05,-0.0004784688995214,5.368318477100957e-06,-0.000956937799043,1.5092046899040357e-05,0.0019138755980863,2.51534114984006e-07,0.0023923444976077,4.2383498374805e-05,0.0028708133971293,9.382029001122665e-06,0.0033492822966507,1.809110750077273e-05,0.0038277511961724,7.758860008352799e-06,0,0,0,2,2
844,38,10:22:15,4,0.0009569377990432,2202548.0,0.0016746411483254,0.0009569377990432,3.289292272867769e-06,0.0004784688995216,2.9023167113539144e-07,0.0,8.148931374358763e-05,-0.0004784688995214,5.368318477100957e-06,-0.000956937799043,1.5092046899040357e-05,0.0023923444976077,3.625612733379461e-05,0.0028708133971293,1.6870006116415764e-05,0.0033492822966507,1.8013712388469963e-05,0.0038277511961724,4.4115214012579495e-06,0.0043062200956938,8.04909167948819e-06,0,0,0,2,2
845,38,10:22:18,4,0.0004784688995216,853508.0,0.0002392344497608,0.0,8.255349653775074e-05,-0.0004784688995214,5.368318477100957e-06,-0.000956937799043,1.5053349342888969e-05,-0.0014354066985644,2.3798997033102097e-05,-0.001913875598086,1.050638649510117e-05,0.0004784688995216,2.37989970331021e-06,0.0014354066985646,1.5092046899040356e-06,0.0019138755980863,1.0390293826647014e-05,0.0023923444976077,4.32603849971954e-05,0.0028708133971293,1.828246691594133e-05,1,1,1,2,2
846,38,10:22:21,4,0.0014354066985646,537393.0,0.0007177033492822,0.0,8.406270122765478e-05,-0.0004784688995214,5.368318477100957e-06,-0.000956937799043,1.5053349342888969e-05,-0.0014354066985644,2.3798997033102097e-05,-0.001913875598086,1.050638649510117e-05,0.0014354066985646,1.3350656872228009e-06,0.0019138755980863,1.2034939963080898e-05,0.0023923444976077,4.548549447590006e-05,0.0028708133971293,1.81083279132601e-05,0.0033492822966507,1.7975014832318577e-05,1,1,1,2,2
847,38,10:22:24,4,0.0004784688995216,1024521.0,0.0002392344497608,0.0,8.170215030242026e-05,-0.0004784688995214,5.368318477100957e-06,-0.000956937799043,1.6020788246673607e-05,-0.0014354066985644,2.3798997033102097e-05,-0.001913875598086,1.050638649510117e-05,0.0004784688995216,3.037758157883764e-06,0.0009569377990432,2.225109478704668e-06,0.0014354066985646,5.611145641950901e-07,0.0019138755980863,1.2092986297307976e-05,0.0023923444976077,4.492437991170497e-05,1,2,1,2,2
848,38,10:22:27,4,0.0004784688995216,311481.0,0.0002392344497608,0.0,8.516558157796927e-05,-0.0004784688995214,5.368318477100957e-06,-0.000956937799043,1.6117532137052072e-05,-0.0014354066985644,2.3798997033102097e-05,-0.001913875598086,1.050638649510117e-05,0.0004784688995216,7.70081367412572e-06,0.0009569377990432,1.1667313179642737e-05,0.0014354066985646,1.218973018768644e-06,0.0019138755980863,1.267344963957876e-05,0.0023923444976077,4.488568235555359e-05,1,1,2,2,2
849,38,10:22:30,4,0.0004784688995216,4140773.0,0.0007177033492822,0.0004784688995216,2.9023167113539144e-06,0.0,4.167726797504221e-05,-0.0004784688995214,5.368318477100957e-06,-0.000956937799043,1.6214276027430534e-05,-0.0014354066985644,2.3798997033102097e-05,0.0009569377990432,1.3118471535319694e-05,0.0014354066985646,1.4124607995255717e-06,0.0019138755980863,1.2712147195730146e-05,0.0023923444976077,4.465349701864527e-05,0.0028708133971293,1.81083279132601e-05,1,1,1,2,2
850,38,10:22:33,4,0.0004784688995216,1302800.0,0.0007177033492822,0.0004784688995216,4.392172623182257e-06,0.0,4.219968498308592e-05,-0.0004784688995214,5.368318477100957e-06,-0.000956937799043,1.6214276027430534e-05,-0.0014354066985644,2.3798997033102097e-05,0.0009569377990432,1.1164244949674724e-05,0.0014354066985646,2.302504591007439e-06,0.0019138755980863,1.2731495973805835e-05,0.0023923444976077,4.465349701864527e-05,0.0028708133971293,1.81083279132601e-05,1,1,2,2,2
851,38,10:22:36,4,0.0004784688995216,1942207.0,0.0007177033492822,0.0004784688995216,3.482780053624697e-07,0.0,3.5814588218107306e-05,-0.0004784688995214,5.368318477100957e-06,-0.000956937799043,1.6233624805506228e-05,-0.0014354066985644,2.3798997033102097e-05,0.0009569377990432,1.0661176719706712e-05,0.0014354066985646,2.302504591007439e-06,0.0019138755980863,1.2383217968443369e-05,0.0023923444976077,4.4460009237888345e-05,0.0028708133971293,1.7914840132503173e-05,1,1,2,2,2
852,38,10:22:39,4,0.0009569377990432,1093738.0,0.0007177033492822,0.0004784688995216,1.112554739352334e-05,0.0,3.651114422883224e-05,-0.0004784688995214,5.368318477100957e-06,-0.000956937799043,1.60401370247493e-05,-0.0014354066985644,4.450218957409336e-06,0.0009569377990432,1.9019848848405983e-05,0.0014354066985646,2.147714366401897e-06,0.0019138755980863,1.3834376324120324e-05,0.0023923444976077,4.395694100792033e-05,0.0028708133971293,1.7914840132503173e-05,1,1,2,2,2
853,38,10:22:42,4,0.0004784688995216,1620756.0,0.0007177033492822,0.0004784688995216,7.83625512065557e-06,0.0,3.792360502835781e-05,-0.0004784688995214,5.368318477100957e-06,-0.000956937799043,1.60401370247493e-05,-0.0014354066985644,4.450218957409336e-06,0.0009569377990432,1.4550281112920956e-05,0.0014354066985646,1.7413900268123486e-06,0.0019138755980863,1.3834376324120324e-05,0.0023923444976077,4.395694100792033e-05,0.0028708133971293,1.7914840132503173e-05,1,1,2,2,2
854,38,10:22:45,4,0.0009569377990432,1371826.0,0.0002392344497608,0.0,4.361214578261149e-05,-0.0004784688995214,5.368318477100957e-06,-0.000956937799043,1.60401370247493e-05,-0.0014354066985644,4.450218957409336e-06,-0.001913875598086,1.0216154823965778e-05,0.0004784688995216,2.9023167113539144e-07,0.0009569377990432,1.2015591185005204e-05,0.0014354066985646,1.7413900268123486e-06,0.0019138755980863,1.3253912981849542e-05,0.0023923444976077,4.202206320035106e-05,1,1,2,2,2
855,38,10:22:48,4,0.0004784688995216,863764.0,0.0002392344497608,0.0,4.324451899917333e-05,-0.0004784688995214,5.368318477100957e-06,-0.000956937799043,1.6078834580900686e-05,-0.0014354066985644,4.450218957409336e-06,-0.001913875598086,1.0216154823965778e-05,0.0004784688995216,1.0061364599360235e-06,0.0009569377990432,7.874952676806954e-06,0.0014354066985646,1.7413900268123486e-06,0.0019138755980863,1.3370005650303698e-05,0.0023923444976077,4.204141197842675e-05,1,1,2,2,2
856,38,10:22:51,4,0.0009569377990432,4413160.0,0.0011961722488038,0.0009569377990432,2.668196496638032e-05,0.0004784688995216,3.869755615138553e-06,0.0,1.7104319818912402e-05,-0.0004784688995214,6.335757380885595e-06,-0.000956937799043,1.6175578471279148e-05,0.0014354066985646,1.8574826952665047e-06,0.0019138755980863,1.3370005650303698e-05,0.0023923444976077,4.204141197842675e-05,0.0028708133971293,1.7914840132503173e-05,0.0033492822966507,8.087789235639574e-06,1,1,2,2,2
857,38,10:22:54,4,0.0009569377990432,2424628.0,0.0011961722488038,0.0009569377990432,5.282216414664124e-06,0.0004784688995216,1.6311019917809e-05,0.0,2.7049591749818483e-05,-0.0004784688995214,6.916220723156378e-06,-0.000956937799043,1.6349717473960386e-05,0.0014354066985646,2.2444582567803605e-06,0.0019138755980863,1.3370005650303698e-05,0.0023923444976077,4.134485596770181e-05,0.0028708133971293,1.795353768865456e-05,0.0033492822966507,8.087789235639574e-06,1,1,2,2,2
858,38,10:22:57,4,0.0004784688995216,1846652.0,0.0007177033492822,0.0004784688995216,2.2038258228214055e-05,0.0,2.882967933278221e-05,-0.0004784688995214,6.916220723156378e-06,-0.000956937799043,1.6446461364338848e-05,-0.0014354066985644,4.469567735485028e-06,0.0009569377990432,3.2892922728677695e-07,0.0014354066985646,2.2444582567803605e-06,0.0019138755980863,1.3428051984530778e-05,0.0023923444976077,4.119006574309627e-05,0.0028708133971293,1.7934188910578866e-05,1,2,2,2,2
859,38,10:23:00,4,0.0009569377990432,589830.0,0.0007177033492822,0.0004784688995216,2.1535189998246045e-05,0.0,3.3221851955964475e-05,-0.0004784688995214,8.75435464034719e-06,-0.000956937799043,1.6891483260079782e-05,-0.0014354066985644,4.527614069712106e-06,0.0009569377990432,4.179336064349637e-06,0.0014354066985646,2.5927362621428303e-06,0.0019138755980863,1.3428051984530778e-05,0.0023923444976077,4.119006574309627e-05,0.0028708133971293,1.7876142576351786e-05,1,2,2,2,2
860,38,10:23:03,4,0.0009569377990432,1528922.0,0.0007177033492822,0.0004784688995216,1.8035383019914738e-05,0.0,3.809774403103905e-05,-0.0004784688995214,8.947842421104118e-06,-0.000956937799043,1.6272322361657614e-05,-0.0014354066985644,4.527614069712106e-06,0.0009569377990432,1.8516780618437973e-05,0.0019138755980863,1.3621539765287703e-05,0.0023923444976077,4.089983407196088e-05,0.0028708133971293,1.7876142576351786e-05,0.0033492822966507,5.66919197617798e-06,1,2,2,2,2
861,38,10:23:06,4,0.0009569377990432,3051066.0,0.0007177033492822,0.0004784688995216,1.7413900268123486e-06,0.0,3.641672219182286e-05,-0.0004784688995214,8.947842421104118e-06,-0.000956937799043,1.6311019917809e-05,-0.0014354066985644,4.663055516241956e-06,0.0009569377990432,1.2073637519232285e-05,0.0014354066985646,9.674389037846383e-08,0.0019138755980863,1.4202003107558489e-05,0.0023923444976077,4.089983407196088e-05,0.0028708133971293,1.7876142576351786e-05,1,2,2,2,2
862,38,10:23:09,4,0.0009569377990432,1254799.0,0.0007177033492822,0.0004784688995216,3.2892922728677695e-07,0.0,3.601039785223331e-05,-0.0004784688995214,8.947842421104118e-06,-0.000956937799043,1.6311019917809e-05,-0.0014354066985644,4.663055516241956e-06,0.0009569377990432,1.2924983754562766e-05,0.0014354066985646,2.51534114984006e-07,0.0019138755980863,1.406656166102864e-05,0.0023923444976077,4.103527551849072e-05,0.0028708133971293,1.826311813786564e-05,1,2,2,2,2
863,38,10:23:12,4,0.0004784688995216,1124777.0,0.0002392344497608,0.0,3.1947154456337834e-05,-0.0004784688995214,8.947842421104118e-06,-0.000956937799043,1.714301737506379e-05,-0.0014354066985644,1.414395677333141e-05,-0.001913875598086,1.0332247492419937e-05,0.0004784688995216,2.3218533690831317e-07,0.0009569377990432,1.0893362056615026e-05,0.0014354066985646,2.51534114984006e-07,0.0019138755980863,1.4105259217180023e-05,0.0023923444976077,4.134485596770181e-05,2,2,2,2,2
864,38,10:23:15,4,0.0004784688995216,704707.0,0.0002392344497608,0.0,3.057339121296365e-05,-0.0004784688995214,8.947842421104118e-06,-0.000956937799043,1.7259110043517943e-05,-0.0014354066985644,1.414395677333141e-05,-0.001913875598086,1.0332247492419937e-05,0.0004784688995216,5.417657861193974e-07,0.0009569377990432,8.513462353304815e-06,0.0014354066985646,2.51534114984006e-07,0.0019138755980863,1.4298746997936952e-05,0.0023923444976077,4.05709048446741e-05,2,2,2,2,2
865,38,10:23:18,4,0.0004784688995216,674659.0,0.0007177033492822,0.0004784688995216,1.6252973583581924e-07,0.0,3.092166921832612e-05,-0.0004784688995214,8.947842421104118e-06,-0.000956937799043,1.9658358524903847e-05,-0.0014354066985644,1.414395677333141e-05,0.0009569377990432,6.617282101886925e-06,0.0014354066985646,2.51534114984006e-07,0.0019138755980863,1.4298746997936952e-05,0.0023923444976077,4.05709048446741e-05,0.0028708133971293,1.8243769359789948e-05,2,2,2,2,2
866,38,10:23:21,4,0.0009569377990432,1353891.0,0.0007177033492822,0.0004784688995216,1.4318095776012643e-06,0.0,2.784521350429097e-05,-0.0004784688995214,8.947842421104118e-06,-0.000956937799043,1.9658358524903847e-05,-0.0014354066985644,1.4240700663709871e-05,0.0009569377990432,9.802090973145953e-07,0.0014354066985646,2.51534114984006e-07,0.0019138755980863,1.449223477869388e-05,0.0023923444976077,4.05709048446741e-05,0.0028708133971293,1.8243769359789948e-05,2,2,2,2,2
867,38,10:23:24,4,0.0009569377990432,1078632.0,0.0011961722488038,0.0009569377990432,1.2944332532638458e-05,0.0004784688995216,5.366190111512631e-06,0.0,2.8812652408075607e-05,-0.0004784688995214,8.947842421104118e-06,-0.000956937799043,2.0084031642569088e-05,0.0014354066985646,2.51534114984006e-07,0.0019138755980863,1.449223477869388e-05,0.0023923444976077,3.929388549167838e-05,0.0028708133971293,1.0755792244496847e-05,0.0033492822966507,5.378960305042588e-06,2,2,2,2,2
868,38,10:23:27,4,0.0009569377990432,1858232.0,0.0014354066985646,0.0009569377990432,1.5285534679797282e-06,0.0004784688995216,8.616784828229016e-06,0.0,2.9354418194195e-05,-0.0004784688995214,8.947842421104118e-06,-0.000956937799043,2.0084031642569088e-05,0.0019138755980863,9.46155247901376e-06,0.0023923444976077,3.944867571628392e-05,0.0028708133971293,1.0755792244496847e-05,0.0033492822966507,5.378960305042588e-06,0.0038277511961724,2.0509704760234327e-06,2,2,2,2,2
869,38,10:23:30,4,0.0009569377990432,1173266.0,0.0014354066985646,0.0009569377990432,9.287413476332526e-07,0.0004784688995216,4.069821980441215e-06,0.0,2.939311575034639e-05,-0.0004784688995214,8.947842421104118e-06,-0.000956937799043,1.989054386181216e-05,0.0019138755980863,9.46155247901376e-06,0.0023923444976077,3.944867571628392e-05,0.0028708133971293,1.0755792244496847e-05,0.0033492822966507,5.378960305042588e-06,0.0038277511961724,2.0509704760234327e-06,2,2,2,2,2
870,38,10:23:33,4,0.0019138755980863,5827749.0,0.0023923444976079,0.0019138755980863,1.7332635400205578e-06,0.0014354066985646,8.319974572547888e-07,0.0009569377990432,3.869755615138553e-07,0.0004784688995216,9.298635767616427e-06,0.0,2.974139375570886e-05,0.0028708133971293,1.0755792244496847e-05,0.0033492822966507,5.378960305042588e-06,0.0038277511961724,2.0509704760234327e-06,0.0043062200956938,9.268064698256831e-06,0.0047846889952154,0.0001391838871852,1,1,1,2,1
871,38,10:23:36,4,0.0023923444976077,827391.0,0.0026315789473683,0.0023923444976077,8.48455527885973e-05,0.0019138755980863,1.5978220934907084e-06,0.0014354066985646,1.5092046899040357e-05,0.0009569377990432,3.192548382489306e-06,0.0004784688995216,1.2123557366667572e-05,0.0028708133971293,1.0639699576042694e-05,0.0033492822966507,5.378960305042588e-06,0.0038277511961724,2.0509704760234327e-06,0.0043062200956938,9.46155247901376e-06,0.0047846889952154,0.0001391838871852,1,2,1,2,1
872,38,10:23:39,4,0.0023923444976077,712325.0,0.0026315789473683,0.0023923444976077,7.875068769475409e-05,0.0019138755980863,1.713914761944865e-06,0.0014354066985646,1.5517720016705597e-05,0.0009569377990432,2.7320474642878186e-05,0.0004784688995216,1.3032949936225131e-05,0.0028708133971293,1.011728256799899e-05,0.0033492822966507,5.378960305042588e-06,0.0038277511961724,2.0509704760234327e-06,0.0043062200956938,9.46155247901376e-06,0.0047846889952154,0.0001392806310756,1,1,1,2,2
873,38,10:23:42,4,0.0028708133971293,494488.0,0.0026315789473683,0.0023923444976077,7.55000929780377e-05,0.0019138755980863,3.803582794119683e-06,0.0014354066985646,1.9580963412601075e-05,0.0009569377990432,2.8694237886252367e-05,0.0004784688995216,1.4155179064615313e-05,0.0028708133971293,8.80156565885188e-06,0.0033492822966507,5.378960305042588e-06,0.0038277511961724,2.0509704760234327e-06,0.0043062200956938,9.46155247901376e-06,0.0047846889952154,0.000139396723744,1,1,2,2,2
874,38,10:23:45,4,0.0028708133971293,771067.0,0.0026315789473683,0.0023923444976077,7.045006190028189e-05,0.0019138755980863,5.409531374402182e-06,0.0014354066985646,1.961966096875246e-05,0.0009569377990432,2.8945772001236373e-05,0.0004784688995216,1.4309969289220854e-05,0.0028708133971293,6.731246404752755e-06,0.0033492822966507,5.378960305042588e-06,0.0038277511961724,2.0509704760234327e-06,0.0043062200956938,9.46155247901376e-06,0.0047846889952154,0.0001394741188563,1,2,1,2,2
875,38,10:23:48,4,0.0028708133971293,3042071.0,0.0026315789473683,0.0023923444976077,4.572232351954654e-05,0.0019138755980863,6.144784941278507e-06,0.0014354066985646,1.981314874950939e-05,0.0009569377990432,2.828791354666282e-05,0.0004784688995216,1.4793688741113172e-05,0.0028708133971293,4.196556476837003e-06,0.0033492822966507,5.378960305042588e-06,0.0038277511961724,2.0509704760234327e-06,0.0043062200956938,9.46155247901376e-06,0.0047846889952154,0.0001416411820008,1,2,1,2,2
876,38,10:23:51,4,0.0028708133971293,741790.0,0.0031100478468899,0.0028708133971293,4.084720539559499e-06,0.0023923444976077,4.587711374415208e-05,0.0019138755980863,5.815855713991731e-06,0.0014354066985646,1.981314874950939e-05,0.0009569377990432,2.7765496538619116e-05,0.0033492822966507,4.953287187377347e-06,0.0038277511961724,2.0509704760234327e-06,0.0043062200956938,9.46155247901376e-06,0.0047846889952154,0.0001417959722254,0.005263157894737,1.3969817770650175e-05,1,1,1,2,2
877,38,10:23:54,4,0.0028708133971293,622552.0,0.0031100478468899,0.0028708133971293,8.418846828514678e-06,0.0023923444976077,4.779264277364566e-05,0.0019138755980863,5.777158157840345e-06,0.0014354066985646,1.547902246055421e-05,0.0009569377990432,2.745591608940803e-05,0.0033492822966507,4.179336064349637e-06,0.0038277511961724,2.147714366401897e-06,0.0043062200956938,9.771132928224844e-06,0.0047846889952154,0.0001423334812804,0.005263157894737,1.2499310636897524e-05,1,1,1,2,2
878,38,10:23:57,4,0.0033492822966507,1716489.0,0.0031100478468899,0.0028708133971293,3.3666873851705405e-06,0.0023923444976077,4.440873497598776e-05,0.0019138755980863,4.693626585601551e-06,0.0014354066985646,1.5304883457872977e-05,0.0009569377990432,2.78041940947705e-05,0.0033492822966507,3.4634312755490046e-06,0.0038277511961724,2.147714366401897e-06,0.0043062200956938,9.771132928224844e-06,0.0047846889952154,0.0001425269690611,0.005263157894737,1.2499310636897524e-05,1,2,1,2,2
879,38,10:24:00,4,0.0028708133971293,2841444.0,0.0031100478468899,0.0028708133971293,5.611145641950901e-07,0.0023923444976077,2.912320029619048e-05,0.0019138755980863,4.558185139071701e-06,0.0014354066985646,1.5246837123645898e-05,0.0009569377990432,2.78041940947705e-05,0.0033492822966507,1.064182794163102e-06,0.0038277511961724,4.353475067030872e-06,0.0043062200956938,1.01581084897387e-05,0.0047846889952154,0.0001459710515586,0.005263157894737,1.2499310636897524e-05,2,2,0,2,2
880,38,10:24:03,4,0.0028708133971293,838433.0,0.0026315789473683,0.0023923444976077,2.914254907426617e-05,0.0019138755980863,4.577533917147394e-06,0.0014354066985646,1.5246837123645898e-05,0.0009569377990432,2.7746147760543423e-05,0.0004784688995216,2.290082675482844e-05,0.0028708133971293,2.4766435936886736e-06,0.0033492822966507,1.7413900268123485e-07,0.0038277511961724,4.353475067030872e-06,0.0043062200956938,9.829179262451924e-06,0.0047846889952154,0.0001471319782431,2,0,1,2,2
881,38,10:24:06,4,0.0033492822966507,3504774.0,0.0035885167464115,0.0033492822966507,3.2892922728677695e-07,0.0028708133971293,9.674389037846382e-07,0.0023923444976077,2.29122425338931e-05,0.0019138755980863,3.115153270186535e-06,0.0014354066985646,1.5246837123645898e-05,0.0038277511961724,4.508265291636414e-06,0.0043062200956938,1.0796618166236562e-05,0.0047846889952154,0.0001473879625771,0.005263157894737,1.2499310636897524e-05,0.0057416267942584,2.246780110149444e-06,1,1,0,2,1
882,38,10:24:09,4,0.0028708133971293,775471.0,0.0026315789473683,0.0023923444976077,2.126759639745921e-05,0.0019138755980863,3.3086410509434626e-06,0.0014354066985646,1.5246837123645898e-05,0.0009569377990432,2.7630055092089265e-05,0.0004784688995216,2.2707338974071517e-05,0.0028708133971293,5.611145641950901e-07,0.0033492822966507,3.869755615138552e-08,0.0038277511961724,4.508265291636414e-06,0.0043062200956938,1.0796618166236562e-05,0.0047846889952154,0.0001473879625771,2,2,1,2,2
883,38,10:24:12,4,0.0028708133971293,1224775.0,0.0026315789473683,0.0023923444976077,2.1074108616702287e-05,0.0019138755980863,3.347338607094848e-06,0.0014354066985646,1.5246837123645898e-05,0.0009569377990432,2.739786975518095e-05,0.0004784688995216,2.3539336431326306e-05,0.0028708133971293,4.4502189574093364e-07,0.0043062200956938,1.0796618166236562e-05,0.0047846889952154,0.0001471557772402,0.005263157894737,1.2499310636897524e-05,0.0057416267942584,2.653104449738992e-06,2,2,2,2,2
884,38,10:24:15,4,0.0033492822966507,1326807.0,0.0038277511961721,0.0033492822966507,2.708828930596987e-07,0.0028708133971293,1.354414465298493e-06,0.0023923444976077,1.4708360629799368e-05,0.0019138755980863,3.347338607094848e-06,0.0014354066985646,1.5246837123645898e-05,0.0043062200956938,9.59699392554361e-06,0.0047846889952154,0.0001471557772402,0.005263157894737,1.2499310636897524e-05,0.0057416267942584,2.653104449738992e-06,0.0062200956937801,6.520538211508461e-06,2,0,2,2,1
885,38,10:24:18,4,0.0033492822966507,922783.0,0.0038277511961721,0.0033492822966507,1.3544144652984934e-07,0.0028708133971293,1.8961802514178909e-06,0.0023923444976077,1.4901848410556297e-05,0.0019138755980863,3.347338607094848e-06,0.0014354066985646,1.9116592738784448e-05,0.0043062200956938,9.577645147467915e-06,0.0047846889952154,2.101683623359824e-05,0.005263157894737,8.629555021758972e-06,0.0057416267942584,2.653104449738992e-06,0.0062200956937801,6.520538211508461e-06,0,0,1,2,1
886,38,10:24:21,4,0.0028708133971293,1086506.0,0.0031100478468899,0.0028708133971293,1.141577906465873e-06,0.0023923444976077,1.5134033747464609e-05,0.0019138755980863,3.15385082633792e-06,0.0014354066985646,1.9116592738784448e-05,0.0009569377990432,2.764940387016496e-05,0.0033492822966507,7.546023449520178e-07,0.0043062200956938,1.6349717473960386e-05,0.0047846889952154,2.2255158030442573e-05,0.005263157894737,8.629555021758972e-06,0.0057416267942584,2.753718095732594e-06,1,1,1,2,1
887,38,10:24:24,4,0.0038277511961724,610078.0,0.0035885167464115,0.0033492822966507,3.869755615138552e-08,0.0028708133971293,9.674389037846382e-07,0.0023923444976077,1.416659484367997e-05,0.0019138755980863,3.15385082633792e-06,0.0014354066985646,1.9116592738784448e-05,0.0038277511961724,1.780087582963734e-06,0.0043062200956938,1.5633812685159752e-05,0.0047846889952154,2.2255158030442573e-05,0.005263157894737,8.629555021758972e-06,0.0057416267942584,2.753718095732594e-06,1,1,2,1,1
888,38,10:24:27,4,0.0047846889952154,11118365.0,0.0050239234449762,0.0047846889952154,1.861275055769341e-05,0.0043062200956938,1.218973018768644e-06,0.0033492822966507,4.256731176652408e-07,0.0028708133971293,1.218973018768644e-06,0.0014354066985646,1.6697995479322855e-05,0.005263157894737,8.629555021758972e-06,0.0057416267942584,2.753718095732594e-06,0.0062200956937801,6.520538211508461e-06,0.0066985645933015,6.385096764978612e-06,0.0071770334928231,1.448023853628695e-05,0,0,2,0,1
889,38,10:24:30,4,0.0047846889952154,1709404.0,0.0050239234449762,0.0047846889952154,2.9402403163822723e-06,0.0043062200956938,2.2444582567803605e-06,0.0033492822966507,1.1996242406929513e-06,0.0028708133971293,1.7413900268123486e-06,0.0023923444976077,3.869755615138553e-07,0.005263157894737,8.552159909456201e-06,0.0057416267942584,2.753718095732594e-06,0.0062200956937801,6.520538211508461e-06,0.0066985645933015,6.385096764978612e-06,0.0071770334928231,1.448023853628695e-05,0,0,2,0,0
890,38,10:24:33,4,0.0023923444976077,1157798.0,0.001913875598086,0.0014354066985646,1.7007575928533937e-05,0.0009569377990432,2.9448840231204383e-05,0.0004784688995216,2.450677533511094e-05,0.0,3.424965904734527e-05,-0.0004784688995214,7.206452394291769e-06,0.0023923444976077,8.087789235639574e-06,0.0028708133971293,1.934877807569276e-08,0.0033492822966507,1.218973018768644e-06,0.0038277511961724,4.7992709138948325e-06,0.0043062200956938,5.8046334227078287e-08,2,1,2,2,2
891,38,10:24:36,4,0.0038277511961724,1666102.0,0.0035885167464115,0.0033492822966507,3.523412487583652e-05,0.0023923444976077,1.9348778075692766e-07,0.0014354066985646,1.7007575928533937e-05,0.0009569377990432,2.9448840231204383e-05,0.0004784688995216,2.450677533511094e-05,0.0038277511961724,3.251368667839412e-06,0.0043062200956938,6.385096764978611e-07,0.0047846889952154,3.753662946684396e-06,0.005263157894737,8.552159909456201e-06,0.0057416267942584,2.753718095732594e-06,0,0,2,1,1
892,38,10:24:39,4,0.0033492822966507,2626158.0,0.0035885167464115,0.0033492822966507,1.81878513911512e-05,0.0023923444976077,1.9348778075692766e-07,0.0014354066985646,1.7007575928533937e-05,0.0009569377990432,2.9448840231204383e-05,0.0004784688995216,2.450677533511094e-05,0.0038277511961724,1.9348778075692766e-07,0.0043062200956938,1.1609266845415657e-07,0.0047846889952154,0.000129545099899,0.005263157894737,8.552159909456201e-06,0.0057416267942584,2.8698107641867506e-06,1,0,2,1,1
893,38,10:24:42,4,0.0038277511961724,2754915.0,0.004306220095694,0.0038277511961724,1.0061364599360235e-06,0.0033492822966507,1.946487074414692e-05,0.0028708133971293,4.06324339589548e-07,0.0023923444976077,8.12648679179096e-07,0.0014354066985646,1.7975014832318577e-05,0.0047846889952154,0.0001090353951388,0.005263157894737,8.552159909456201e-06,0.0057416267942584,2.8698107641867506e-06,0.0062200956937801,6.423794321129997e-06,0.0066985645933015,6.385096764978612e-06,0,2,2,1,0
894,38,10:24:45,4,0.0023923444976077,2831853.0,0.0028708133971293,0.0023923444976077,3.941346094018616e-05,0.0014354066985646,1.470816714201861e-05,0.0009569377990432,2.9448840231204383e-05,0.0004784688995216,2.8066950501038407e-05,0.0,4.015103636043157e-05,0.0033492822966507,4.7211018504690345e-06,0.0038277511961724,9.674389037846383e-08,0.0043062200956938,1.0254852380117164e-06,0.0047846889952154,0.0001103008052249,0.005263157894737,8.552159909456201e-06,0,2,2,2,1
895,38,10:24:48,4,0.0033492822966507,406632.0,0.0031100478468899,0.0028708133971293,4.837194518923191e-07,0.0023923444976077,3.9742390167472935e-05,0.0014354066985646,1.4611423251640146e-05,0.0009569377990432,2.983581579271824e-05,0.0004784688995216,2.8066950501038407e-05,0.0033492822966507,4.817845740847498e-06,0.0038277511961724,6.578584545735539e-06,0.0043062200956938,1.8961802514178909e-06,0.0047846889952154,0.0001150722138984,0.005263157894737,8.552159909456201e-06,0,1,2,2,0
896,38,10:24:51,4,0.0023923444976077,14193086.0,0.0026315789473683,0.0023923444976077,2.7417218533256644e-05,0.0014354066985646,1.4611423251640146e-05,0.0009569377990432,2.983581579271824e-05,0.0004784688995216,2.8066950501038407e-05,0.0,3.962861935238786e-05,0.0028708133971293,7.739511230277106e-08,0.0033492822966507,7.739511230277106e-08,0.0038277511961724,1.934877807569276e-08,0.0043062200956938,5.804633422707829e-07,0.0047846889952154,1.728348950389332e-05,0,2,2,2,0
897,38,10:24:54,4,0.0047846889952154,1252625.0,0.0035885167464115,0.0023923444976077,2.5540387059914447e-05,0.0014354066985646,1.4611423251640146e-05,0.0009569377990432,2.983581579271824e-05,0.0004784688995216,2.708016281917808e-05,0.0,3.962861935238786e-05,0.0047846889952154,1.471010201982618e-05,0.005263157894737,8.648903799834665e-06,0.0057416267942584,2.5408815368999734e-06,0.0062200956937801,6.423794321129997e-06,0.0066985645933015,6.385096764978612e-06,0,2,2,2,0
898,38,10:24:57,4,0.0023923444976077,1791574.0,0.0026315789473683,0.0023923444976077,1.323456420377385e-05,0.0014354066985646,1.4611423251640146e-05,0.0009569377990432,3.080325469650288e-05,0.0004784688995216,2.708016281917808e-05,0.0,3.951252668393371e-05,0.0028708133971293,9.674389037846383e-08,0.0038277511961724,1.141577906465873e-06,0.0043062200956938,1.9348778075692764e-06,0.0047846889952154,1.4768148354053258e-05,0.005263157894737,8.648903799834665e-06,2,2,2,2,0
899,38,10:25:00,4,0.0047846889952154,4151393.0,0.001913875598086,0.0014354066985646,1.4108355021672136e-05,0.0009569377990432,3.080325469650288e-05,0.0004784688995216,2.717690670955654e-05,0.0,4.011233880428018e-05,-0.0004784688995214,6.335757380885595e-06,0.0023923444976077,1.0061364599360235e-06,0.0047846889952154,1.3645919225663078e-05,0.005263157894737,8.648903799834665e-06,0.0057416267942584,2.5408815368999734e-06,0.0062200956937801,6.423794321129997e-06,2,2,2,2,0
900,38,10:25:03,4,0.0023923444976077,557227.0,0.001913875598086,0.0014354066985646,9.909670179246806e-06,0.0009569377990432,3.080325469650288e-05,0.0004784688995216,2.717690670955654e-05,0.0,4.011233880428018e-05,-0.0004784688995214,6.335757380885595e-06,0.0023923444976077,4.837194518923191e-07,0.0028708133971293,9.674389037846383e-08,0.0033492822966507,3.095804492110842e-07,0.0038277511961724,1.3544144652984934e-07,0.0043062200956938,6.772072326492467e-07,2,2,2,2,0
901,38,10:25:06,4,0.0023923444976077,1108710.0,0.001913875598086,0.0014354066985646,8.593953270099697e-06,0.0009569377990432,3.0861301030729954e-05,0.0004784688995216,2.698341892879961e-05,0.0,4.16602410503356e-05,-0.0004784688995214,6.335757380885595e-06,0.0023923444976077,4.4115214012579495e-06,0.0038277511961724,1.934877807569276e-08,0.0043062200956938,2.9023167113539144e-07,0.0047846889952154,1.530585089677676e-05,0.005263157894737,8.648903799834665e-06,2,2,2,2,0
902,38,10:25:09,4,0.0023923444976077,4415364.0,0.0021531100478469,0.0019138755980863,1.47050713375265e-06,0.0014354066985646,3.6406660827223503e-06,0.0009569377990432,1.1512522955037194e-05,0.0004784688995216,2.698341892879961e-05,0.0,4.16602410503356e-05,0.0023923444976077,3.869755615138552e-08,0.0038277511961724,3.6182215001545462e-06,0.0043062200956938,3.482780053624697e-07,0.0047846889952154,1.355381904202278e-06,0.005263157894737,8.648903799834665e-06,2,2,2,2,0
903,38,10:25:12,4,0.0047846889952154,3114003.0,0.0050239234449762,0.0047846889952154,1.0718255615030004e-05,0.0033492822966507,4.256731176652408e-07,0.0028708133971293,2.0122729198720474e-06,0.0023923444976077,3.792360502835781e-06,0.0019138755980863,1.4898559118283427e-06,0.005263157894737,8.648903799834665e-06,0.0057416267942584,2.5408815368999734e-06,0.0062200956937801,6.423794321129997e-06,0.0066985645933015,6.172260206145991e-06,0.0071770334928231,1.3725636191334932e-05,2,2,1,1,0
904,38,10:25:15,4,0.0047846889952154,677210.0,0.0050239234449762,0.0047846889952154,4.710846998088917e-06,0.0033492822966507,4.256731176652408e-07,0.0028708133971293,2.109016810250511e-06,0.0023923444976077,4.049699251242496e-05,0.0019138755980863,1.6059485802824992e-06,0.005263157894737,8.610206243683279e-06,0.0057416267942584,2.734369317656901e-06,0.0062200956937801,6.423794321129997e-06,0.0066985645933015,6.172260206145991e-06,0.0071770334928231,1.3532148410578005e-05,2,2,1,1,0
905,38,10:25:18,4,0.0028708133971293,964084.0,0.0031100478468899,0.0028708133971293,2.3295928803134087e-05,0.0023923444976077,4.3438006779930255e-05,0.0019138755980863,3.734314168608704e-06,0.0014354066985646,1.2483057663313942e-05,0.0009569377990432,1.1435127842734423e-05,0.0033492822966507,4.383078697486681e-06,0.0047846889952154,2.877550275417028e-06,0.005263157894737,8.939135470970056e-06,0.0057416267942584,2.734369317656901e-06,0.0062200956937801,6.423794321129997e-06,2,2,2,1,0
906,38,10:25:21,4,0.0047846889952154,2195947.0,0.0038277511961724,0.0028708133971293,2.3295928803134087e-05,0.0023923444976077,4.519874558481829e-05,0.0019138755980863,3.831058058987167e-06,0.0014354066985646,1.2076733323724394e-05,0.0009569377990432,1.1319035174280268e-05,0.0047846889952154,7.0671411921467815e-06,0.005263157894737,8.513462353304815e-06,0.0057416267942584,2.734369317656901e-06,0.0062200956937801,6.423794321129997e-06,0.0066985645933015,6.172260206145991e-06,2,2,2,1,0
907,38,10:25:24,4,0.0062200956937801,3433702.0,0.0064593301435407,0.0062200956937801,3.781196257886107e-05,0.005263157894737,4.159987286273944e-06,0.0038277511961724,1.3544144652984934e-07,0.0033492822966507,3.7149653905330095e-06,0.0028708133971293,2.3295928803134087e-05,0.0066985645933015,3.269943494792077e-06,0.0071770334928231,1.3532148410578005e-05,0.0076555023923445,9.422854922862376e-06,0.0081339712918662,1.8845709845724752e-06,0.0086124401913876,1.799436361039427e-06,0,1,0,0,0
908,38,10:25:27,4,0.0062200956937801,778951.0,0.0064593301435407,0.0062200956937801,3.064517517962447e-05,0.005263157894737,4.779148184696112e-06,0.0047846889952154,1.9387475631844148e-05,0.0043062200956938,5.804633422707829e-07,0.0038277511961724,1.3544144652984934e-07,0.0066985645933015,3.289292272867769e-06,0.0071770334928231,1.3532148410578005e-05,0.0076555023923445,9.422854922862376e-06,0.0081339712918662,1.7878270941940113e-06,0.0086124401913876,1.799436361039427e-06,0,0,0,0,0
909,38,10:25:30,4,0.0062200956937801,2203946.0,0.0064593301435407,0.0062200956937801,1.0425702090525533e-05,0.0057416267942584,7.739511230277106e-08,0.005263157894737,5.185472524285661e-06,0.0047846889952154,2.906186466969053e-05,0.0043062200956938,5.804633422707829e-07,0.0066985645933015,3.4827800536246973e-06,0.0071770334928231,1.5273538437390354e-05,0.0076555023923445,9.422854922862376e-06,0.0081339712918662,1.729780759966933e-06,0.0086124401913876,1.799436361039427e-06,1,0,0,0,0
910,38,10:25:33,4,0.0066985645933015,784537.0,0.0064593301435407,0.0062200956937801,5.491763681223877e-06,0.0057416267942584,7.739511230277106e-08,0.005263157894737,5.378960305042588e-06,0.0047846889952154,6.514733578085754e-05,0.0043062200956938,5.804633422707829e-07,0.0066985645933015,1.1996242406929513e-06,0.0071770334928231,1.2912987512155837e-05,0.0076555023923445,9.422854922862376e-06,0.0081339712918662,1.729780759966933e-06,0.0086124401913876,1.799436361039427e-06,1,1,0,0,0
911,38,10:25:36,4,0.005263157894737,1835307.0,0.0055023923444976,0.005263157894737,3.50212883170039e-06,0.0047846889952154,6.669523802691296e-05,0.0038277511961724,1.3544144652984934e-07,0.0033492822966507,6.094865093843221e-06,0.0028708133971293,2.583061873104984e-05,0.0057416267942584,2.708828930596987e-07,0.0062200956937801,4.256731176652408e-07,0.0066985645933015,9.900769741331986e-07,0.0071770334928231,1.2912987512155837e-05,0.0076555023923445,9.422854922862376e-06,1,1,0,0,0
912,38,10:25:39,4,0.005263157894737,105120.0,0.0057416267942584,0.005263157894737,3.3086410509434626e-06,0.0047846889952154,6.688872580766988e-05,0.0038277511961724,2.9023167113539144e-07,0.0033492822966507,6.094865093843221e-06,0.0028708133971293,2.584996750912553e-05,0.0062200956937801,1.0196806045890084e-05,0.0066985645933015,5.575737378072384e-06,0.0071770334928231,1.2971807797505942e-05,0.0076555023923445,9.24871592018114e-06,0.0081339712918662,1.729780759966933e-06,1,1,0,0,0
913,38,10:25:42,4,0.0062200956937801,591385.0,0.0057416267942584,0.005263157894737,5.34800226012148e-07,0.0047846889952154,6.698546969804834e-05,0.0038277511961724,3.482780053624697e-07,0.0033492822966507,6.114213871918913e-06,0.0028708133971293,2.6236943070639387e-05,0.0062200956937801,9.190669585954062e-06,0.0066985645933015,5.69183004652654e-06,0.0071770334928231,1.2971807797505942e-05,0.0076555023923445,9.24871592018114e-06,0.0081339712918662,1.729780759966933e-06,1,0,0,0,0
914,38,10:25:45,4,0.0057416267942584,1044601.0,0.005980861244019,0.0057416267942584,4.4502189574093364e-07,0.005263157894737,5.804633422707829e-07,0.0047846889952154,6.392139720198163e-05,0.0038277511961724,3.482780053624697e-07,0.0033492822966507,6.30770165267584e-06,0.0062200956937801,4.198684842425329e-06,0.0066985645933015,5.807922714980696e-06,0.0071770334928231,1.2971807797505942e-05,0.0076555023923445,9.442203700938067e-06,0.0081339712918662,1.729780759966933e-06,0,1,1,0,0
915,38,10:25:48,4,0.0062200956937801,382611.0,0.005980861244019,0.0057416267942584,9.287413476332526e-07,0.005263157894737,2.186411922553282e-06,0.0047846889952154,6.40374898704358e-05,0.0038277511961724,3.482780053624697e-07,0.0033492822966507,5.940074869237678e-06,0.0062200956937801,6.733374770341081e-06,0.0066985645933015,5.827271493056389e-06,0.0071770334928231,1.2971807797505942e-05,0.0076555023923445,9.442203700938067e-06,0.0081339712918662,1.729780759966933e-06,1,0,1,0,0
916,38,10:25:51,4,0.005263157894737,1195759.0,0.0050239234449762,0.0047846889952154,6.363116553084625e-05,0.0038277511961724,3.482780053624697e-07,0.0033492822966507,5.940074869237678e-06,0.0028708133971293,2.6778708856758783e-05,0.0023923444976077,5.752391721903458e-05,0.005263157894737,1.547902246055421e-07,0.0057416267942584,1.780087582963734e-06,0.0062200956937801,4.779148184696112e-06,0.0066985645933015,6.369037279175787e-06,0.0071770334928231,1.693830730302296e-05,1,1,1,0,0
917,38,10:25:54,4,0.005263157894737,812884.0,0.005980861244019,0.0057416267942584,1.3350656872228009e-06,0.005263157894737,8.962354004660887e-07,0.0047846889952154,6.42890239854198e-05,0.0038277511961724,4.06324339589548e-07,0.0033492822966507,6.327050430751533e-06,0.0062200956937801,6.269004096524455e-06,0.0066985645933015,6.369037279175787e-06,0.0071770334928231,1.693830730302296e-05,0.0076555023923445,9.442203700938067e-06,0.0081339712918662,2.116756321480788e-06,0,0,1,0,0
918,38,10:25:57,4,0.0047846889952154,3069073.0,0.0052631578947368,0.0047846889952154,4.709415188511316e-05,0.0038277511961724,4.06324339589548e-07,0.0033492822966507,8.26192823832081e-06,0.0028708133971293,2.6778708856758783e-05,0.0023923444976077,5.7581963553261664e-05,0.0057416267942584,5.030682299680119e-07,0.0062200956937801,3.889104393214245e-06,0.0066985645933015,6.369037279175787e-06,0.0071770334928231,1.7247887752234042e-05,0.0076555023923445,9.403506144786684e-06,1,0,1,0,0
919,38,10:26:00,4,0.0047846889952154,2070679.0,0.0050239234449762,0.0047846889952154,4.662978121129653e-05,0.0038277511961724,5.417657861193974e-07,0.0033492822966507,7.294489334536172e-06,0.0028708133971293,2.668196496638032e-05,0.0023923444976077,5.7581963553261664e-05,0.005263157894737,5.030682299680119e-07,0.0062200956937801,3.869755615138552e-08,0.0066985645933015,6.25294461072163e-06,0.0071770334928231,1.7247887752234042e-05,0.0076555023923445,9.403506144786684e-06,1,0,1,0,0
920,38,10:26:03,4,0.0062200956937801,1414182.0,0.0064593301435407,0.0062200956937801,1.1918847294626742e-05,0.0057416267942584,5.804633422707829e-07,0.005263157894737,6.772072326492467e-07,0.0047846889952154,4.049621856130192e-05,0.0038277511961724,5.417657861193974e-07,0.0066985645933015,5.2661569288613e-06,0.0071770334928231,1.7538119423369435e-05,0.0076555023923445,9.403506144786684e-06,0.0081339712918662,4.245121909806992e-06,0.0086124401913876,1.7026924706609631e-06,0,0,0,0,0
921,38,10:26:06,4,0.0057416267942584,1808408.0,0.0055023923444976,0.005263157894737,2.3992484813859025e-06,0.0047846889952154,4.068970634205885e-05,0.0038277511961724,5.611145641950901e-07,0.0033492822966507,7.294489334536172e-06,0.0028708133971293,2.687545274713725e-05,0.0057416267942584,1.722041248736656e-06,0.0062200956937801,1.8381339171908123e-06,0.0066985645933015,6.098154386116088e-06,0.0071770334928231,1.7538119423369435e-05,0.0076555023923445,9.403506144786684e-06,1,0,1,0,0
922,38,10:26:09,4,0.0057416267942584,710118.0,0.0052631578947368,0.0047846889952154,3.865808464411111e-05,0.0038277511961724,4.256731176652408e-07,0.0033492822966507,7.294489334536172e-06,0.0028708133971293,2.689480152521294e-05,0.0023923444976077,5.762066110941305e-05,0.0057416267942584,3.4053849413219262e-06,0.0062200956937801,3.231245938640692e-06,0.0066985645933015,5.595086156148076e-06,0.0071770334928231,1.7634863313747897e-05,0.0076555023923445,9.403506144786684e-06,0,0,0,0,0
923,38,10:26:12,4,0.0047846889952154,438959.0,0.0050239234449762,0.0047846889952154,3.591055815736274e-05,0.0038277511961724,4.4502189574093364e-07,0.0033492822966507,7.294489334536172e-06,0.0028708133971293,2.6914150303288635e-05,0.0023923444976077,5.752391721903458e-05,0.005263157894737,1.2770193529957225e-06,0.0057416267942584,3.985848283592709e-06,0.0062200956937801,3.5601751659274685e-05,0.0066985645933015,1.9058546404557368e-06,0.0071770334928231,1.7634863313747897e-05,0,1,1,0,0
924,38,10:26:15,4,0.005263157894737,1136132.0,0.0055023923444976,0.005263157894737,1.780087582963734e-06,0.0047846889952154,2.745591608940803e-05,0.0038277511961724,3.869755615138553e-07,0.0033492822966507,7.294489334536172e-06,0.0028708133971293,2.6914150303288635e-05,0.0057416267942584,6.152911428070298e-06,0.0062200956937801,3.8349278146023054e-05,0.0066985645933015,4.440544568371489e-06,0.0071770334928231,1.7634863313747897e-05,0.0076555023923445,1.133838395235596e-05,0,1,0,0,0
925,38,10:26:18,4,0.0047846889952154,2319190.0,0.0050239234449762,0.0047846889952154,2.3508765361966708e-05,0.0043062200956938,1.7413900268123485e-07,0.0038277511961724,3.869755615138553e-07,0.0033492822966507,7.546023449520177e-06,0.0028708133971293,4.62629283789814e-05,0.005263157894737,6.191608984221684e-07,0.0057416267942584,6.8107698826438525e-06,0.0062200956937801,3.827188303372028e-05,0.0066985645933015,4.575986014901338e-06,0.0071770334928231,1.8795789998289464e-05,0,1,1,0,0
926,38,10:26:21,4,0.0047846889952154,798190.0,0.0052631578947368,0.0047846889952154,2.049035598215864e-05,0.0043062200956938,1.7413900268123485e-07,0.0038277511961724,4.06324339589548e-07,0.0033492822966507,7.546023449520177e-06,0.0028708133971293,4.62629283789814e-05,0.0057416267942584,9.480901257089452e-06,0.0062200956937801,3.856211470485568e-05,0.0066985645933015,4.575986014901338e-06,0.0071770334928231,1.8795789998289464e-05,0.0076555023923445,1.133838395235596e-05,0,1,0,0,0
927,38,10:26:24,4,0.0028708133971293,3928294.0,0.0040669856459329,0.0038277511961724,1.9348778075692766e-07,0.0028708133971293,4.614683571052724e-05,0.0023923444976077,5.7581963553261664e-05,0.0019138755980863,1.8381339171908123e-06,0.0014354066985646,1.1147991976091142e-05,0.0043062200956938,5.804633422707829e-07,0.0047846889952154,1.9658358524903847e-05,0.005263157894737,1.064182794163102e-06,0.0057416267942584,8.107138013715267e-06,0.0062200956937801,3.970369261132155e-05,1,2,1,0,0
928,38,10:26:27,4,0.0028708133971293,1369089.0,0.0038277511961724,0.0028708133971293,4.5972696707846e-05,0.0023923444976077,5.849135612281922e-05,0.0019138755980863,1.8381339171908123e-06,0.0014354066985646,1.1147991976091142e-05,0.0009569377990432,1.0409642604722706e-05,0.0047846889952154,1.6910832038155475e-05,0.005263157894737,2.302504591007439e-06,0.0057416267942584,1.106750105929626e-05,0.0062200956937801,4.001327306053263e-05,0.0066985645933015,4.401847012220104e-06,2,2,1,0,0
929,38,10:26:30,4,0.0047846889952154,1163256.0,0.0038277511961724,0.0028708133971293,4.5276140697121066e-05,0.0023923444976077,5.849135612281922e-05,0.0019138755980863,1.8381339171908123e-06,0.0014354066985646,1.1147991976091142e-05,0.0009569377990432,1.0409642604722706e-05,0.0047846889952154,1.1918847294626742e-05,0.005263157894737,2.3218533690831315e-06,0.0057416267942584,1.414395677333141e-05,0.0062200956937801,3.827188303372028e-05,0.0066985645933015,4.479242124522874e-06,2,2,1,0,0
930,38,10:26:33,4,0.0038277511961724,363046.0,0.0033492822966507,0.0028708133971293,4.417326034680658e-05,0.0023923444976077,5.812372933938106e-05,0.0019138755980863,1.8381339171908123e-06,0.0014354066985646,1.1147991976091142e-05,0.0009569377990432,1.0409642604722706e-05,0.0038277511961724,5.998121203464756e-07,0.0043062200956938,1.3544144652984934e-07,0.0047846889952154,1.0583781607403942e-05,0.005263157894737,3.231245938640692e-06,0.0057416267942584,1.5304883457872977e-05,2,2,1,0,0
931,38,10:26:36,4,0.0028708133971293,3548855.0,0.0033492822966507,0.0028708133971293,2.443750670959996e-05,0.0023923444976077,5.810438056130537e-05,0.0019138755980863,1.8381339171908123e-06,0.0014354066985646,1.1147991976091142e-05,0.0009569377990432,1.0409642604722706e-05,0.0038277511961724,4.643706738166263e-07,0.0043062200956938,9.867876818603309e-07,0.0047846889952154,2.9410142675053e-06,0.005263157894737,3.231245938640692e-06,0.0057416267942584,1.5846649243992373e-05,2,2,1,0,0
932,38,10:26:39,4,0.0043062200956938,759475.0,0.0040669856459329,0.0033492822966507,7.042955219552166e-06,0.0028708133971293,2.296699957584731e-05,0.0023923444976077,5.820112445168383e-05,0.0019138755980863,1.8381339171908123e-06,0.0014354066985646,1.1147991976091142e-05,0.0047846889952154,3.753662946684396e-06,0.005263157894737,2.283155812931746e-06,0.0057416267942584,1.834264161575674e-05,0.0062200956937801,3.732379290801134e-05,0.0066985645933015,4.479242124522874e-06,2,1,1,0,0
933,38,10:26:42,4,0.0043062200956938,1388410.0,0.0045454545454544,0.0043062200956938,2.3218533690831315e-06,0.0033492822966507,8.165184347942346e-06,0.0028708133971293,2.198021189398698e-05,0.0023923444976077,5.8220473229759525e-05,0.0019138755980863,1.8381339171908123e-06,0.0047846889952154,1.5962741912446528e-05,0.005263157894737,2.6701313744456013e-06,0.0057416267942584,1.8594175730740745e-05,0.0062200956937801,3.774946602567658e-05,0.0066985645933015,8.348997739661427e-06,1,1,0,0,0
934,38,10:26:45,4,0.0047846889952154,3456969.0,0.0050239234449762,0.0047846889952154,6.152911428070298e-06,0.0038277511961724,3.482780053624697e-07,0.0033492822966507,8.223230682169424e-06,0.0028708133971293,2.269611668278761e-05,0.0023923444976077,5.897507557471154e-05,0.005263157894737,1.9348778075692766e-07,0.0057416267942584,1.5459673682478518e-05,0.0062200956937801,3.6046773555015616e-05,0.0066985645933015,8.348997739661427e-06,0.0071770334928231,1.881513877636516e-05,1,0,0,0,0
935,38,10:26:48,4,0.0047846889952154,304501.0,0.0050239234449762,0.0047846889952154,5.1467749681342745e-06,0.0043062200956938,1.4124607995255717e-06,0.0038277511961724,3.869755615138553e-07,0.0033492822966507,1.4975954230586198e-05,0.0028708133971293,2.2812209351241767e-05,0.005263157894737,1.7413900268123485e-07,0.0057416267942584,1.5304883457872977e-05,0.0062200956937801,3.565979799350176e-05,0.0066985645933015,8.290951405434348e-06,0.0071770334928231,1.881513877636516e-05,1,0,0,0,0
936,38,10:26:51,4,0.0047846889952154,821127.0,0.0050239234449762,0.0047846889952154,3.985848283592709e-06,0.0043062200956938,5.437006639269666e-06,0.0038277511961724,1.5092046899040356e-06,0.0033492822966507,1.7104319818912402e-05,0.0028708133971293,2.3276580025058394e-05,0.005263157894737,5.8046334227078287e-08,0.0057416267942584,1.5382278570175746e-05,0.0062200956937801,3.536956632236637e-05,0.0066985645933015,8.484439186191277e-06,0.0071770334928231,1.881513877636516e-05,1,0,0,0,0
937,38,10:26:54,4,0.005263157894737,544070.0,0.0055023923444976,0.005263157894737,3.85040683706286e-06,0.0047846889952154,5.243518858512739e-06,0.0043062200956938,9.422854922862376e-06,0.0038277511961724,1.5092046899040356e-06,0.0033492822966507,1.7201063709290868e-05,0.0057416267942584,1.5227488345570205e-05,0.0062200956937801,3.546631021274484e-05,0.0066985645933015,8.484439186191277e-06,0.0071770334928231,1.89699290009707e-05,0.0076555023923445,1.1388497287572003e-05,0,0,0,0,0
938,38,10:26:57,4,0.0043062200956938,1711463.0,0.0047846889952154,0.0043062200956938,4.392172623182257e-06,0.0038277511961724,1.5092046899040356e-06,0.0033492822966507,1.932942929761707e-05,0.0028708133971293,2.3276580025058394e-05,0.0023923444976077,5.847200734474353e-05,0.005263157894737,1.2576705749200296e-06,0.0057416267942584,1.5362929792100053e-05,0.0062200956937801,3.55630541031233e-05,0.0066985645933015,8.484439186191277e-06,0.0071770334928231,1.89699290009707e-05,0,0,0,0,0
939,38,10:27:00,4,0.0047846889952154,222600.0,0.0045454545454544,0.0043062200956938,4.392172623182257e-06,0.0038277511961724,2.03162169794774e-06,0.0033492822966507,1.932942929761707e-05,0.0028708133971293,2.3566811696193784e-05,0.0023923444976077,5.858810001319768e-05,0.0047846889952154,3.947150727441323e-06,0.005263157894737,3.424733719397619e-06,0.0057416267942584,1.5362929792100053e-05,0.0062200956937801,3.585328577425869e-05,0.0066985645933015,8.519653962289038e-06,1,0,0,0,0
940,38,10:27:03,4,0.0043062200956938,312824.0,0.0045454545454544,0.0043062200956938,3.4634312755490046e-06,0.0038277511961724,2.360550925234517e-06,0.0033492822966507,1.9522917078374e-05,0.0028708133971293,2.366355558657225e-05,0.0023923444976077,5.816242689553244e-05,0.0047846889952154,5.127426190058582e-06,0.005263157894737,5.108077411982889e-06,0.0057416267942584,1.547902246055421e-05,0.0062200956937801,3.585328577425869e-05,0.0066985645933015,8.519653962289038e-06,1,0,0,0,0
941,38,10:27:06,4,0.0043062200956938,1098105.0,0.0045454545454544,0.0043062200956938,8.900437914818671e-07,0.0038277511961724,2.6507825963699087e-06,0.0033492822966507,1.9580963412601075e-05,0.0028708133971293,2.366355558657225e-05,0.0023923444976077,5.796893911477552e-05,0.0047846889952154,4.450218957409336e-06,0.005263157894737,7.507325893368792e-06,0.0057416267942584,1.89811512922546e-05,0.0062200956937801,3.535021754429068e-05,0.0066985645933015,8.480956406137652e-06,1,0,0,0,0
942,38,10:27:09,4,0.0038277511961724,1041064.0,0.0038277511961721,0.0033492822966507,3.892974148829384e-05,0.0028708133971293,2.3702253142723635e-05,0.0023923444976077,5.806568300515398e-05,0.0019138755980863,1.8381339171908123e-06,0.0014354066985646,1.2386313772935478e-05,0.0043062200956938,6.675328436114004e-06,0.0047846889952154,3.676267834381625e-06,0.005263157894737,1.3118471535319694e-05,0.0057416267942584,1.919398785108722e-05,0.0062200956937801,3.535021754429068e-05,1,0,0,0,0
943,38,10:27:12,4,0.0043062200956938,906703.0,0.0040669856459329,0.0038277511961724,2.6507825963699087e-06,0.0033492822966507,3.693681734649749e-05,0.0028708133971293,2.3702253142723635e-05,0.0023923444976077,5.814307811745675e-05,0.0019138755980863,1.8381339171908123e-06,0.0043062200956938,6.423794321129997e-06,0.0047846889952154,1.0796618166236562e-05,0.005263157894737,1.5760934157117053e-05,0.0057416267942584,1.9232685407238606e-05,0.0062200956937801,3.525347365391222e-05,1,0,0,0,0
944,38,10:27:15,4,0.0043062200956938,503680.0,0.0040669856459329,0.0038277511961724,1.2963681310714152e-06,0.0033492822966507,3.697551490264887e-05,0.0028708133971293,2.3702253142723635e-05,0.0023923444976077,5.816242689553244e-05,0.0019138755980863,1.8381339171908123e-06,0.0043062200956938,1.17640570700212e-05,0.0047846889952154,1.2305822856140596e-05,0.005263157894737,1.8837389871152204e-05,0.0057416267942584,1.9271382963389996e-05,0.0062200956937801,3.531151998813929e-05,0,0,0,0,0
945,38,10:27:18,4,0.0043062200956938,2447520.0,0.0040669856459329,0.0038277511961724,1.2963681310714152e-06,0.0033492822966507,2.962297923388562e-05,0.0028708133971293,2.3702253142723635e-05,0.0023923444976077,5.816242689553244e-05,0.0019138755980863,1.8381339171908123e-06,0.0043062200956938,1.4511583556769572e-06,0.0047846889952154,1.2770193529957223e-05,0.005263157894737,1.8837389871152204e-05,0.0057416267942584,1.9271382963389996e-05,0.0062200956937801,3.546631021274484e-05,0,0,0,0,0
946,38,10:27:21,4,0.0038277511961724,992076.0,0.0040669856459329,0.0038277511961724,3.869755615138552e-08,0.0033492822966507,2.403118237001041e-05,0.0028708133971293,2.3702253142723635e-05,0.0023923444976077,5.584057352644932e-05,0.0019138755980863,1.8381339171908123e-06,0.0043062200956938,1.799436361039427e-06,0.0047846889952154,1.358284220913632e-05,0.005263157894737,1.8411716753486963e-05,0.0057416267942584,1.8961802514178907e-05,0.0062200956937801,3.546631021274484e-05,0,0,0,0,0
947,38,10:27:24,4,0.0038277511961724,985729.0,0.0035885167464115,0.0033492822966507,1.762673682695611e-05,0.0028708133971293,2.374095069887502e-05,0.0023923444976077,5.584057352644932e-05,0.0019138755980863,1.8381339171908123e-06,0.0014354066985646,7.820002147071988e-06,0.0038277511961724,1.1609266845415658e-06,0.0043062200956938,2.0509704760234327e-06,0.0047846889952154,1.406656166102864e-05,0.005263157894737,1.7444277849702323e-05,0.0057416267942584,1.905854640455737e-05,1,0,0,0,0
948,38,10:27:27,4,0.0038277511961724,1357556.0,0.0040669856459329,0.0038277511961724,1.934877807569276e-08,0.0033492822966507,1.638841503011177e-05,0.0028708133971293,2.412792626038888e-05,0.0023923444976077,5.622754908796317e-05,0.0019138755980863,1.8381339171908123e-06,0.0043062200956938,3.037758157883764e-06,0.0047846889952154,1.4801815227904964e-05,0.005263157894737,1.7444277849702323e-05,0.0057416267942584,1.714301737506379e-05,0.0062200956937801,3.749793191069257e-05,0,0,0,0,0
949,38,10:27:30,4,0.0033492822966507,2000640.0,0.0031100478468899,0.0028708133971293,2.436011159729719e-05,0.0023923444976077,5.622754908796317e-05,0.0019138755980863,1.8381339171908123e-06,0.0014354066985646,7.820002147071988e-06,0.0009569377990432,8.590857465607587e-06,0.0033492822966507,2.772679898246773e-05,0.0038277511961724,1.2770193529957225e-06,0.0043062200956938,6.559235767659847e-06,0.0047846889952154,1.6620600367020082e-05,0.005263157894737,1.692186084165862e-05,0,0,0,0,0
950,38,10:27:33,4,0.0033492822966507,184495.0,0.0031100478468899,0.0028708133971293,2.3566811696193784e-05,0.0023923444976077,5.642103686872009e-05,0.0019138755980863,1.8381339171908123e-06,0.0014354066985646,7.820002147071988e-06,0.0009569377990432,8.590857465607587e-06,0.0033492822966507,2.7920286763224657e-05,0.0038277511961724,4.75979940662042e-06,0.0043062200956938,6.636630879962617e-06,0.0047846889952154,1.7201063709290868e-05,0.005263157894737,1.680576817320446e-05,0,0,0,0,0
951,38,10:27:36,4,0.0033492822966507,517921.0,0.0031100478468899,0.0028708133971293,2.283155812931746e-05,0.0023923444976077,5.642103686872009e-05,0.0019138755980863,1.8381339171908123e-06,0.0014354066985646,7.820002147071988e-06,0.0009569377990432,7.720162452201413e-06,0.0033492822966507,2.51340627203249e-05,0.0038277511961724,7.159047888006322e-06,0.0043062200956938,9.151972029802676e-06,0.0047846889952154,2.393443847963195e-05,0.005263157894737,1.7154046178566934e-05,0,0,0,0,0
952,38,10:27:39,4,0.0028708133971293,521998.0,0.0031100478468899,0.0028708133971293,1.983249752758508e-05,0.0023923444976077,5.642103686872009e-05,0.0019138755980863,2.03162169794774e-06,0.0014354066985646,7.820002147071988e-06,0.0009569377990432,7.720162452201413e-06,0.0033492822966507,2.6178896736412308e-05,0.0038277511961724,7.042955219552166e-06,0.0043062200956938,9.151972029802676e-06,0.0047846889952154,2.360550925234517e-05,0.005263157894737,1.6631629170523227e-05,0,0,0,0,0
953,38,10:27:42,4,0.0023923444976077,11480502.0,0.0021531100478469,0.0019138755980863,2.03162169794774e-06,0.0014354066985646,7.820002147071988e-06,0.0009569377990432,7.720162452201413e-06,0.0004784688995216,4.058560991601162e-05,0.0,5.218597632351246e-05,0.0023923444976077,6.081320949190235e-05,0.0028708133971293,1.1802754626172583e-05,0.0033492822966507,9.674389037846383e-08,0.0038277511961724,5.940074869237678e-06,0.0043062200956938,9.345459810559604e-06,0,0,0,0,0
954,38,10:27:45,4,0.0023923444976077,609625.0,0.0021531100478469,0.0019138755980863,1.6446461364338848e-06,0.0014354066985646,7.820002147071988e-06,0.0009569377990432,7.720162452201413e-06,0.0004784688995216,4.058560991601162e-05,0.0,5.2379464104269394e-05,0.0023923444976077,0.000161310762817,0.0028708133971293,3.173199604413613e-05,0.0033492822966507,1.1028803503144874e-06,0.0038277511961724,6.714025992265389e-06,0.0043062200956938,9.345459810559604e-06,0,0,0,0,0
955,38,10:27:48,4,0.0019138755980863,431331.0,0.0016746411483254,0.0014354066985646,7.1814924705741255e-06,0.0009569377990432,7.720162452201413e-06,0.0004784688995216,4.058560991601162e-05,0.0,5.2089232433134e-05,-0.0004784688995214,8.40607663498472e-06,0.0019138755980863,1.7529992936577643e-05,0.0023923444976077,0.000161310762817,0.0028708133971293,2.9681025568112697e-05,0.0033492822966507,1.2963681310714152e-06,0.0038277511961724,6.739179403763789e-05,0,0,0,1,0
956,38,10:27:51,4,0.0023923444976077,4143394.0,0.0014354066985646,0.0004784688995216,4.058560991601162e-05,0.0,5.2089232433134e-05,-0.0004784688995214,8.40607663498472e-06,-0.000956937799043,3.5969378442712844e-05,-0.0014354066985644,6.114213871918913e-06,0.0023923444976077,0.0001588503721969,0.0028708133971293,1.4511583556769573e-05,0.0033492822966507,8.513462353304816e-07,0.0038277511961724,7.135829354315492e-05,0.0043062200956938,8.552159909456201e-06,0,0,0,0,0
957,38,10:27:54,4,0.0014354066985646,533509.0,0.0009569377990432,0.0004784688995216,3.896031255765343e-05,0.0,5.2031186098906925e-05,-0.0004784688995214,8.40607663498472e-06,-0.000956937799043,3.5969378442712844e-05,-0.0014354066985644,6.114213871918913e-06,0.0014354066985646,1.1647964401567044e-05,0.0019138755980863,4.359666676015093e-06,0.0023923444976077,0.0001477635223595,0.0028708133971293,1.358284220913632e-05,0.0033492822966507,1.4898559118283427e-06,0,0,0,0,0
958,38,10:27:57,4,0.0004784688995216,1085236.0,0.0007177033492822,0.0004784688995216,2.905373818289874e-05,0.0,5.125723497587921e-05,-0.0004784688995214,8.40607663498472e-06,-0.000956937799043,3.577589066195592e-05,-0.0014354066985644,6.114213871918913e-06,0.0009569377990432,3.269943494792077e-06,0.0014354066985646,1.5208139567494512e-05,0.0019138755980863,6.178451815130213e-06,0.0023923444976077,0.0001477635223595,0.0028708133971293,1.1899498516551049e-05,0,0,0,1,1
959,38,10:28:00,4,0.0,9244950.0,-0.0002392344497607,-0.0004784688995214,6.471198827415444e-06,-0.000956937799043,3.577589066195592e-05,-0.0014354066985644,6.114213871918913e-06,-0.001913875598086,1.106750105929626e-05,-0.0023923444976075,3.200287893719583e-05,0.0,5.832302175356069e-05,0.0004784688995216,4.314777510879486e-06,0.0009569377990432,2.2444582567803605e-06,0.0014354066985646,1.569185901938683e-05,0.0019138755980863,7.5715638365800915e-06,1,0,0,1,1
960,38,10:28:03,4,0.0,1322655.0,-0.0002392344497607,-0.0004784688995214,3.7633373357222425e-07,-0.000956937799043,3.577589066195592e-05,-0.0014354066985644,6.114213871918913e-06,-0.001913875598086,1.106750105929626e-05,-0.0023923444976075,3.200287893719583e-05,0.0,5.4936985590314464e-05,0.0004784688995216,3.854276592677999e-05,0.0009569377990432,2.5153411498400597e-06,0.0014354066985646,1.638841503011177e-05,0.0019138755980863,8.05528328847241e-06,0,0,0,0,1
961,38,10:28:06,4,0.0,1541859.0,-0.0004784688995214,-0.000956937799043,3.1315029876604955e-05,-0.0014354066985644,6.114213871918913e-06,-0.001913875598086,1.106750105929626e-05,-0.0023923444976075,3.200287893719583e-05,-0.0028708133971291,1.1841452182323973e-05,0.0,4.7332915806567205e-05,0.0004784688995216,4.417326034680658e-05,0.0009569377990432,2.5153411498400597e-06,0.0014354066985646,1.304107642301692e-05,0.0019138755980863,7.236443000309093e-06,0,0,0,0,2
962,38,10:28:09,4,-0.000956937799043,4731295.0,-0.0007177033492823,-0.000956937799043,2.738722792723932e-05,-0.0014354066985644,6.075516315767528e-06,-0.001913875598086,1.106750105929626e-05,-0.0023923444976075,3.209962282757429e-05,-0.0028708133971291,1.1841452182323973e-05,-0.0004784688995214,2.9023167113539144e-07,0.0,8.8481962140143e-06,0.0004784688995216,5.93427023581497e-05,0.0009569377990432,1.799436361039427e-06,0.0014354066985646,6.114213871918913e-06,1,0,0,1,2
963,38,10:28:12,4,-0.000956937799043,2105694.0,-0.0007177033492823,-0.000956937799043,1.848679001242065e-05,-0.0014354066985644,5.978772425389064e-06,-0.001913875598086,1.106750105929626e-05,-0.0023923444976075,3.209962282757429e-05,-0.0028708133971291,1.1899498516551049e-05,-0.0004784688995214,3.6182215001545462e-06,0.0,2.5598433394141523e-06,0.0004784688995216,8.064570701948744e-05,0.0009569377990432,1.799436361039427e-06,0.0014354066985646,4.024545839744095e-06,1,0,1,0,2
964,38,10:28:15,4,-0.000956937799043,2012867.0,-0.0007177033492823,-0.000956937799043,6.278678485562301e-07,-0.0014354066985644,5.978772425389064e-06,-0.001913875598086,1.2034939963080898e-05,-0.0023923444976075,3.209962282757429e-05,-0.0028708133971291,1.1899498516551049e-05,-0.0004784688995214,6.694677214189696e-06,0.0,3.6240261335772544e-06,0.0004784688995216,8.033612657027635e-05,0.0009569377990432,1.799436361039427e-06,0.0014354066985646,4.295428732803794e-06,0,0,1,0,2
965,38,10:28:18,4,-0.0014354066985644,810104.0,-0.0011961722488037,-0.0014354066985644,2.6401407684282777e-06,-0.001913875598086,1.2034939963080898e-05,-0.0023923444976075,3.209962282757429e-05,-0.0028708133971291,1.1899498516551049e-05,-0.0033492822966507,1.5537068794781287e-05,-0.000956937799043,1.253800819304891e-05,-0.0004784688995214,9.51959881324084e-06,0.0,4.262535810075115e-06,0.0004784688995216,7.94073852226431e-05,0.0009569377990432,1.799436361039427e-06,0,0,1,0,2
966,38,10:28:21,4,-0.0014354066985644,1171105.0,-0.0011961722488037,-0.0014354066985644,1.6087541531034747e-05,-0.001913875598086,1.4453537222542494e-05,-0.0023923444976075,3.1712647266060435e-05,-0.0028708133971291,1.3486098318757855e-05,-0.0033492822966507,1.5537068794781287e-05,-0.000956937799043,1.050638649510117e-05,-0.0004784688995214,9.693737815922074e-06,0.0,4.262535810075115e-06,0.0004784688995216,7.67372538481975e-05,0.0009569377990432,1.876831473342198e-06,0,0,1,0,2
967,38,10:28:24,4,-0.000956937799043,597044.0,-0.0011961722488037,-0.0014354066985644,1.3688293049648845e-05,-0.001913875598086,1.3737632433741862e-05,-0.0023923444976075,3.1809391156438904e-05,-0.0028708133971291,1.3486098318757855e-05,-0.0033492822966507,1.5537068794781287e-05,-0.000956937799043,1.280889108610861e-05,-0.0004784688995214,1.2944332532638458e-05,0.0,2.850075010549544e-06,0.0004784688995216,7.662116117974334e-05,0.0009569377990432,1.876831473342198e-06,0,0,1,0,2
968,38,10:28:27,4,-0.000956937799043,2210700.0,-0.0011961722488037,-0.0014354066985644,4.168694236408006e-06,-0.001913875598086,1.3834376324120324e-05,-0.0023923444976075,3.306706173135893e-05,-0.0028708133971291,1.3486098318757855e-05,-0.0033492822966507,1.5537068794781287e-05,-0.000956937799043,5.030682299680119e-06,-0.0004784688995214,1.2944332532638458e-05,0.0,2.850075010549544e-06,0.0004784688995216,7.764664641775505e-05,0.0009569377990432,1.876831473342198e-06,0,0,1,1,2
969,38,10:28:30,4,-0.0028708133971291,5913058.0,-0.0026315789473684,-0.0028708133971291,1.3466749540682162e-05,-0.0033492822966507,1.5537068794781287e-05,-0.0038277511961721,7.91365023295834e-06,-0.0043062200956938,1.4182654329482796e-05,-0.0047846889952152,7.568584124756436e-05,-0.0023923444976075,4.364213638862881e-05,-0.001913875598086,2.4379460375372883e-06,-0.0014354066985644,7.333186890687557e-06,-0.000956937799043,5.53375052964813e-06,-0.0004784688995214,1.2944332532638458e-05,1,1,2,2,2
970,38,10:28:33,4,-0.0023923444976075,900695.0,-0.0026315789473684,-0.0028708133971291,1.2983030088789844e-05,-0.0033492822966507,1.5653161463235445e-05,-0.0038277511961721,7.91365023295834e-06,-0.0043062200956938,1.4182654329482796e-05,-0.0047846889952152,7.833662384393426e-05,-0.0023923444976075,3.578653248989755e-05,-0.001913875598086,2.109016810250511e-06,-0.0014354066985644,1.625297358358192e-05,-0.000956937799043,6.462491877281383e-06,-0.0004784688995214,1.2944332532638458e-05,1,1,2,2,2
971,38,10:28:36,4,-0.0023923444976075,3014825.0,-0.0026315789473684,-0.0028708133971291,1.197689362885382e-05,-0.0033492822966507,1.5653161463235445e-05,-0.0038277511961721,7.91365023295834e-06,-0.0043062200956938,1.4376142110239725e-05,-0.0047846889952152,7.856880918084257e-05,-0.0023923444976075,1.009135520537756e-05,-0.001913875598086,2.573387484067137e-06,-0.0014354066985644,1.994859019603924e-05,-0.000956937799043,1.0796618166236562e-05,-0.0004784688995214,1.28282398641843e-05,1,1,2,2,2
972,38,10:28:39,4,-0.001913875598086,1896062.0,-0.0021531100478467,-0.0023923444976075,5.03938924981418e-06,-0.0028708133971291,6.133562649994606e-06,-0.0033492822966507,1.5653161463235445e-05,-0.0038277511961721,7.91365023295834e-06,-0.0043062200956938,1.4956605452510503e-05,-0.001913875598086,2.4766435936886736e-06,-0.0014354066985644,1.735585393389641e-05,-0.000956937799043,1.2383217968443369e-05,-0.0004784688995214,1.28282398641843e-05,0.0,3.062911569382164e-06,0,1,2,2,2
973,38,10:28:42,4,-0.0023923444976075,1848596.0,-0.0026315789473684,-0.0028708133971291,3.1757149455634533e-06,-0.0033492822966507,1.5653161463235445e-05,-0.0038277511961721,7.91365023295834e-06,-0.0043062200956938,1.4956605452510503e-05,-0.0047846889952152,7.866555307122104e-05,-0.0023923444976075,1.547902246055421e-06,-0.0014354066985644,1.087788303415447e-05,-0.000956937799043,1.141577906465873e-05,-0.0004784688995214,1.2789542308032916e-05,0.0,3.256399350139092e-06,0,2,2,1,2
974,38,10:28:45,4,-0.0028708133971291,2067131.0,-0.0031100478468898,-0.0033492822966507,6.929377892247849e-06,-0.0038277511961721,7.874952676806954e-06,-0.0043062200956938,1.4956605452510503e-05,-0.0047846889952152,7.767876538936071e-05,-0.0052631578947368,3.8117092809114736e-06,-0.0028708133971291,5.9013773130862925e-06,-0.0023923444976075,6.191608984221684e-07,-0.0014354066985644,9.968490464596911e-06,-0.000956937799043,1.1647964401567044e-05,-0.0004784688995214,1.1222291283901805e-05,2,2,2,2,2
975,38,10:28:48,4,-0.0028708133971291,829295.0,-0.0031100478468898,-0.0033492822966507,4.41403674240779e-06,-0.0038277511961721,7.874952676806954e-06,-0.0043062200956938,1.5324232235948667e-05,-0.0047846889952152,7.793029950434471e-05,-0.0052631578947368,3.8117092809114736e-06,-0.0028708133971291,2.2808339595626627e-06,-0.0023923444976075,8.319974572547888e-06,-0.001913875598086,1.1609266845415657e-07,-0.0014354066985644,9.775002683839984e-06,-0.000956937799043,1.1357732730431653e-05,1,2,2,2,2
976,38,10:28:51,4,-0.0028708133971291,1258636.0,-0.0031100478468898,-0.0033492822966507,5.636299053449302e-07,-0.0038277511961721,7.971696567185417e-06,-0.0043062200956938,1.5537068794781287e-05,-0.0047846889952152,7.806574095087457e-05,-0.0052631578947368,3.8117092809114736e-06,-0.0028708133971291,2.0509704760234327e-06,-0.0023923444976075,9.072255064130824e-06,-0.001913875598086,1.1609266845415657e-07,-0.0014354066985644,1.170988049140926e-05,-0.000956937799043,1.3331308094152314e-05,1,2,2,2,2
977,38,10:28:54,4,-0.0033492822966507,1996601.0,-0.0028708133971291,-0.0033492822966507,1.6833436925852705e-06,-0.0038277511961721,7.122865673004777e-06,-0.0043062200956938,2.1515841220170352e-05,-0.0047846889952152,7.791095072626902e-05,-0.0052631578947368,3.8117092809114736e-06,-0.0023923444976075,2.9386924141362166e-06,-0.001913875598086,2.0509704760234327e-06,-0.0014354066985644,1.1613136601030796e-05,-0.000956937799043,1.304107642301692e-05,-0.0004784688995214,1.0874013278539333e-05,1,2,2,1,2
978,38,10:28:57,4,-0.0033492822966507,2357572.0,-0.0035885167464114,-0.0038277511961721,7.103516894929084e-06,-0.0043062200956938,2.2870255685468847e-05,-0.0047846889952152,8.017475776112507e-05,-0.0052631578947368,3.8117092809114736e-06,-0.0057416267942582,1.232517163421629e-05,-0.0033492822966507,2.492122616149228e-07,-0.0028708133971291,1.9348778075692766e-07,-0.0014354066985644,9.775002683839984e-06,-0.000956937799043,1.2944332532638458e-05,-0.0004784688995214,1.0874013278539333e-05,2,2,2,2,2
979,38,10:29:00,4,-0.0023923444976075,1012387.0,-0.0021531100478467,-0.0023923444976075,1.064182794163102e-06,-0.0028708133971291,1.0448340160874092e-06,-0.0033492822966507,1.4281720073230342e-05,-0.0038277511961721,7.103516894929084e-06,-0.0043062200956938,2.3199184912755625e-05,-0.001913875598086,7.739511230277106e-08,-0.0014354066985644,9.155841785417816e-06,-0.000956937799043,1.275084475188153e-05,-0.0004784688995214,1.0874013278539333e-05,0.0,4.320582144302194e-06,2,2,2,2,2
980,38,10:29:03,4,-0.0028708133971291,4242212.0,-0.0026315789473684,-0.0028708133971291,2.128365588326204e-07,-0.0033492822966507,8.902759768187754e-06,-0.0038277511961721,7.529190012594323e-06,-0.0043062200956938,2.4824482271113813e-05,-0.0047846889952152,8.359949148052269e-05,-0.0023923444976075,1.3451270518221609e-05,-0.0004784688995214,1.0951408390842103e-05,0.0,5.094533267329905e-06,0.0004784688995216,3.312510806558601e-05,0.0009569377990432,2.689480152521294e-06,2,2,1,2,2
981,38,10:29:06,4,-0.0033492822966507,1542657.0,-0.0028708133971291,-0.0033492822966507,8.03206475478158e-06,-0.0038277511961721,8.767511809438661e-06,-0.0043062200956938,2.525015538877905e-05,-0.0047846889952152,8.3831676817431e-05,-0.0052631578947368,1.3428051984530778e-05,-0.0023923444976075,2.809442576590589e-06,-0.0004784688995214,1.0951408390842103e-05,0.0,5.094533267329905e-06,0.0004784688995216,3.312510806558601e-05,0.0009569377990432,2.689480152521294e-06,2,2,2,2,2
982,38,10:29:09,4,-0.0028708133971291,1044071.0,-0.0026315789473684,-0.0028708133971291,1.2576705749200296e-05,-0.0033492822966507,7.33550874405664e-06,-0.0038277511961721,1.043150672394824e-05,-0.0043062200956938,2.5811269952974143e-05,-0.0047846889952152,8.3831676817431e-05,-0.0023923444976075,2.170932900092728e-06,-0.001913875598086,3.869755615138552e-08,-0.0004784688995214,1.0951408390842103e-05,0.0,5.094533267329905e-06,0.0004784688995216,3.273813250407215e-05,1,2,1,2,1
983,38,10:29:12,4,-0.0004784688995214,942939.0,-0.0014354066985644,-0.0023923444976075,2.721986099688458e-05,-0.0028708133971291,1.2034939963080898e-05,-0.0033492822966507,7.89662330825173e-06,-0.0038277511961721,1.0566948170478088e-05,-0.0043062200956938,2.697219663751571e-05,-0.0004784688995214,1.0061364599360235e-05,0.0,5.094533267329905e-06,0.0004784688995216,3.273813250407215e-05,0.0009569377990432,2.689480152521294e-06,0.0014354066985646,4.430870179333643e-06,1,2,0,2,1
984,38,10:29:15,4,-0.0023923444976075,2664873.0,-0.0011961722488037,-0.001913875598086,1.9348778075692764e-06,-0.0023923444976075,2.9077343692151084e-05,-0.0028708133971291,1.7336505155820716e-05,-0.0033492822966507,1.7957987907611965e-05,-0.0038277511961721,1.0566948170478088e-05,-0.0004784688995214,9.364808588635297e-06,0.0,5.094533267329905e-06,0.0004784688995216,3.273813250407215e-05,0.0009569377990432,2.689480152521294e-06,0.0014354066985646,4.334126288955179e-06,2,2,0,2,1
985,38,10:29:18,4,-0.001913875598086,819687.0,-0.0014354066985646,-0.001913875598086,1.9348778075692764e-06,-0.0023923444976075,2.9019297357924004e-05,-0.0028708133971291,1.7529992936577643e-05,-0.0033492822966507,1.9699377934424315e-05,-0.0038277511961721,1.37401477748917e-05,-0.000956937799043,3.676267834381625e-07,-0.0004784688995214,9.0939256955756e-06,0.0,5.094533267329905e-06,0.0004784688995216,3.275748128214785e-05,0.0009569377990432,2.418597259461595e-06,2,2,0,2,1
986,38,10:29:21,4,-0.0014354066985644,648754.0,-0.0009569377990428,-0.0014354066985644,9.674389037846383e-08,-0.001913875598086,1.1918847294626742e-05,-0.0023923444976075,3.09154776093419e-05,-0.0028708133971291,1.9387475631844148e-05,-0.0033492822966507,1.876831473342198e-05,-0.0004784688995214,8.784345246364515e-06,0.0,5.094533267329905e-06,0.0004784688995216,3.275748128214785e-05,0.0009569377990432,2.418597259461595e-06,0.0014354066985646,4.334126288955179e-06,1,2,0,2,0
987,38,10:29:24,4,-0.0023923444976075,1840555.0,-0.0021531100478467,-0.0023923444976075,2.911604124830247e-05,-0.0028708133971291,1.936812685376845e-05,-0.0033492822966507,1.89811512922546e-05,-0.0038277511961721,1.4610842788297876e-05,-0.0043062200956938,4.684339172125218e-05,-0.001913875598086,5.069379855831504e-06,-0.000956937799043,7.739511230277105e-07,-0.0004784688995214,4.2760799547281006e-06,0.0,5.094533267329905e-06,0.0004784688995216,3.3550781183251254e-05,2,2,0,2,1
988,38,10:29:27,4,-0.001913875598086,1163821.0,-0.0011961722488037,-0.0014354066985644,3.482780053624697e-07,-0.0023923444976075,2.6755490323067952e-05,-0.0028708133971291,1.892310495802752e-05,-0.0033492822966507,1.9271382963389996e-05,-0.0038277511961721,1.5578281692082514e-05,-0.000956937799043,8.12648679179096e-07,-0.0004784688995214,4.2760799547281006e-06,0.0,5.210625935784061e-06,0.0004784688995216,3.3550781183251254e-05,0.0009569377990432,2.999060601732378e-06,2,2,1,2,1
989,38,10:29:30,4,-0.0004784688995214,1374690.0,-0.0002392344497607,-0.0004784688995214,1.9348778075692766e-07,-0.000956937799043,3.095804492110842e-07,-0.0014354066985644,7.159047888006322e-07,-0.001913875598086,5.1467749681342745e-06,-0.0023923444976075,2.720051221880889e-05,0.0,6.44314309920569e-07,0.0004784688995216,3.3550781183251254e-05,0.0009569377990432,3.095804492110842e-06,0.0014354066985646,4.2760799547281006e-06,0.0019138755980863,2.824921599051144e-06,2,1,1,1,0
990,38,10:29:33,4,-0.0004784688995214,1144738.0,-0.0002392344497607,-0.0004784688995214,6.094865093843221e-06,-0.000956937799043,5.108077411982889e-06,-0.0014354066985644,5.998121203464756e-07,-0.001913875598086,9.326111032483912e-06,-0.0023923444976075,3.290840175113825e-05,0.0,5.8046334227078295e-09,0.0004784688995216,3.3550781183251254e-05,0.0009569377990432,3.095804492110842e-06,0.0014354066985646,4.2760799547281006e-06,0.0019138755980863,2.824921599051144e-06,2,0,1,1,0
991,38,10:29:36,4,-0.000956937799043,1165658.0,-0.0007177033492823,-0.000956937799043,3.792360502835781e-06,-0.0014354066985644,7.35253566876325e-07,-0.001913875598086,8.861740358667285e-06,-0.0023923444976075,3.629443791438449e-05,-0.0028708133971291,1.828459528152966e-05,-0.0004784688995214,5.8046334227078287e-08,0.0,2.2444582567803605e-06,0.0004784688995216,3.2124776239072693e-05,0.0009569377990432,3.095804492110842e-06,0.0014354066985646,4.237382398576715e-06,2,0,1,1,0
992,38,10:29:39,4,-0.0004784688995214,545283.0,-0.0002392344497607,-0.0004784688995214,3.869755615138552e-08,-0.000956937799043,6.346399208827226e-06,-0.0014354066985644,6.9655601072493945e-06,-0.001913875598086,1.0332247492419937e-05,-0.0023923444976075,4.1731444553654153e-05,0.0,9.67438903784638e-06,0.0004784688995216,3.196998601446715e-05,0.0009569377990432,3.095804492110842e-06,0.0014354066985646,4.237382398576715e-06,0.0019138755980863,2.824921599051144e-06,1,0,1,1,0
993,38,10:29:42,4,0.0004784688995216,2557173.0,0.0007177033492822,0.0004784688995216,1.4080105805681623e-05,-0.0004784688995214,1.4511583556769572e-06,-0.000956937799043,6.385096764978612e-06,-0.0014354066985644,8.029742901412497e-06,-0.001913875598086,9.887225596679e-06,0.0009569377990432,3.0571069359594564e-06,0.0014354066985646,4.237382398576715e-06,0.0019138755980863,2.2444582567803605e-06,0.0023923444976077,0.0001027381418263,0.0028708133971293,7.35253566876325e-06,0,0,0,0,0
994,38,10:29:45,4,0.0004784688995216,1708747.0,0.0009569377990432,0.0004784688995216,6.011665348117741e-06,0.0,5.804633422707829e-07,-0.0004784688995214,2.167063144477589e-06,-0.000956937799043,7.429930781066021e-06,-0.0014354066985644,8.068440457563883e-06,0.0014354066985646,4.237382398576715e-06,0.0019138755980863,2.2444582567803605e-06,0.0023923444976077,0.0001027381418263,0.0028708133971293,7.35253566876325e-06,0.0033492822966507,1.0254852380117164e-06,0,0,0,0,0
995,38,10:29:48,4,0.0,719340.0,0.0007177033492822,0.0,3.8059046474887663e-06,-0.0004784688995214,3.5601751659274683e-06,-0.000956937799043,9.132623251726983e-06,-0.0014354066985644,9.190669585954062e-06,-0.001913875598086,1.7646085605031798e-05,0.0014354066985646,3.792360502835781e-06,0.0019138755980863,2.2444582567803605e-06,0.0023923444976077,0.0001027381418263,0.0028708133971293,7.35253566876325e-06,0.0033492822966507,1.0254852380117164e-06,0,0,0,0,0
996,38,10:29:51,4,0.0,904808.0,0.0,-0.0004784688995214,2.43214140411458e-06,-0.000956937799043,9.074576917499906e-06,-0.0014354066985644,1.4027864104877253e-05,-0.001913875598086,1.7549341714653336e-05,-0.0023923444976075,4.5214224607278846e-05,0.0004784688995216,1.9929241417963544e-06,0.0014354066985646,3.927801949365631e-06,0.0019138755980863,2.2444582567803605e-06,0.0023923444976077,0.0001028929320509,0.0028708133971293,7.35253566876325e-06,0,0,0,1,0
997,38,10:29:54,4,0.0004784688995216,787804.0,-0.0002392344497607,-0.000956937799043,9.049423506001506e-06,-0.0014354066985644,1.4027864104877253e-05,-0.001913875598086,1.652385647664162e-05,-0.0023923444976075,4.815523887478415e-05,-0.0028708133971291,1.464702500329942e-05,0.0004784688995216,6.249655318448763e-06,0.0009569377990432,2.3218533690831317e-07,0.0014354066985646,7.894301454882647e-06,0.0019138755980863,2.5153411498400597e-06,0.0023923444976077,0.0001028929320509,0,0,0,1,0
998,38,10:29:57,4,0.0,484755.0,-0.0002392344497607,-0.0004784688995214,7.739511230277105e-07,-0.000956937799043,1.04038379713e-05,-0.0014354066985644,1.4027864104877253e-05,-0.001913875598086,1.588534680014376e-05,-0.0023923444976075,4.807784376248138e-05,0.0,1.943584757703338e-06,0.0004784688995216,6.539886989584154e-06,0.0009569377990432,3.2892922728677695e-07,0.0014354066985646,7.952347789109726e-06,0.0019138755980863,3.424733719397619e-06,0,0,1,1,0
999,38,10:30:00,4,0.0004784688995216,1225089.0,0.0002392344497608,0.0,5.456355417345359e-06,-0.0004784688995214,7.546023449520178e-07,-0.000956937799043,1.0500581861678462e-05,-0.0014354066985644,1.4027864104877253e-05,-0.001913875598086,1.6775390591625627e-05,0.0004784688995216,5.698215143291519e-07,0.0009569377990432,2.2173699674743903e-05,0.0014354066985646,7.952347789109726e-06,0.0019138755980863,3.231245938640692e-06,0.0023923444976077,0.0001028929320509,0,1,1,0,0
1000,38,10:30:03,4,-0.0014354066985644,4064683.0,-0.0016746411483251,-0.001913875598086,1.6756041813549934e-05,-0.0023923444976075,4.796175109402722e-05,-0.0028708133971291,1.4530932334845264e-05,-0.0033492822966507,1.7317156377745023e-05,-0.0038277511961721,1.7474461943500405e-05,-0.0014354066985644,6.163166280450416e-05,-0.000956937799043,1.1996242406929513e-06,-0.0004784688995214,6.772072326492467e-07,0.0,3.788490747220643e-07,0.0004784688995216,2.524048099974121e-06,0,2,2,1,0
1001,38,10:30:06,4,-0.0014354066985644,651144.0,-0.0016746411483251,-0.001913875598086,1.6446461364338848e-05,-0.0023923444976075,5.018686057273189e-05,-0.0028708133971291,1.2770193529957223e-05,-0.0033492822966507,1.7317156377745023e-05,-0.0038277511961721,1.7474461943500405e-05,-0.0014354066985644,5.5594844044888015e-05,-0.000956937799043,1.3350656872228009e-06,-0.0004784688995214,1.4511583556769572e-06,0.0,2.6620048876538105e-06,0.0004784688995216,4.2460893487107765e-06,0,2,2,1,0
1002,38,10:30:09,4,-0.0014354066985644,1629917.0,-0.0016746411483251,-0.001913875598086,1.7529992936577643e-05,-0.0023923444976075,5.039969713156451e-05,-0.0028708133971291,1.2770193529957223e-05,-0.0033492822966507,1.7317156377745023e-05,-0.0038277511961721,1.6777905932775464e-05,-0.0014354066985644,4.106391171004275e-05,-0.000956937799043,1.1609266845415658e-06,-0.0004784688995214,1.8381339171908123e-06,0.0,2.836143890335045e-06,0.0004784688995216,6.335757380885595e-06,0,2,2,1,0
1003,38,10:30:12,4,-0.0023923444976075,7673589.0,-0.0026315789473684,-0.0028708133971291,1.2770193529957223e-05,-0.0033492822966507,1.7471946602350564e-05,-0.0038277511961721,1.6777905932775464e-05,-0.0043062200956938,4.8797618306897145e-05,-0.0047846889952152,8.830124455291604e-05,-0.0023923444976075,2.8988339313002897e-05,-0.0014354066985644,3.8200292554840224e-05,-0.000956937799043,1.1609266845415658e-06,-0.0004784688995214,4.469567735485028e-06,0.0,4.229255911784924e-06,1,2,2,1,0
1004,38,10:30:15,4,-0.0023923444976075,1678334.0,-0.0026315789473684,-0.0028708133971291,1.1009454725069182e-05,-0.0033492822966507,1.766543438310749e-05,-0.0038277511961721,1.681660348892685e-05,-0.0043062200956938,4.906850119995685e-05,-0.0047846889952152,8.830124455291604e-05,-0.0023923444976075,1.5947262889985976e-05,-0.001913875598086,2.3992484813859025e-06,-0.0014354066985644,3.936121923938179e-05,-0.000956937799043,1.1609266845415658e-06,-0.0004784688995214,4.469567735485028e-06,2,2,2,1,0
1005,38,10:30:18,4,-0.0033492822966507,3807754.0,-0.0028708133971291,-0.0033492822966507,8.26192823832081e-06,-0.0038277511961721,1.6855301045078237e-05,-0.0043062200956938,4.906850119995685e-05,-0.0047846889952152,8.830124455291604e-05,-0.0052631578947368,1.5440324904402825e-05,-0.0023923444976075,1.0100062155511625e-06,-0.001913875598086,3.656919056305932e-06,-0.0014354066985644,3.938056801745748e-05,-0.000956937799043,1.1609266845415658e-06,-0.0004784688995214,5.437006639269666e-06,2,2,2,1,0
1006,38,10:30:21,4,-0.0028708133971291,2191131.0,-0.0033492822966507,-0.0038277511961721,8.864255699817125e-06,-0.0043062200956938,4.926198898071377e-05,-0.0047846889952152,8.959761268398745e-05,-0.0052631578947368,1.5440324904402825e-05,-0.0057416267942582,1.7104319818912402e-05,-0.0028708133971291,9.287413476332526e-07,-0.0023923444976075,4.086461929586311e-06,-0.001913875598086,3.0571069359594564e-06,-0.0014354066985644,3.938056801745748e-05,-0.000956937799043,1.1609266845415658e-06,2,2,2,2,0
1007,38,10:30:24,4,-0.0038277511961721,5063909.0,-0.0035885167464114,-0.0038277511961721,8.187048467167879e-06,-0.0043062200956938,4.926198898071377e-05,-0.0047846889952152,8.969435657436591e-05,-0.0052631578947368,1.5440324904402825e-05,-0.0057416267942582,1.7104319818912402e-05,-0.0033492822966507,7.546023449520178e-07,-0.0028708133971291,3.0571069359594564e-06,-0.001913875598086,7.739511230277105e-07,-0.0014354066985644,2.4050531148086103e-06,-0.000956937799043,1.1996242406929513e-06,2,2,2,2,0
1008,38,10:30:27,4,-0.0023923444976075,1894402.0,-0.0021531100478467,-0.0023923444976075,5.688540754253672e-06,-0.0033492822966507,1.1609266845415657e-07,-0.0038277511961721,1.4923712529781829e-06,-0.0043062200956938,4.912654753418392e-05,-0.0047846889952152,9.006198335780407e-05,-0.001913875598086,2.2444582567803605e-06,-0.0014354066985644,2.4050531148086103e-06,-0.000956937799043,5.030682299680119e-07,-0.0004784688995214,5.437006639269666e-06,0.0,4.229255911784924e-06,1,2,2,1,0
1009,38,10:30:30,4,0.0,2340169.0,0.0002392344497608,0.0,2.9820336770257685e-06,-0.0023923444976075,3.50212883170039e-06,-0.0028708133971291,3.095804492110842e-07,-0.0033492822966507,2.128365588326204e-07,-0.0038277511961721,3.949666068591164e-06,0.0004784688995216,7.41928895312439e-06,0.0009569377990432,2.2231746008970985e-05,0.0014354066985646,5.32091397081551e-06,0.0019138755980863,2.418597259461595e-06,0.0023923444976077,0.0001027652301156,0,1,1,0,0
1010,38,10:30:33,4,-0.0014354066985644,1864351.0,-0.0004784688995214,-0.0014354066985644,3.08961288312662e-05,-0.001913875598086,3.869755615138553e-07,-0.0023923444976075,7.12267218522402e-06,-0.0028708133971291,1.354414465298493e-06,-0.0033492822966507,3.482780053624697e-07,0.0004784688995216,7.41928895312439e-06,0.0009569377990432,2.2231746008970985e-05,0.0014354066985646,5.32091397081551e-06,0.0019138755980863,4.179336064349637e-06,0.0023923444976077,0.0001027652301156,0,2,1,0,0
1011,38,10:30:36,4,-0.0014354066985644,2787586.0,-0.0007177033492823,-0.0014354066985644,2.4839961293574368e-05,-0.001913875598086,9.829179262451924e-06,-0.0023923444976075,7.587042859040646e-06,-0.0028708133971291,5.224170080437046e-06,-0.0033492822966507,2.0122729198720474e-06,0.0,1.9048872015519523e-06,0.0004784688995216,4.837194518923191e-07,0.0009569377990432,2.213500211859252e-05,0.0014354066985646,5.32091397081551e-06,0.0019138755980863,4.179336064349637e-06,0,2,1,0,0
1012,38,10:30:39,4,0.0,847121.0,0.0002392344497608,0.0,1.3670879149380722e-05,-0.0014354066985644,2.309857126676202e-05,-0.001913875598086,1.0216154823965778e-05,-0.0023923444976075,2.041528272322495e-05,-0.0028708133971291,5.224170080437046e-06,0.0004784688995216,4.837194518923191e-07,0.0009569377990432,2.2715465460863305e-05,0.0014354066985646,5.32091397081551e-06,0.0019138755980863,4.179336064349637e-06,0.0023923444976077,0.0001026491374471,0,1,1,0,0
1013,38,10:30:42,4,-0.001913875598086,4208285.0,-0.0016746411483251,-0.001913875598086,9.925923152830387e-06,-0.0023923444976075,2.057007294783049e-05,-0.0028708133971291,5.224170080437046e-06,-0.0033492822966507,2.7862240428997576e-06,-0.0038277511961721,1.1398945627732876e-05,-0.0014354066985644,6.380549802130824e-05,0.0,9.674389037846382e-07,0.0004784688995216,1.280889108610861e-05,0.0009569377990432,2.6585221076001856e-05,0.0014354066985646,5.32091397081551e-06,2,2,1,0,0
1014,38,10:30:45,4,-0.0014354066985644,661479.0,-0.0016746411483251,-0.001913875598086,8.378020906774967e-06,-0.0023923444976075,2.264039220192961e-05,-0.0028708133971291,5.224170080437046e-06,-0.0033492822966507,3.3086410509434626e-06,-0.0038277511961721,1.3353172213377846e-05,-0.0014354066985644,8.561157091261398e-05,0.0,8.455416019077737e-06,0.0004784688995216,1.331195931607662e-05,0.0009569377990432,2.6585221076001856e-05,0.0014354066985646,5.32091397081551e-06,2,2,2,0,0
1015,38,10:30:48,4,-0.001913875598086,8725589.0,-0.0016746411483251,-0.001913875598086,5.456355417345359e-06,-0.0023923444976075,2.2988670207292086e-05,-0.0028708133971291,5.301565192739817e-06,-0.0033492822966507,3.3086410509434626e-06,-0.0038277511961721,1.3856240443345858e-05,-0.0014354066985644,8.100365941388776e-06,0.0,8.861740358667285e-06,0.0004784688995216,2.317983613467993e-05,0.0009569377990432,2.6585221076001856e-05,0.0014354066985646,5.514401751572438e-06,2,2,1,0,0
1016,38,10:30:51,4,-0.0014354066985644,993144.0,-0.0016746411483251,-0.001913875598086,1.5285534679797282e-06,-0.0023923444976075,2.300801898536778e-05,-0.0028708133971291,5.785284644632136e-06,-0.0033492822966507,4.469567735485028e-06,-0.0038277511961721,1.4746284234827726e-05,-0.0014354066985644,6.068744243441035e-06,-0.000956937799043,1.9348778075692766e-07,0.0,9.983969487057465e-06,0.0004784688995216,2.3373323915436856e-05,0.0009569377990432,2.6585221076001856e-05,2,2,1,0,0
1017,38,10:30:54,4,-0.0014354066985644,740622.0,-0.001913875598086,-0.0023923444976075,1.7087292894205794e-05,-0.0028708133971291,5.785284644632136e-06,-0.0033492822966507,1.0564432829328249e-05,-0.0038277511961721,4.614935105167708e-05,-0.0043062200956938,2.6449779629472008e-05,-0.0014354066985644,3.940378655114831e-06,-0.000956937799043,1.9348778075692766e-07,0.0,1.0874013278539333e-05,0.0004784688995216,2.366355558657225e-05,0.0009569377990432,2.6585221076001856e-05,2,2,2,0,0
1018,38,10:30:57,4,0.0004784688995216,4829916.0,0.0007177033492822,0.0004784688995216,5.69434538767638e-05,0.0,5.8046334227078287e-08,-0.000956937799043,5.8046334227078287e-08,-0.0014354066985644,2.2512303291068527e-06,-0.001913875598086,3.1345020482622275e-06,0.0009569377990432,2.6585221076001856e-05,0.0014354066985646,5.514401751572438e-06,0.0019138755980863,8.745647690213128e-06,0.0023923444976077,0.0001037520177974,0.0028708133971293,7.35253566876325e-06,1,1,1,0,0
1019,38,10:31:00,4,0.0009569377990432,1503483.0,0.0007177033492822,0.0004784688995216,4.4095865234503806e-05,0.0,5.8046334227078287e-08,-0.000956937799043,9.674389037846383e-08,-0.0014354066985644,4.0893642462976655e-06,-0.001913875598086,4.430870179333643e-06,0.0009569377990432,2.5540387059914447e-05,0.0014354066985646,5.514401751572438e-06,0.0019138755980863,8.745647690213128e-06,0.0023923444976077,0.0001033456934578,0.0028708133971293,7.35253566876325e-06,1,1,0,0,0
1020,38,10:31:03,4,0.0004784688995216,995316.0,0.0007177033492822,0.0004784688995216,3.490519564854974e-05,0.0,4.074852662740896e-05,-0.000956937799043,9.674389037846383e-08,-0.0014354066985644,1.0164880562065192e-05,-0.001913875598086,5.108077411982889e-06,0.0009569377990432,4.740450628544727e-06,0.0014354066985646,5.514401751572438e-06,0.0019138755980863,8.745647690213128e-06,0.0023923444976077,0.0001034424373482,0.0028708133971293,7.35253566876325e-06,1,0,0,0,0
1021,38,10:31:06,4,0.0004784688995216,855220.0,0.0007177033492822,0.0004784688995216,2.7010894193667096e-05,0.0,4.074852662740896e-05,-0.000956937799043,9.674389037846383e-08,-0.0014354066985644,5.141647541944216e-05,-0.001913875598086,5.378960305042588e-06,0.0009569377990432,5.204821302361353e-06,0.0014354066985646,5.475704195421052e-06,0.0019138755980863,8.745647690213128e-06,0.0023923444976077,0.000103384391014,0.0028708133971293,7.333186890687557e-06,1,0,0,0,0
1022,38,10:31:09,4,0.0004784688995216,1336269.0,0.0007177033492822,0.0004784688995216,1.6968878372382554e-05,0.0,4.074852662740896e-05,-0.000956937799043,9.674389037846383e-08,-0.0014354066985644,5.304177277780036e-05,-0.001913875598086,5.378960305042588e-06,0.0009569377990432,2.979711823656685e-06,0.0014354066985646,5.475704195421052e-06,0.0019138755980863,8.745647690213128e-06,0.0023923444976077,0.0001034811349044,0.0028708133971293,7.333186890687557e-06,1,0,0,0,0
1023,38,10:31:12,4,0.0004784688995216,1235979.0,0.0009569377990432,0.0004784688995216,1.0332247492419937e-05,0.0,4.074852662740896e-05,-0.000956937799043,2.3218533690831317e-07,-0.0014354066985644,5.45316286896287e-05,-0.001913875598086,6.462491877281383e-06,0.0014354066985646,6.636630879962617e-06,0.0019138755980863,9.326111032483912e-06,0.0023923444976077,0.0001034811349044,0.0028708133971293,7.333186890687557e-06,0.0033492822966507,1.0254852380117164e-06,0,0,0,0,0
1024,38,10:31:15,4,0.0004784688995216,947266.0,0.0007177033492822,0.0004784688995216,2.72817770867268e-06,0.0,4.074852662740896e-05,-0.0004784688995214,1.934877807569276e-08,-0.000956937799043,1.7413900268123485e-07,-0.0014354066985644,5.412530435003915e-05,0.0009569377990432,7.739511230277105e-07,0.0014354066985646,6.636630879962617e-06,0.0019138755980863,9.403506144786684e-06,0.0023923444976077,0.0001034811349044,0.0028708133971293,7.526674671444484e-06,1,0,0,0,0
1025,38,10:31:18,4,0.0004784688995216,706700.0,0.0002392344497608,0.0,3.881364881983968e-05,-0.0004784688995214,1.934877807569276e-08,-0.000956937799043,4.837194518923191e-07,-0.0014354066985644,5.433814090887177e-05,-0.001913875598086,8.319974572547888e-06,0.0004784688995216,1.5672510241311135e-06,0.0009569377990432,9.983969487057465e-06,0.0014354066985646,6.636630879962617e-06,0.0019138755980863,9.403506144786684e-06,0.0023923444976077,0.0001040615982466,0,0,0,0,0
1026,38,10:31:21,4,0.0,922051.0,0.0002392344497608,0.0,3.745923435454119e-05,-0.0004784688995214,1.934877807569276e-08,-0.000956937799043,4.837194518923191e-07,-0.0014354066985644,5.435748968694746e-05,-0.001913875598086,8.319974572547888e-06,0.0004784688995216,1.354414465298493e-06,0.0009569377990432,1.0603130385479636e-05,0.0014354066985646,6.714025992265389e-06,0.0019138755980863,9.59699392554361e-06,0.0023923444976077,0.0001040615982466,0,0,0,0,0
1027,38,10:31:24,4,0.0004784688995216,3665815.0,0.0002392344497608,0.0,2.664326741022893e-05,-0.0004784688995214,1.934877807569276e-08,-0.000956937799043,2.5153411498400597e-06,-0.0014354066985644,5.4396187243098846e-05,-0.001913875598086,8.745647690213128e-06,0.0004784688995216,3.424733719397619e-06,0.0009569377990432,1.9348778075692766e-07,0.0014354066985646,3.6956166124573177e-06,0.0019138755980863,1.0564432829328249e-05,0.0023923444976077,0.0001039648543563,0,0,0,0,0
1028,38,10:31:27,4,0.0004784688995216,554045.0,0.0002392344497608,0.0,2.528885294493044e-05,-0.0004784688995214,3.869755615138552e-08,-0.000956937799043,2.766875264824065e-06,-0.0014354066985644,5.348679467354129e-05,-0.001913875598086,8.803694024440208e-06,0.0004784688995216,5.611145641950901e-06,0.0009569377990432,2.9023167113539144e-07,0.0014354066985646,3.6956166124573177e-06,0.0019138755980863,1.7742829495410264e-05,0.0023923444976077,0.0001039648543563,0,1,0,0,0
1029,38,10:31:30,4,0.0,2420334.0,0.0002392344497608,0.0,5.553099307723823e-06,-0.0004784688995214,1.3544144652984934e-07,-0.000956937799043,2.8636191552025287e-06,-0.0014354066985644,5.350614345161698e-05,-0.001913875598086,8.706950134061744e-06,0.0004784688995216,6.926862551098009e-06,0.0009569377990432,2.9023167113539144e-07,0.0014354066985646,3.6956166124573177e-06,0.0019138755980863,1.7742829495410264e-05,0.0023923444976077,0.0001039648543563,1,0,0,0,0
1030,38,10:31:33,4,0.0004784688995216,1068102.0,-0.0007177033492823,-0.000956937799043,2.8829679332782217e-06,-0.0014354066985644,5.424139701849331e-05,-0.001913875598086,8.919786692894364e-06,-0.0023923444976075,6.195710925173731e-05,-0.0028708133971291,1.4124607995255717e-06,-0.0004784688995214,9.674389037846383e-08,0.0004784688995216,6.559235767659847e-06,0.0009569377990432,3.482780053624697e-07,0.0014354066985646,4.121289730122559e-06,0.0019138755980863,1.783957338578873e-05,1,1,0,0,0
1031,38,10:31:36,4,0.0,612512.0,-0.0004784688995214,-0.000956937799043,3.5601751659274683e-06,-0.0014354066985644,5.424139701849331e-05,-0.001913875598086,8.939135470970056e-06,-0.0023923444976075,6.195710925173731e-05,-0.0028708133971291,1.4124607995255717e-06,0.0,3.676267834381625e-06,0.0004784688995216,5.32091397081551e-06,0.0009569377990432,3.482780053624697e-07,0.0014354066985646,5.088728633907197e-06,0.0019138755980863,1.812980505692412e-05,1,0,0,0,0
1032,38,10:31:39,4,-0.0004784688995214,1292889.0,-0.0007177033492823,-0.000956937799043,3.2892922728677695e-07,-0.0014354066985644,5.251935576975665e-05,-0.001913875598086,8.455416019077737e-06,-0.0023923444976075,6.273106037476502e-05,-0.0028708133971291,1.799436361039427e-06,-0.0004784688995214,1.547902246055421e-07,0.0,4.957156942992486e-05,0.0004784688995216,8.494113575229124e-06,0.0009569377990432,9.287413476332526e-07,0.0014354066985646,5.475704195421052e-06,1,0,0,0,0
1033,38,10:31:42,4,0.0,3962947.0,-0.0007177033492823,-0.0014354066985644,4.150990104468747e-05,-0.001913875598086,8.455416019077737e-06,-0.0023923444976075,6.335022127318719e-05,-0.0028708133971291,1.799436361039427e-06,-0.0033492822966507,1.4763117671753578e-05,0.0,2.875228422047945e-05,0.0004784688995216,1.0951408390842103e-05,0.0009569377990432,9.287413476332526e-07,0.0014354066985646,5.9207260911619855e-06,0.0019138755980863,2.0529053538310025e-05,1,0,0,0,0
1034,38,10:31:45,4,-0.000956937799043,423979.0,-0.0002392344497607,-0.0004784688995214,1.1996242406929513e-06,-0.000956937799043,6.379292131555904e-05,-0.0014354066985644,4.048441580667575e-05,-0.001913875598086,8.455416019077737e-06,-0.0023923444976075,6.344696516356565e-05,0.0,2.970037434618839e-05,0.0004784688995216,1.0564432829328249e-05,0.0009569377990432,1.0603130385479636e-05,0.0014354066985646,6.114213871918913e-06,0.0019138755980863,2.0529053538310025e-05,0,0,0,0,0
1035,38,10:31:48,4,-0.000956937799043,1307314.0,-0.0007177033492823,-0.000956937799043,5.843330978859215e-05,-0.0014354066985644,4.054246214090283e-05,-0.001913875598086,8.648903799834665e-06,-0.0023923444976075,5.096700330474382e-05,-0.0028708133971291,1.799436361039427e-06,-0.0004784688995214,5.456355417345359e-06,0.0,2.9390793896977307e-05,0.0004784688995216,1.0777269388160867e-05,0.0009569377990432,1.162861562349135e-05,0.0014354066985646,6.114213871918913e-06,1,0,0,0,0
1036,38,10:31:51,4,-0.000956937799043,1334488.0,-0.0007177033492823,-0.000956937799043,5.496987851304314e-05,-0.0014354066985644,4.054246214090283e-05,-0.001913875598086,8.648903799834665e-06,-0.0023923444976075,5.179900076199861e-05,-0.0028708133971291,1.799436361039427e-06,-0.0004784688995214,3.927801949365631e-06,0.0,3.0300186466534865e-05,0.0004784688995216,1.0874013278539333e-05,0.0009569377990432,1.1667313179642737e-05,0.0014354066985646,6.114213871918913e-06,0,0,0,0,0
1037,38,10:31:54,4,-0.000956937799043,2829292.0,-0.0007177033492823,-0.000956937799043,3.138449198989669e-05,-0.0014354066985644,4.170338882544439e-05,-0.001913875598086,8.842391580591592e-06,-0.0023923444976075,5.191509343045277e-05,-0.0028708133971291,1.8574826952665047e-06,-0.0004784688995214,9.46155247901376e-06,0.0,3.167394970990905e-05,0.0004784688995216,1.093205961276641e-05,0.0009569377990432,1.1667313179642737e-05,0.0014354066985646,6.114213871918913e-06,0,0,0,0,0
1038,38,10:31:57,4,-0.0004784688995214,5277143.0,-0.0002392344497607,-0.0004784688995214,1.3157169091471078e-06,-0.000956937799043,9.674389037846383e-08,-0.0014354066985644,4.0717375094707095e-05,-0.001913875598086,8.861740358667285e-06,-0.0023923444976075,5.191509343045277e-05,0.0,3.291227150675339e-05,0.0004784688995216,1.3060425201092614e-05,0.0009569377990432,1.1667313179642737e-05,0.0014354066985646,1.0061364599360235e-05,0.0019138755980863,1.940682440991984e-05,0,0,0,0,0
1039,38,10:32:00,4,-0.0004784688995214,3227519.0,-0.0009569377990428,-0.0014354066985644,2.49287721849418e-05,-0.001913875598086,8.861740358667285e-06,-0.0023923444976075,5.181834954007431e-05,-0.0028708133971291,1.9348778075692764e-06,-0.0033492822966507,1.4995303008661891e-05,-0.0004784688995214,3.192548382489306e-06,0.0,3.1499810707227815e-05,0.0004784688995216,1.1667313179642737e-05,0.0009569377990432,1.1860800960399664e-05,0.0014354066985646,1.0061364599360235e-05,0,0,0,0,0
1040,38,10:32:03,4,-0.000956937799043,880962.0,-0.0011961722488037,-0.0014354066985644,2.0768784898667852e-05,-0.001913875598086,8.784345246364515e-06,-0.0023923444976075,5.191509343045277e-05,-0.0028708133971291,1.9348778075692764e-06,-0.0033492822966507,1.4995303008661891e-05,-0.000956937799043,1.0061364599360235e-06,-0.0004784688995214,5.243518858512739e-06,0.0,3.2447900832936765e-05,0.0004784688995216,1.1667313179642737e-05,0.0009569377990432,1.1860800960399664e-05,0,0,0,0,0
1041,38,10:32:06,4,-0.0014354066985644,4709876.0,-0.0016746411483251,-0.001913875598086,5.289762438113645e-06,-0.0023923444976075,5.212792998928539e-05,-0.0028708133971291,1.9348778075692764e-06,-0.0033492822966507,1.4995303008661891e-05,-0.0038277511961721,4.703939484315894e-05,-0.0014354066985644,7.507325893368792e-06,-0.000956937799043,1.1609266845415657e-07,-0.0004784688995214,1.6059485802824992e-06,0.0,3.753662946684396e-05,0.0004784688995216,1.1667313179642737e-05,1,0,0,0,0
1042,38,10:32:09,4,-0.0014354066985644,811612.0,-0.0016746411483251,-0.001913875598086,9.749849272341585e-07,-0.0023923444976075,5.174095442777153e-05,-0.0028708133971291,1.9348778075692764e-06,-0.0033492822966507,1.4995303008661891e-05,-0.0038277511961721,4.705874362123464e-05,-0.0014354066985644,1.0448340160874092e-05,-0.000956937799043,3.656919056305932e-06,-0.0004784688995214,8.358672128699274e-06,0.0,3.79623025845092e-05,0.0004784688995216,1.0699874275858098e-05,1,0,0,0,0
1043,38,10:32:12,4,-0.0014354066985644,1289040.0,-0.001913875598086,-0.0023923444976075,4.538275246431813e-05,-0.0028708133971291,1.8381339171908123e-06,-0.0033492822966507,1.5072698120964662e-05,-0.0038277511961721,4.705874362123464e-05,-0.0043062200956938,2.7339823420953875e-05,-0.0014354066985644,6.404445543054305e-06,-0.000956937799043,4.430870179333643e-06,-0.0004784688995214,1.3195866647622464e-05,0.0,3.74398855764655e-05,0.0004784688995216,1.0699874275858098e-05,1,0,0,0,0
1044,38,10:32:15,4,-0.0023923444976075,2815746.0,-0.0021531100478467,-0.0023923444976075,4.166778707378512e-05,-0.0028708133971291,1.876831473342198e-06,-0.0033492822966507,1.5072698120964662e-05,-0.0038277511961721,4.705874362123464e-05,-0.0043062200956938,2.7339823420953875e-05,-0.001913875598086,7.35253566876325e-07,-0.0014354066985644,5.224170080437046e-07,-0.0004784688995214,9.848528040527617e-06,0.0,3.763337335722242e-05,0.0004784688995216,1.0699874275858098e-05,0,0,0,0,0
1045,38,10:32:18,4,-0.001913875598086,1048897.0,-0.0021531100478467,-0.0023923444976075,3.4334600183097564e-05,-0.0028708133971291,1.876831473342198e-06,-0.0033492822966507,1.5072698120964662e-05,-0.0038277511961721,4.6265443720131234e-05,-0.0043062200956938,2.697219663751571e-05,-0.001913875598086,1.47050713375265e-06,-0.0014354066985644,1.0448340160874092e-06,-0.000956937799043,5.417657861193973e-06,-0.0004784688995214,1.04289913827984e-05,0.0,3.7246397795708566e-05,0,0,0,0,0
1046,38,10:32:21,4,-0.0023923444976075,1288778.0,-0.0021531100478467,-0.0023923444976075,2.7136854738939856e-05,-0.0028708133971291,2.070319254099126e-06,-0.0033492822966507,1.5072698120964662e-05,-0.0038277511961721,4.657502416934232e-05,-0.0043062200956938,2.697219663751571e-05,-0.001913875598086,5.804633422707829e-07,-0.0014354066985644,9.093925695575598e-07,-0.000956937799043,5.417657861193973e-06,-0.0004784688995214,8.494113575229124e-06,0.0,3.728509535185995e-05,0,0,0,0,0
1047,38,10:32:24,4,-0.0023923444976075,702673.0,-0.0021531100478467,-0.0023923444976075,2.253184555692498e-05,-0.0028708133971291,2.070319254099126e-06,-0.0033492822966507,1.5072698120964662e-05,-0.0038277511961721,4.657502416934232e-05,-0.0043062200956938,2.697219663751571e-05,-0.001913875598086,1.114489617159903e-05,-0.0014354066985644,2.4379460375372883e-05,-0.000956937799043,5.417657861193973e-06,-0.0004784688995214,8.881089136742978e-06,0.0,3.743911162534247e-05,0,0,0,0,0
1048,38,10:32:27,4,-0.0023923444976075,2625443.0,-0.0021531100478467,-0.0023923444976075,9.703605692740678e-06,-0.0028708133971291,1.9929241417963544e-06,-0.0033492822966507,1.5092046899040357e-05,-0.0038277511961721,4.655567539126663e-05,-0.0043062200956938,2.697219663751571e-05,-0.001913875598086,4.334126288955179e-06,-0.0014354066985644,2.5791921174898453e-05,-0.000956937799043,1.5672510241311135e-06,-0.0004784688995214,8.958484249045749e-06,0.0,3.743911162534247e-05,0,0,0,0,0
1049,38,10:32:30,4,-0.0033492822966507,2751771.0,-0.0031100478468898,-0.0033492822966507,1.3660237321439093e-05,-0.0038277511961721,4.655567539126663e-05,-0.0043062200956938,2.7049591749818483e-05,-0.0047846889952152,0.0001259733154662,-0.0052631578947368,1.5865998022068066e-05,-0.0028708133971291,5.804633422707829e-07,-0.0023923444976075,1.0196806045890084e-05,-0.0014354066985644,2.237666835675792e-05,-0.000956937799043,1.5672510241311135e-06,-0.0004784688995214,9.210018364029755e-06,0,0,0,0,0
1050,38,10:32:33,4,-0.0023923444976075,5030715.0,-0.0028708133971291,-0.0033492822966507,8.997181805197135e-06,-0.0038277511961721,4.653632661319094e-05,-0.0043062200956938,2.7049591749818483e-05,-0.0047846889952152,0.0001259733154662,-0.0052631578947368,1.5865998022068066e-05,-0.0023923444976075,1.47050713375265e-07,-0.001913875598086,2.3218533690831317e-07,-0.0014354066985644,2.1254439228367744e-05,-0.000956937799043,2.283155812931746e-06,-0.0004784688995214,7.642767339898642e-06,0,0,0,0,0
1051,38,10:32:36,4,-0.0023923444976075,3237382.0,-0.0028708133971291,-0.0033492822966507,7.77820878642849e-06,-0.0038277511961721,4.653632661319094e-05,-0.0043062200956938,2.7049591749818483e-05,-0.0047846889952152,0.0001265537788085,-0.0052631578947368,1.5865998022068066e-05,-0.0023923444976075,2.128365588326204e-07,-0.0014354066985644,4.568053015890304e-06,-0.000956937799043,2.283155812931746e-06,-0.0004784688995214,7.159047888006322e-06,0.0,3.6974740951525845e-05,0,0,0,0,0
1052,38,10:32:39,4,-0.0028708133971291,1166470.0,-0.0033492822966507,-0.0038277511961721,4.5375399928649366e-05,-0.0043062200956938,2.7049591749818483e-05,-0.0047846889952152,0.0001267085690331,-0.0052631578947368,1.5865998022068066e-05,-0.0057416267942582,2.621759429256369e-05,-0.0028708133971291,1.4898559118283427e-06,-0.0023923444976075,3.8117092809114736e-06,-0.001913875598086,4.4502189574093364e-07,-0.0014354066985644,4.374565235133377e-06,-0.000956937799043,2.283155812931746e-06,0,0,0,0,0
1053,38,10:32:42,4,-0.0033492822966507,4401741.0,-0.0035885167464114,-0.0038277511961721,1.163113096464119e-05,-0.0043062200956938,2.7049591749818483e-05,-0.0047846889952152,0.000126689220255,-0.0052631578947368,1.5865998022068066e-05,-0.0057416267942582,2.621759429256369e-05,-0.0033492822966507,7.546023449520178e-07,-0.0028708133971291,1.0448340160874092e-06,-0.0023923444976075,1.2847588642259994e-05,-0.001913875598086,8.513462353304816e-07,-0.0014354066985644,4.374565235133377e-06,0,0,0,0,0
1054,38,10:32:45,4,-0.0043062200956938,3514646.0,-0.0040669856459331,-0.0043062200956938,1.1177595606546952e-05,-0.0047846889952152,0.0001267859641454,-0.0052631578947368,1.5865998022068066e-05,-0.0057416267942582,2.621759429256369e-05,-0.0062200956937799,2.443750670959996e-05,-0.0038277511961721,1.7413900268123486e-06,-0.0033492822966507,2.612085040218523e-06,-0.0028708133971291,2.128365588326204e-06,-0.0023923444976075,1.4937256674434814e-05,-0.001913875598086,2.979711823656685e-06,0,0,0,0,0
1055,38,10:32:48,4,-0.0047846889952152,3524492.0,-0.0045454545454545,-0.0047846889952152,0.000110101319323,-0.0052631578947368,1.5865998022068066e-05,-0.0057416267942582,2.621759429256369e-05,-0.0062200956937799,2.443750670959996e-05,-0.0066985645933013,3.927801949365631e-06,-0.0043062200956938,4.295428732803794e-06,-0.0038277511961721,2.0838633987521104e-05,-0.0033492822966507,4.991984743528732e-06,-0.0028708133971291,2.7862240428997576e-06,-0.0023923444976075,1.4879210340207734e-05,0,0,0,0,0
1056,38,10:32:51,4,-0.0047846889952152,6171452.0,-0.0045454545454545,-0.0047846889952152,5.457032624578008e-05,-0.0052631578947368,1.5865998022068066e-05,-0.0057416267942582,2.621759429256369e-05,-0.0062200956937799,2.443750670959996e-05,-0.0066985645933013,3.927801949365631e-06,-0.0043062200956938,2.708828930596986e-06,-0.0038277511961721,2.3276580025058394e-05,-0.0033492822966507,9.94527193090608e-06,-0.0028708133971291,3.269943494792077e-06,-0.0023923444976075,1.6078834580900686e-05,0,0,0,0,0
1057,38,10:32:54,4,-0.0043062200956938,2776073.0,-0.0045454545454545,-0.0047846889952152,3.1998815693799934e-05,-0.0052631578947368,1.5865998022068066e-05,-0.0057416267942582,2.9661676790037007e-05,-0.0062200956937799,2.443750670959996e-05,-0.0066985645933013,3.927801949365631e-06,-0.0043062200956938,7.197745444157708e-06,-0.0038277511961721,2.6124720157800367e-05,-0.0033492822966507,1.3428051984530778e-05,-0.0028708133971291,2.999060601732378e-06,-0.0023923444976075,1.5846649243992373e-05,0,0,0,0,0
1058,38,10:32:57,4,-0.0047846889952152,2667535.0,-0.0045454545454545,-0.0047846889952152,1.2372576140501738e-05,-0.0052631578947368,1.427939821986126e-05,-0.0057416267942582,2.9661676790037007e-05,-0.0062200956937799,2.436011159729719e-05,-0.0066985645933013,3.927801949365631e-06,-0.0043062200956938,1.4395490888315416e-05,-0.0038277511961721,2.5331420256696964e-05,-0.0033492822966507,1.2770193529957223e-05,-0.0028708133971291,2.999060601732378e-06,-0.0023923444976075,1.5749905353613907e-05,0,0,0,0,1
1059,38,10:33:00,4,-0.0052631578947368,3850013.0,-0.0055023923444975,-0.0057416267942582,2.577257239682276e-05,-0.0062200956937799,2.4224670150767335e-05,-0.0066985645933013,3.927801949365631e-06,-0.0071770334928229,9.94527193090608e-06,-0.0076555023923444,3.521477609776083e-06,-0.0052631578947368,2.708828930596986e-06,-0.0047846889952152,3.981107832964165e-05,-0.0043062200956938,2.1554538776321735e-05,-0.0038277511961721,2.6298859160481604e-05,-0.0033492822966507,9.73243537207346e-06,0,0,0,0,1
1060,38,10:33:03,4,-0.0052631578947368,1172171.0,-0.0055023923444975,-0.0057416267942582,1.832329283768105e-05,-0.0062200956937799,2.4224670150767335e-05,-0.0066985645933013,3.927801949365631e-06,-0.0071770334928229,9.94527193090608e-06,-0.0076555023923444,3.521477609776083e-06,-0.0052631578947368,1.232517163421629e-05,-0.0047846889952152,9.480030562076048e-05,-0.0043062200956938,2.345071902773963e-05,-0.0038277511961721,2.084250374313624e-05,-0.0033492822966507,9.65504025977069e-06,0,0,0,0,1
1061,38,10:33:06,4,-0.0062200956937799,3190167.0,-0.0057416267942582,-0.0062200956937799,2.2115653340516827e-05,-0.0066985645933013,3.927801949365631e-06,-0.0071770334928229,9.94527193090608e-06,-0.0076555023923444,3.521477609776083e-06,-0.0081339712918659,3.3860361632462336e-06,-0.0052631578947368,3.753662946684396e-06,-0.0047846889952152,0.0001290669915928,-0.0043062200956938,2.4379460375372883e-05,-0.0038277511961721,1.8462604039826035e-05,-0.0033492822966507,9.46155247901376e-06,0,0,0,0,1
1062,38,10:33:09,4,-0.0057416267942582,1082230.0,-0.005980861244019,-0.0062200956937799,1.3776329989893248e-05,-0.0066985645933013,3.927801949365631e-06,-0.0071770334928229,9.94527193090608e-06,-0.0076555023923444,3.521477609776083e-06,-0.0081339712918659,3.3860361632462336e-06,-0.0057416267942582,8.068440457563883e-06,-0.0052631578947368,6.849467438795238e-06,-0.0047846889952152,0.0001386059391841,-0.0043062200956938,2.4368625059650494e-05,-0.0038277511961721,1.8617394264431576e-05,0,0,0,0,1
1063,38,10:33:12,4,-0.0062200956937799,1607703.0,-0.005980861244019,-0.0062200956937799,8.319974572547888e-07,-0.0066985645933013,3.927801949365631e-06,-0.0071770334928229,9.94527193090608e-06,-0.0076555023923444,5.108077411982889e-06,-0.0081339712918659,3.3860361632462336e-06,-0.0057416267942582,1.6407763808187462e-05,-0.0052631578947368,8.010394123336804e-06,-0.0047846889952152,0.0001341170226705,-0.0043062200956938,1.8776828195775284e-05,-0.0038277511961721,1.7553211470268474e-05,0,0,0,0,1
1064,38,10:33:15,4,-0.0066985645933013,1388586.0,-0.006937799043062,-0.0071770334928229,4.005197061668402e-06,-0.0076555023923444,5.108077411982889e-06,-0.0081339712918659,3.424733719397619e-06,-0.0086124401913875,4.953287187377347e-06,-0.0090909090909089,8.861740358667285e-06,-0.0066985645933013,4.837194518923191e-07,-0.0062200956937799,1.4724420115602192e-05,-0.0057416267942582,2.0529053538310025e-05,-0.0052631578947368,8.861740358667285e-06,-0.0047846889952152,0.0001261646748814,0,0,0,1,2
1065,38,10:33:18,4,-0.0076555023923444,676399.0,-0.0074162679425837,-0.0076555023923444,3.753662946684396e-06,-0.0081339712918659,3.424733719397619e-06,-0.0086124401913875,3.018409379808071e-06,-0.0090909090909089,8.861740358667285e-06,-0.0095693779904305,4.387645009112545e-05,-0.0071770334928229,3.802034891873628e-07,-0.0066985645933013,1.1609266845415657e-07,-0.0062200956937799,2.697219663751571e-05,-0.0057416267942582,2.341202147158824e-05,-0.0052631578947368,1.0738571832009485e-05,0,0,0,1,2
1066,38,10:33:21,4,-0.0076555023923444,348607.0,-0.0074162679425837,-0.0076555023923444,2.37989970331021e-06,-0.0081339712918659,3.424733719397619e-06,-0.0086124401913875,3.018409379808071e-06,-0.0090909090909089,8.958484249045749e-06,-0.0095693779904305,4.408928664995808e-05,-0.0071770334928229,2.9023167113539144e-07,-0.0066985645933013,9.480901257089452e-07,-0.0062200956937799,3.765272213529812e-05,-0.0057416267942582,2.2792860573166078e-05,-0.0052631578947368,1.2576705749200296e-05,0,0,0,1,2
1067,38,10:33:24,4,-0.0071770334928229,1121746.0,-0.0078947368421051,-0.0086124401913875,5.417657861193974e-07,-0.0090909090909089,9.151972029802676e-06,-0.0095693779904305,4.3779706200746985e-05,-0.0100478468899519,1.093205961276641e-05,-0.0105263157894736,2.9742941657954917e-05,-0.0071770334928229,4.005197061668402e-06,-0.0066985645933013,1.5092046899040356e-06,-0.0062200956937799,4.308972877456778e-05,-0.0057416267942582,2.1128865658656497e-05,-0.0052631578947368,1.246061308074614e-05,0,0,0,1,2
1068,38,10:33:27,4,-0.0090909090909089,1371317.0,-0.0093301435406698,-0.0095693779904305,6.312848427643975e-05,-0.0100478468899519,1.093205961276641e-05,-0.0105263157894736,2.9742941657954917e-05,-0.011004784688995,1.0835315722387947e-06,-0.0114832535885166,5.645973442487148e-05,-0.0090909090909089,3.444082497473312e-06,-0.0081339712918659,5.785284644632136e-06,-0.0076555023923444,1.2789542308032916e-05,-0.0071770334928229,1.3006248622480676e-05,-0.0066985645933013,7.720162452201413e-06,1,2,1,2,2
1069,38,10:33:30,4,-0.0090909090909089,909128.0,-0.0086124401913875,-0.0090909090909089,4.933938409301655e-06,-0.0095693779904305,6.063249190467538e-05,-0.0100478468899519,1.093205961276641e-05,-0.0105263157894736,2.9742941657954917e-05,-0.011004784688995,1.0835315722387947e-06,-0.0081339712918659,1.267344963957876e-05,-0.0076555023923444,3.2796178838299234e-05,-0.0071770334928229,1.598596044613736e-05,-0.0066985645933013,1.3060425201092614e-05,-0.0062200956937799,3.515672976353375e-05,0,0,0,2,2
1070,38,10:33:33,4,-0.0086124401913875,1522056.0,-0.0090909090909089,-0.0095693779904305,5.560180960499527e-05,-0.0100478468899519,1.093205961276641e-05,-0.0105263157894736,2.9742941657954917e-05,-0.011004784688995,1.0835315722387947e-06,-0.0114832535885166,5.645973442487148e-05,-0.0086124401913875,1.9735753637206617e-06,-0.0081339712918659,1.5304883457872977e-05,-0.0076555023923444,3.776881480375228e-05,-0.0071770334928229,1.8056279700236487e-05,-0.0066985645933013,1.3273261759925236e-05,0,0,0,2,2
1071,38,10:33:36,4,-0.0090909090909089,5217075.0,-0.0093301435406698,-0.0095693779904305,1.7213833902820822e-05,-0.0100478468899519,1.0835315722387946e-05,-0.0105263157894736,2.9549453877197983e-05,-0.011004784688995,1.141577906465873e-06,-0.0114832535885166,5.645973442487148e-05,-0.0090909090909089,2.128365588326204e-07,-0.0086124401913875,1.1609266845415657e-07,-0.0081339712918659,1.561446390708406e-05,-0.0076555023923444,3.4750405423944204e-05,-0.0071770334928229,1.865609182058296e-05,0,0,2,2,2
1072,38,10:33:39,4,-0.0086124401913875,1865172.0,-0.0088516746411482,-0.0090909090909089,2.51534114984006e-07,-0.0095693779904305,1.947648001099233e-06,-0.0100478468899519,1.0970757168917796e-05,-0.0105263157894736,2.9549453877197983e-05,-0.011004784688995,1.141577906465873e-06,-0.0086124401913875,5.030682299680119e-07,-0.0081339712918659,1.569185901938683e-05,-0.0076555023923444,2.430206526307011e-05,-0.0071770334928229,1.7708001694874015e-05,-0.0066985645933013,8.610206243683279e-06,0,1,1,2,2
1073,38,10:33:42,4,-0.0095693779904305,2019928.0,-0.0098086124401912,-0.0100478468899519,1.1543480999958302e-06,-0.0105263157894736,2.964619776757645e-05,-0.011004784688995,1.141577906465873e-06,-0.0114832535885166,5.645973442487148e-05,-0.0119617224880382,1.0332247492419937e-05,-0.0095693779904305,9.093925695575598e-07,-0.0090909090909089,1.1222291283901802e-06,-0.0086124401913875,1.2770193529957225e-06,-0.0081339712918659,1.569185901938683e-05,-0.0076555023923444,2.3915089701556256e-05,2,1,1,2,2
1074,38,10:33:45,4,-0.0095693779904305,3068985.0,-0.0102870813397127,-0.0105263157894736,2.883354908839736e-05,-0.011004784688995,1.3350656872228009e-06,-0.0114832535885166,5.645973442487148e-05,-0.0119617224880382,1.0332247492419937e-05,-0.0124401913875596,1.1609266845415658e-06,-0.0100478468899519,3.869755615138552e-08,-0.0095693779904305,7.855603898731262e-06,-0.0090909090909089,9.353199321789882e-07,-0.0086124401913875,2.2057607006289748e-06,-0.0081339712918659,1.5807951687840987e-05,1,1,1,2,2
1075,38,10:33:48,4,-0.0095693779904305,3319905.0,-0.0098086124401912,-0.0100478468899519,4.8565432969988834e-06,-0.0105263157894736,6.466361632896521e-06,-0.011004784688995,1.5285534679797282e-06,-0.0114832535885166,5.676931487408257e-05,-0.0119617224880382,1.0332247492419937e-05,-0.0095693779904305,1.2131683853459362e-05,-0.0090909090909089,8.249158044790852e-06,-0.0086124401913875,2.0509704760234327e-06,-0.0081339712918659,1.6988227150458247e-05,-0.0076555023923444,1.867157084304352e-05,0,0,1,2,2
1076,38,10:33:51,4,-0.0105263157894736,4080749.0,-0.0107655502392343,-0.011004784688995,7.758860008352799e-06,-0.0114832535885166,5.295760559317109e-05,-0.0119617224880382,1.0545084051252555e-05,-0.0124401913875596,1.1609266845415658e-06,-0.0129186602870813,3.15385082633792e-06,-0.0105263157894736,8.900437914818671e-07,-0.0100478468899519,8.47476479715343e-06,-0.0095693779904305,1.056056307371311e-05,-0.0090909090909089,2.223832459351672e-05,-0.0086124401913875,2.128365588326204e-06,1,2,2,2,2
1077,38,10:33:54,4,-0.0105263157894736,1453648.0,-0.0107655502392343,-0.011004784688995,1.0061364599360235e-06,-0.0114832535885166,5.334458115468495e-05,-0.0119617224880382,1.1009454725069182e-05,-0.0124401913875596,1.1609266845415658e-06,-0.0129186602870813,3.15385082633792e-06,-0.0105263157894736,4.798496962771805e-06,-0.0100478468899519,9.848528040527617e-06,-0.0095693779904305,1.2224557988222688e-05,-0.0090909090909089,2.140632713626193e-05,-0.0086124401913875,2.3218533690831315e-06,2,2,2,2,2
1078,38,10:33:57,4,-0.0086124401913875,8208741.0,-0.0083732057416267,-0.0086124401913875,2.4028473541079813e-05,-0.0095693779904305,1.5672510241311135e-06,-0.0100478468899519,1.1222291283901802e-06,-0.0105263157894736,1.9929241417963544e-06,-0.011004784688995,7.739511230277106e-08,-0.0081339712918659,1.6001439468597914e-05,-0.0076555023923444,1.0351596270495628e-05,-0.0071770334928229,1.3621539765287703e-05,-0.0066985645933013,6.675328436114004e-06,-0.0062200956937799,1.232517163421629e-05,0,0,1,2,2
1079,38,10:34:00,4,-0.0105263157894736,4271174.0,-0.0107655502392343,-0.011004784688995,7.739511230277105e-07,-0.0114832535885166,5.448615906115082e-05,-0.0119617224880382,1.2073637519232285e-05,-0.0124401913875596,1.1609266845415658e-06,-0.0129186602870813,2.186411922553282e-06,-0.0105263157894736,2.3782357083957e-05,-0.0100478468899519,2.507601638609782e-06,-0.0095693779904305,4.179336064349637e-06,-0.0090909090909089,3.85040683706286e-06,-0.0081339712918659,1.3002378866865537e-05,2,2,2,2,2
1080,38,10:34:03,4,-0.0114832535885166,4054276.0,-0.0112440191387559,-0.0114832535885166,4.957156942992486e-05,-0.0119617224880382,1.232517163421629e-05,-0.0124401913875596,1.1609266845415658e-06,-0.0129186602870813,2.186411922553282e-06,-0.0133971291866027,5.611145641950901e-06,-0.011004784688995,9.287413476332526e-07,-0.0105263157894736,4.64641556709686e-06,-0.0100478468899519,2.5462991947611674e-06,-0.0095693779904305,5.940074869237678e-06,-0.0090909090909089,3.85040683706286e-06,1,2,2,2,2
1081,38,10:34:06,4,-0.011004784688995,878310.0,-0.0112440191387559,-0.0114832535885166,4.684339172125218e-05,-0.0119617224880382,1.2944332532638458e-05,-0.0124401913875596,1.7413900268123486e-06,-0.0129186602870813,2.2444582567803605e-06,-0.0133971291866027,5.611145641950901e-06,-0.011004784688995,2.37989970331021e-06,-0.0105263157894736,4.607718010945474e-06,-0.0100478468899519,2.739786975518095e-06,-0.0095693779904305,5.9013773130862925e-06,-0.0090909090909089,4.140638508198252e-06,2,2,2,2,2
1082,38,10:34:09,4,-0.0095693779904305,5269467.0,-0.0093301435406698,-0.0095693779904305,4.41655208355763e-06,-0.0100478468899519,1.547902246055421e-07,-0.0105263157894736,4.334126288955179e-06,-0.011004784688995,4.06324339589548e-07,-0.0114832535885166,3.111283514571396e-05,-0.0090909090909089,4.97263596545304e-06,-0.0086124401913875,7.70081367412572e-06,-0.0081339712918659,1.112554739352334e-05,-0.0076555023923444,4.005197061668402e-06,-0.0071770334928229,8.745647690213128e-06,1,2,2,2,2
1083,38,10:34:12,4,-0.0105263157894736,1172512.0,-0.0100478468899521,-0.0105263157894736,1.0190420949125108e-05,-0.011004784688995,2.0122729198720474e-06,-0.0114832535885166,3.173199604413613e-05,-0.0119617224880382,1.2944332532638458e-05,-0.0124401913875596,2.03162169794774e-06,-0.0095693779904305,1.7413900268123485e-07,-0.0090909090909089,3.7730117247600887e-06,-0.0086124401913875,1.3602190987212012e-05,-0.0081339712918659,1.1028803503144876e-05,-0.0076555023923444,4.005197061668402e-06,1,1,2,2,2
1084,38,10:34:15,4,-0.0095693779904305,2682175.0,-0.0098086124401912,-0.0100478468899519,2.302504591007439e-06,-0.011004784688995,3.940765630676345e-06,-0.0114832535885166,3.318315439981309e-05,-0.0119617224880382,1.3989166548725868e-05,-0.0124401913875596,2.225109478704668e-06,-0.0095693779904305,3.869755615138552e-08,-0.0090909090909089,2.554038705991445e-06,-0.0086124401913875,1.4685722559450809e-05,-0.0081339712918659,1.1028803503144876e-05,-0.0076555023923444,3.598872722078854e-06,1,1,2,2,2
1085,38,10:34:18,4,-0.0105263157894736,1311201.0,-0.0107655502392343,-0.011004784688995,3.044472183876029e-05,-0.0114832535885166,3.389905918861372e-05,-0.0119617224880382,1.5420976126327132e-05,-0.0124401913875596,2.418597259461595e-06,-0.0129186602870813,4.043894617819787e-06,-0.0105263157894736,6.772072326492467e-07,-0.0100478468899519,4.643706738166263e-07,-0.0095693779904305,5.088728633907197e-06,-0.0090909090909089,4.488916513560721e-06,-0.0086124401913875,1.6136880915127766e-05,1,2,2,2,2
1086,38,10:34:21,4,-0.0095693779904305,2513907.0,-0.0093301435406698,-0.0095693779904305,3.444082497473312e-06,-0.0105263157894736,2.37989970331021e-06,-0.011004784688995,5.495962366066302e-05,-0.0114832535885166,3.446017375280881e-05,-0.0119617224880382,1.555641757285698e-05,-0.0090909090909089,3.424733719397619e-06,-0.0086124401913875,1.6136880915127766e-05,-0.0081339712918659,8.958484249045749e-06,-0.0076555023923444,3.598872722078854e-06,-0.0071770334928229,6.9655601072493945e-06,2,1,2,2,2
1087,38,10:34:24,4,-0.0095693779904305,884335.0,-0.0093301435406698,-0.0095693779904305,8.31610481693275e-06,-0.0100478468899519,1.9348778075692766e-07,-0.0105263157894736,5.74658708848075e-06,-0.011004784688995,5.871328660734742e-05,-0.0114832535885166,3.575654188388022e-05,-0.0090909090909089,2.824921599051144e-06,-0.0086124401913875,1.3815027546044632e-05,-0.0081339712918659,4.8758920750745765e-06,-0.0076555023923444,3.598872722078854e-06,-0.0071770334928229,6.9655601072493945e-06,2,1,2,2,2
1088,38,10:34:27,4,-0.0105263157894736,1221303.0,-0.0098086124401912,-0.0105263157894736,9.477031501474315e-06,-0.011004784688995,6.0609466858765306e-05,-0.0114832535885166,3.718835146148149e-05,-0.0119617224880382,1.619492724935484e-05,-0.0124401913875596,2.4766435936886736e-06,-0.0090909090909089,1.6833436925852705e-06,-0.0086124401913875,1.456962989099665e-05,-0.0081339712918659,4.8758920750745765e-06,-0.0076555023923444,3.598872722078854e-06,-0.0071770334928229,6.172260206145991e-06,1,2,2,2,2
1089,38,10:34:30,4,-0.0100478468899519,643323.0,-0.0100478468899521,-0.0105263157894736,1.0405772849107568e-05,-0.011004784688995,6.235085688557766e-05,-0.0114832535885166,3.981978527977571e-05,-0.0119617224880382,1.638841503011177e-05,-0.0124401913875596,2.4766435936886736e-06,-0.0095693779904305,8.145835569866653e-06,-0.0090909090909089,1.47050713375265e-06,-0.0086124401913875,1.456962989099665e-05,-0.0081339712918659,4.8758920750745765e-06,-0.0076555023923444,3.598872722078854e-06,1,2,2,2,2
1090,38,10:34:33,4,-0.011004784688995,9608378.0,-0.0102870813397127,-0.011004784688995,6.196833154302121e-06,-0.0114832535885166,4.01100169509111e-05,-0.0119617224880382,1.6833436925852703e-05,-0.0124401913875596,2.4766435936886736e-06,-0.0129186602870813,4.450218957409336e-06,-0.0095693779904305,4.471889588854111e-06,-0.0090909090909089,3.8117092809114736e-06,-0.0086124401913875,1.456962989099665e-05,-0.0081339712918659,4.8758920750745765e-06,-0.0076555023923444,3.598872722078854e-06,1,2,2,2,2
1091,38,10:34:36,4,-0.0081339712918659,7022600.0,-0.0078947368421051,-0.0081339712918659,1.9946268342670155e-05,-0.0100478468899519,9.640915651775433e-06,-0.0105263157894736,2.844270377126836e-06,-0.0114832535885166,4.014871450706248e-05,-0.0119617224880382,1.8168502613075504e-05,-0.0076555023923444,3.289292272867769e-06,-0.0071770334928229,6.114213871918913e-06,-0.0066985645933013,5.53375052964813e-06,-0.0062200956937799,6.868816216870931e-06,-0.0057416267942582,4.314777510879486e-06,0,0,1,2,1
1092,38,10:34:39,4,-0.0081339712918659,1619013.0,-0.0078947368421051,-0.0081339712918659,5.41533600782489e-06,-0.0090909090909089,1.7413900268123485e-07,-0.0095693779904305,1.6639949145095776e-06,-0.0100478468899519,9.96984487906221e-06,-0.0105263157894736,1.625297358358192e-05,-0.0076555023923444,3.289292272867769e-06,-0.0071770334928229,7.2170942222334e-06,-0.0066985645933013,5.53375052964813e-06,-0.0062200956937799,6.8301186607195456e-06,-0.0057416267942582,4.314777510879486e-06,0,1,2,2,1
1093,38,10:34:42,4,-0.0105263157894736,2851826.0,-0.0102870813397127,-0.0105263157894736,1.2446488472750884e-05,-0.011004784688995,1.8961802514178909e-06,-0.0114832535885166,4.072917784933327e-05,-0.0119617224880382,1.8439385506135204e-05,-0.0124401913875596,2.554038705991445e-06,-0.0100478468899519,3.482780053624697e-07,-0.0095693779904305,3.5624970192965514e-06,-0.0090909090909089,2.16512826667002e-05,-0.0086124401913875,1.1028803503144874e-06,-0.0076555023923444,3.289292272867769e-06,2,2,2,2,2
1094,38,10:34:45,4,-0.0095693779904305,2091679.0,-0.0100478468899521,-0.0105263157894736,1.454060672388311e-06,-0.011004784688995,3.579523944003161e-06,-0.0114832535885166,4.2064243536556063e-05,-0.0119617224880382,1.8884407401876135e-05,-0.0124401913875596,9.268064698256831e-06,-0.0095693779904305,8.203881904093731e-06,-0.0090909090909089,2.213500211859252e-05,-0.0086124401913875,1.1028803503144874e-06,-0.0081339712918659,5.359611526966895e-06,-0.0076555023923444,3.947150727441323e-06,2,2,2,2,2
1095,38,10:34:48,4,-0.0095693779904305,1241794.0,-0.0100478468899521,-0.0105263157894736,2.9052190280652683e-06,-0.011004784688995,5.398309083118281e-06,-0.0114832535885166,4.307037999649209e-05,-0.0119617224880382,1.9019848848405983e-05,-0.0124401913875596,8.687601355986051e-06,-0.0095693779904305,6.772072326492467e-07,-0.0090909090909089,2.157388755439743e-05,-0.0086124401913875,1.1028803503144874e-06,-0.0081339712918659,8.997181805197135e-06,-0.0076555023923444,3.947150727441323e-06,2,2,2,2,2
1096,38,10:34:51,4,-0.0090909090909089,639026.0,-0.0093301435406698,-0.0095693779904305,9.577645147467915e-06,-0.0100478468899519,5.804633422707829e-07,-0.0105263157894736,3.296064345194262e-06,-0.011004784688995,7.5653722275958705e-06,-0.0114832535885166,4.341865800185456e-05,-0.0090909090909089,2.0587099872537094e-05,-0.0086124401913875,1.1028803503144874e-06,-0.0081339712918659,1.2092986297307976e-05,-0.0076555023923444,4.218033620501022e-06,-0.0071770334928229,4.933938409301655e-06,1,2,2,2,2
1097,38,10:34:54,4,-0.0090909090909089,2843187.0,-0.0088516746411482,-0.0090909090909089,7.77820878642849e-06,-0.0095693779904305,1.288628619841138e-05,-0.0100478468899519,2.534689927915752e-06,-0.0105263157894736,1.3376777722630192e-05,-0.011004784688995,8.726298912137435e-06,-0.0086124401913875,1.1028803503144874e-06,-0.0081339712918659,1.2286474078064903e-05,-0.0076555023923444,4.218033620501022e-06,-0.0071770334928229,4.933938409301655e-06,-0.0066985645933013,5.53375052964813e-06,2,2,2,2,1
1098,38,10:34:57,4,-0.0090909090909089,668941.0,-0.0088516746411482,-0.0090909090909089,1.780087582963734e-06,-0.0095693779904305,2.397313603578333e-05,-0.0100478468899519,3.540826387851776e-06,-0.0105263157894736,1.643388465858965e-05,-0.011004784688995,1.0196806045890084e-05,-0.0086124401913875,2.766875264824065e-06,-0.0081339712918659,1.1957544850778128e-05,-0.0076555023923444,3.173199604413613e-06,-0.0071770334928229,4.933938409301655e-06,-0.0066985645933013,5.398309083118281e-06,2,2,2,2,1
1099,38,10:35:00,4,-0.0086124401913875,1321165.0,-0.0083732057416267,-0.0086124401913875,3.656919056305932e-06,-0.0095693779904305,2.710763808404556e-05,-0.0100478468899519,4.140638508198252e-06,-0.0105263157894736,1.7246533337768745e-05,-0.011004784688995,1.2692798417654453e-05,-0.0081339712918659,1.2151032631535057e-05,-0.0076555023923444,3.173199604413613e-06,-0.0071770334928229,4.933938409301655e-06,-0.0066985645933013,5.398309083118281e-06,-0.0062200956937799,6.539886989584154e-06,1,2,2,2,1
1100,38,10:35:03,4,-0.0090909090909089,1315031.0,-0.0093301435406698,-0.0095693779904305,2.209630456244113e-05,-0.0100478468899519,4.082592173971173e-06,-0.0105263157894736,1.916206236726233e-05,-0.011004784688995,1.331195931607662e-05,-0.0114832535885166,4.4656979798698895e-05,-0.0090909090909089,8.319974572547888e-07,-0.0086124401913875,9.674389037846383e-08,-0.0081339712918659,7.894301454882647e-06,-0.0076555023923444,3.173199604413613e-06,-0.0071770334928229,4.933938409301655e-06,2,2,2,2,1
1101,38,10:35:06,4,-0.0095693779904305,821848.0,-0.0093301435406698,-0.0095693779904305,1.2499310636897524e-05,-0.0100478468899519,4.159987286273944e-06,-0.0105263157894736,1.7672206455433986e-05,-0.011004784688995,1.5053349342888969e-05,-0.0114832535885166,4.844934030153468e-05,-0.0090909090909089,1.379954852358408e-05,-0.0086124401913875,9.674389037846383e-08,-0.0081339712918659,7.99104534526111e-06,-0.0076555023923444,3.115153270186535e-06,-0.0071770334928229,4.933938409301655e-06,2,2,2,2,1
1102,38,10:35:09,4,-0.0071770334928229,4014598.0,-0.0074162679425837,-0.0076555023923444,3.076455714035149e-06,-0.0081339712918659,3.888717417652732e-05,-0.0086124401913875,3.676267834381625e-07,-0.0090909090909089,7.159047888006322e-07,-0.0095693779904305,1.3215215425698156e-05,-0.0071770334928229,3.192548382489306e-06,-0.0066985645933013,5.398309083118281e-06,-0.0062200956937799,6.539886989584154e-06,-0.0057416267942582,4.314777510879486e-06,-0.0052631578947368,1.6446461364338848e-06,1,2,2,1,0
1103,38,10:35:12,4,-0.0076555023923444,223992.0,-0.0074162679425837,-0.0076555023923444,1.625297358358192e-06,-0.0081339712918659,4.505943438267331e-05,-0.0086124401913875,1.1028803503144874e-06,-0.0090909090909089,3.231245938640692e-06,-0.0095693779904305,1.7800875829637343e-05,-0.0071770334928229,3.192548382489306e-06,-0.0066985645933013,5.398309083118281e-06,-0.0062200956937799,6.539886989584154e-06,-0.0057416267942582,3.9664995055170165e-06,-0.0052631578947368,1.6446461364338848e-06,1,2,2,1,0
1104,38,10:35:15,4,-0.0081339712918659,1824336.0,-0.0078947368421051,-0.0081339712918659,3.0296316710919727e-05,-0.0086124401913875,1.7413900268123486e-06,-0.0090909090909089,9.210018364029755e-06,-0.0095693779904305,1.9600312190676768e-05,-0.0100478468899519,4.779148184696112e-06,-0.0076555023923444,7.35253566876325e-07,-0.0071770334928229,3.192548382489306e-06,-0.0066985645933013,5.398309083118281e-06,-0.0062200956937799,6.539886989584154e-06,-0.0057416267942582,3.9664995055170165e-06,2,2,2,2,1
1105,38,10:35:18,4,-0.0076555023923444,1228375.0,-0.0078947368421051,-0.0081339712918659,2.2045223788321306e-05,-0.0086124401913875,1.7413900268123486e-06,-0.0090909090909089,1.162861562349135e-05,-0.0095693779904305,2.0703192540991256e-05,-0.0100478468899519,2.457294815612981e-05,-0.0076555023923444,2.3218533690831317e-07,-0.0071770334928229,1.4898559118283427e-06,-0.0066985645933013,5.398309083118281e-06,-0.0062200956937799,6.44314309920569e-06,-0.0057416267942582,3.9664995055170165e-06,1,2,2,1,0
1106,38,10:35:21,4,-0.0071770334928229,587005.0,-0.006937799043062,-0.0071770334928229,1.1028803503144874e-06,-0.0076555023923444,2.51534114984006e-07,-0.0081339712918659,2.067146054494712e-05,-0.0086124401913875,1.780087582963734e-06,-0.0090909090909089,1.112554739352334e-05,-0.0066985645933013,2.4747087158811044e-05,-0.0062200956937799,6.44314309920569e-06,-0.0057416267942582,3.9664995055170165e-06,-0.0052631578947368,1.6446461364338848e-06,-0.0047846889952152,1.3621539765287703e-05,0,2,2,1,0
1107,38,10:35:24,4,-0.0071770334928229,1062262.0,-0.006937799043062,-0.0071770334928229,4.140638508198252e-06,-0.0076555023923444,4.159987286273944e-06,-0.0081339712918659,2.0071648424600643e-05,-0.0086124401913875,3.656919056305932e-06,-0.0090909090909089,1.0177457267814394e-05,-0.0066985645933013,1.983249752758508e-05,-0.0062200956937799,6.423794321129997e-06,-0.0057416267942582,3.9664995055170165e-06,-0.0052631578947368,1.6446461364338848e-06,-0.0047846889952152,1.3698934877590476e-05,1,2,1,1,0
1108,38,10:35:27,4,-0.0076555023923444,662256.0,-0.006937799043062,-0.0071770334928229,5.8046334227078287e-08,-0.0076555023923444,6.516668455893323e-06,-0.0081339712918659,1.6008405028705165e-05,-0.0086124401913875,3.656919056305932e-06,-0.0090909090909089,1.099010594699349e-05,-0.0066985645933013,1.983249752758508e-05,-0.0062200956937799,6.423794321129997e-06,-0.0057416267942582,5.9013773130862925e-06,-0.0052631578947368,1.6446461364338848e-06,-0.0047846889952152,1.3698934877590476e-05,1,2,2,1,0
1109,38,10:35:30,4,-0.0076555023923444,1062002.0,-0.0071770334928229,-0.0076555023923444,7.120350331854937e-07,-0.0081339712918659,1.6008405028705165e-05,-0.0086124401913875,3.656919056305932e-06,-0.0090909090909089,1.106750105929626e-05,-0.0095693779904305,2.317983613467993e-05,-0.0066985645933013,1.909724396070876e-05,-0.0062200956937799,5.1467749681342745e-06,-0.0057416267942582,5.9013773130862925e-06,-0.0052631578947368,1.6446461364338848e-06,-0.0047846889952152,1.3698934877590476e-05,2,2,2,0,0
1110,38,10:35:33,4,-0.0071770334928229,1598336.0,-0.0074162679425837,-0.0076555023923444,1.1183593727750417e-06,-0.0081339712918659,1.655017081482456e-05,-0.0086124401913875,3.656919056305932e-06,-0.0090909090909089,1.106750105929626e-05,-0.0095693779904305,2.2425233789727916e-05,-0.0071770334928229,1.3931120214498788e-06,-0.0066985645933013,6.8107698826438525e-06,-0.0062200956937799,5.1467749681342745e-06,-0.0057416267942582,5.9013773130862925e-06,-0.0052631578947368,2.0509704760234327e-06,2,2,2,1,1
1111,38,10:35:36,4,-0.0076555023923444,1984517.0,-0.0078947368421051,-0.0081339712918659,5.710985336821476e-06,-0.0086124401913875,3.6375702782302393e-06,-0.0090909090909089,1.0680525497782404e-05,-0.0095693779904305,2.205760700628975e-05,-0.0100478468899519,2.478578471496243e-05,-0.0076555023923444,4.779148184696112e-06,-0.0071770334928229,4.62435796009057e-06,-0.0066985645933013,5.9013773130862925e-06,-0.0062200956937799,5.1467749681342745e-06,-0.0057416267942582,5.9013773130862925e-06,2,2,2,1,1
1112,38,10:35:39,4,-0.0066985645933013,2085383.0,-0.0064593301435406,-0.0066985645933013,7.313838112611864e-06,-0.0071770334928229,5.8046334227078287e-08,-0.0076555023923444,8.706950134061743e-07,-0.0081339712918659,5.014429326096536e-06,-0.0086124401913875,4.682404294317648e-06,-0.0062200956937799,4.991984743528732e-06,-0.0057416267942582,5.9013773130862925e-06,-0.0052631578947368,2.0509704760234327e-06,-0.0047846889952152,1.3737632433741862e-05,-0.0043062200956938,1.400851532680156e-05,1,2,1,0,0
1113,38,10:35:42,4,-0.0066985645933013,350845.0,-0.0064593301435406,-0.0066985645933013,5.417657861193973e-06,-0.0071770334928229,2.9410142675053e-06,-0.0076555023923444,2.689480152521294e-06,-0.0081339712918659,5.072475660323614e-06,-0.0086124401913875,4.546962847787799e-06,-0.0062200956937799,4.97263596545304e-06,-0.0057416267942582,5.9013773130862925e-06,-0.0052631578947368,2.167063144477589e-06,-0.0047846889952152,1.3408703206455085e-05,-0.0043062200956938,1.400851532680156e-05,2,2,1,0,0
1114,38,10:35:45,4,-0.0066985645933013,541846.0,-0.0064593301435406,-0.0066985645933013,2.5153411498400597e-06,-0.0071770334928229,3.85040683706286e-06,-0.0076555023923444,6.501189433432768e-06,-0.0081339712918659,5.033778104172229e-06,-0.0086124401913875,4.546962847787799e-06,-0.0062200956937799,4.914589631225962e-06,-0.0057416267942582,3.9664995055170165e-06,-0.0052631578947368,2.167063144477589e-06,-0.0047846889952152,1.3408703206455085e-05,-0.0043062200956938,1.400851532680156e-05,2,2,1,0,0
1115,38,10:35:48,4,-0.0062200956937799,2389770.0,-0.0057416267942582,-0.0062200956937799,2.3218533690831317e-07,-0.0066985645933013,1.3544144652984934e-07,-0.0071770334928229,3.927801949365631e-06,-0.0076555023923444,9.132623251726983e-06,-0.0081339712918659,5.420753665686085e-06,-0.0052631578947368,1.6059485802824992e-06,-0.0047846889952152,1.3408703206455085e-05,-0.0043062200956938,1.400851532680156e-05,-0.0038277511961721,4.1445082638133895e-06,-0.0033492822966507,5.611145641950901e-06,1,2,1,0,0
1116,38,10:35:51,4,-0.0062200956937799,1932136.0,-0.0057416267942582,-0.0066985645933013,9.693737815922074e-06,-0.0071770334928229,4.933938409301655e-06,-0.0076555023923444,9.0939256955756e-06,-0.0081339712918659,5.652939002594397e-06,-0.0086124401913875,4.159987286273944e-06,-0.0047846889952152,6.44314309920569e-06,-0.0043062200956938,1.4105259217180023e-05,-0.0038277511961721,4.1445082638133895e-06,-0.0033492822966507,5.611145641950901e-06,-0.0028708133971291,1.2963681310714152e-06,1,1,1,0,0
1117,38,10:35:54,4,-0.0062200956937799,1598886.0,-0.005980861244019,-0.0062200956937799,7.797557564504183e-06,-0.0066985645933013,1.1396430286583035e-05,-0.0071770334928229,5.224170080437046e-06,-0.0076555023923444,1.0177457267814394e-05,-0.0081339712918659,5.749682892972862e-06,-0.0057416267942582,5.8046334227078287e-08,-0.0043062200956938,1.0409642604722706e-05,-0.0038277511961721,4.1445082638133895e-06,-0.0033492822966507,5.611145641950901e-06,-0.0028708133971291,1.2963681310714152e-06,1,1,1,0,0
1118,38,10:35:57,4,-0.0047846889952152,791674.0,-0.0045454545454545,-0.0047846889952152,1.934877807569276e-08,-0.0057416267942582,1.9348778075692764e-06,-0.0062200956937799,7.00425766340078e-06,-0.0066985645933013,1.1802754626172583e-05,-0.0071770334928229,5.417657861193973e-06,-0.0043062200956938,1.0409642604722706e-05,-0.0038277511961721,4.1445082638133895e-06,-0.0033492822966507,5.707889532329365e-06,-0.0028708133971291,1.2963681310714152e-06,-0.0023923444976075,4.8565432969988834e-06,1,0,0,0,0
1119,38,10:36:00,4,-0.0062200956937799,706997.0,-0.0050239234449759,-0.0057416267942582,1.934877807569276e-08,-0.0062200956937799,1.3602190987212012e-05,-0.0066985645933013,1.2441264302670446e-05,-0.0071770334928229,7.507325893368792e-06,-0.0076555023923444,9.59699392554361e-06,-0.0043062200956938,8.223230682169424e-06,-0.0038277511961721,4.1445082638133895e-06,-0.0033492822966507,5.649843198102287e-06,-0.0028708133971291,1.2963681310714152e-06,-0.0023923444976075,4.8565432969988834e-06,1,0,0,0,0
1120,38,10:36:03,4,-0.0057416267942582,451100.0,-0.0055023923444975,-0.0057416267942582,2.167063144477589e-06,-0.0062200956937799,1.892310495802752e-05,-0.0066985645933013,1.2441264302670446e-05,-0.0071770334928229,7.507325893368792e-06,-0.0076555023923444,9.480901257089452e-06,-0.0052631578947368,1.0254852380117164e-06,-0.0047846889952152,7.739511230277106e-08,-0.0043062200956938,7.35253566876325e-06,-0.0038277511961721,4.1445082638133895e-06,-0.0033492822966507,5.649843198102287e-06,1,1,1,0,0
1121,38,10:36:06,4,-0.0047846889952152,1026533.0,-0.0052631578947368,-0.0057416267942582,7.739511230277106e-08,-0.0062200956937799,1.5537068794781287e-05,-0.0066985645933013,1.253800819304891e-05,-0.0071770334928229,7.449279559141714e-06,-0.0076555023923444,7.681464896050026e-06,-0.0047846889952152,1.1222291283901802e-06,-0.0043062200956938,7.35253566876325e-06,-0.0038277511961721,4.1445082638133895e-06,-0.0033492822966507,5.649843198102287e-06,-0.0028708133971291,1.2963681310714152e-06,1,1,0,0,0
1122,38,10:36:09,4,-0.0062200956937799,2376268.0,-0.0055023923444975,-0.0062200956937799,5.8046334227078287e-08,-0.0066985645933013,9.538947591316533e-06,-0.0071770334928229,9.38415736671099e-06,-0.0076555023923444,7.236443000309093e-06,-0.0081339712918659,5.188568328777771e-06,-0.0047846889952152,8.513462353304816e-07,-0.0043062200956938,7.546023449520177e-06,-0.0038277511961721,4.531483825327245e-06,-0.0033492822966507,5.9207260911619855e-06,-0.0028708133971291,1.2963681310714152e-06,1,1,0,0,0
1123,38,10:36:12,4,-0.0057416267942582,613402.0,-0.0050239234449759,-0.0057416267942582,6.8107698826438525e-06,-0.0062200956937799,1.8381339171908123e-06,-0.0066985645933013,9.558296369392224e-06,-0.0071770334928229,9.38415736671099e-06,-0.0076555023923444,7.159047888006322e-06,-0.0043062200956938,6.617282101886925e-06,-0.0038277511961721,4.531483825327245e-06,-0.0033492822966507,5.9207260911619855e-06,-0.0028708133971291,1.2963681310714152e-06,-0.0023923444976075,5.050031077755811e-06,1,1,0,0,0
1124,38,10:36:15,4,-0.0047846889952152,432682.0,-0.0050239234449759,-0.0052631578947368,3.482780053624697e-07,-0.0057416267942582,7.720162452201413e-06,-0.0062200956937799,1.8381339171908123e-06,-0.0066985645933013,9.829179262451924e-06,-0.0071770334928229,9.38415736671099e-06,-0.0047846889952152,1.3157169091471078e-06,-0.0043062200956938,5.553099307723823e-06,-0.0038277511961721,4.531483825327245e-06,-0.0033492822966507,5.9207260911619855e-06,-0.0028708133971291,1.2963681310714152e-06,0,1,0,0,0
1125,38,10:36:18,4,-0.0052631578947368,933652.0,-0.0050239234449759,-0.0052631578947368,4.005197061668402e-06,-0.0057416267942582,5.398309083118281e-06,-0.0062200956937799,2.573387484067137e-06,-0.0066985645933013,9.829179262451924e-06,-0.0071770334928229,1.0003318265133158e-05,-0.0047846889952152,7.236443000309093e-06,-0.0043062200956938,5.359611526966895e-06,-0.0038277511961721,4.334126288955179e-06,-0.0033492822966507,5.978772425389064e-06,-0.0028708133971291,1.2963681310714152e-06,0,0,0,0,0
1126,38,10:36:21,4,-0.0057416267942582,1694051.0,-0.0055023923444975,-0.0062200956937799,8.12648679179096e-07,-0.0066985645933013,8.010394123336804e-06,-0.0071770334928229,1.0022667043208853e-05,-0.0076555023923444,7.546023449520177e-06,-0.0081339712918659,3.115153270186535e-06,-0.0047846889952152,4.121289730122559e-06,-0.0043062200956938,5.359611526966895e-06,-0.0038277511961721,4.334126288955179e-06,-0.0033492822966507,5.978772425389064e-06,-0.0028708133971291,1.2963681310714152e-06,1,1,0,0,0
1127,38,10:36:24,4,-0.0062200956937799,1343422.0,-0.005980861244019,-0.0062200956937799,2.766875264824065e-06,-0.0066985645933013,8.397369684850658e-06,-0.0071770334928229,1.0564432829328249e-05,-0.0076555023923444,7.546023449520177e-06,-0.0081339712918659,2.979711823656685e-06,-0.0057416267942582,1.3544144652984934e-07,-0.0043062200956938,2.702637321612765e-06,-0.0038277511961721,4.334126288955179e-06,-0.0033492822966507,5.978772425389064e-06,-0.0028708133971291,1.2963681310714152e-06,1,0,0,0,0
1128,38,10:36:27,4,-0.0047846889952152,1446884.0,-0.0052631578947368,-0.0057416267942582,3.869755615138553e-07,-0.0062200956937799,2.167063144477589e-06,-0.0066985645933013,8.397369684850658e-06,-0.0071770334928229,1.0661176719706712e-05,-0.0076555023923444,7.546023449520177e-06,-0.0047846889952152,4.779148184696112e-06,-0.0043062200956938,2.4534250599978425e-07,-0.0038277511961721,4.334126288955179e-06,-0.0033492822966507,5.978772425389064e-06,-0.0028708133971291,1.2963681310714152e-06,1,0,0,0,0
1129,38,10:36:30,4,-0.0062200956937799,1356830.0,-0.005980861244019,-0.0062200956937799,1.6639949145095776e-06,-0.0066985645933013,8.436067241002044e-06,-0.0071770334928229,1.2015591185005204e-05,-0.0076555023923444,7.546023449520177e-06,-0.0081339712918659,3.037758157883764e-06,-0.0057416267942582,4.75979940662042e-06,-0.0052631578947368,2.0567751094461408e-05,-0.0047846889952152,5.282216414664124e-06,-0.0043062200956938,2.4534250599978425e-07,-0.0038277511961721,4.334126288955179e-06,1,0,0,0,0
1130,38,10:36:33,4,-0.0062200956937799,920212.0,-0.005980861244019,-0.0062200956937799,6.675328436114004e-06,-0.0066985645933013,3.734314168608704e-06,-0.0071770334928229,1.1938196072702436e-05,-0.0076555023923444,7.546023449520177e-06,-0.0081339712918659,2.921665489429607e-06,-0.0057416267942582,2.999060601732378e-06,-0.0052631578947368,2.0896680321748184e-05,-0.0047846889952152,6.365747986902919e-06,-0.0043062200956938,2.64691284075477e-07,-0.0038277511961721,4.334126288955179e-06,1,1,0,0,0
1131,38,10:36:36,4,-0.0057416267942582,1325720.0,-0.0055023923444975,-0.0057416267942582,1.6446461364338848e-06,-0.0062200956937799,4.508265291636414e-06,-0.0066985645933013,3.734314168608704e-06,-0.0071770334928229,1.2073637519232285e-05,-0.0076555023923444,7.35253566876325e-06,-0.0052631578947368,1.7607388048880415e-05,-0.0047846889952152,1.2058932447894758e-05,-0.0043062200956938,2.64691284075477e-07,-0.0038277511961721,4.334126288955179e-06,-0.0033492822966507,5.978772425389064e-06,1,0,0,0,0
1132,38,10:36:39,4,-0.0052631578947368,596643.0,-0.0055023923444975,-0.0057416267942582,8.513462353304816e-07,-0.0062200956937799,1.814915383499981e-06,-0.0066985645933013,3.9664995055170165e-06,-0.0071770334928229,1.2073637519232285e-05,-0.0076555023923444,7.35253566876325e-06,-0.0052631578947368,1.8903756179951828e-05,-0.0047846889952152,1.2058932447894758e-05,-0.0043062200956938,6.516668455893322e-07,-0.0038277511961721,4.334126288955179e-06,-0.0033492822966507,5.978772425389064e-06,0,0,0,0,0
1133,38,10:36:42,4,-0.0057416267942582,803371.0,-0.0055023923444975,-0.0057416267942582,1.2305822856140596e-05,-0.0062200956937799,2.0548402316385715e-06,-0.0066985645933013,4.2760799547281006e-06,-0.0071770334928229,1.2092986297307976e-05,-0.0076555023923444,7.371884446838942e-06,-0.0052631578947368,1.836199039383243e-05,-0.0047846889952152,1.2136327560197528e-05,-0.0043062200956938,6.516668455893322e-07,-0.0038277511961721,4.334126288955179e-06,-0.0033492822966507,5.978772425389064e-06,0,0,0,0,0
1134,38,10:36:45,4,-0.0057416267942582,527860.0,-0.0055023923444975,-0.0057416267942582,9.771132928224844e-06,-0.0062200956937799,1.2174251165225886e-05,-0.0066985645933013,4.2760799547281006e-06,-0.0071770334928229,1.218973018768644e-05,-0.0076555023923444,7.371884446838942e-06,-0.0052631578947368,1.7433249046199178e-05,-0.0047846889952152,1.2194373894424607e-05,-0.0043062200956938,6.516668455893322e-07,-0.0038277511961721,4.334126288955179e-06,-0.0033492822966507,5.185472524285661e-06,0,0,0,0,0
1135,38,10:36:48,4,-0.0062200956937799,2653313.0,-0.005980861244019,-0.0062200956937799,5.6343641756417325e-06,-0.0066985645933013,4.2760799547281006e-06,-0.0071770334928229,1.224777652191352e-05,-0.0076555023923444,7.371884446838942e-06,-0.0081339712918659,5.378960305042588e-06,-0.0057416267942582,1.9735753637206617e-06,-0.0052631578947368,1.6291671139733307e-05,-0.0047846889952152,1.2929627461300932e-05,-0.0043062200956938,6.516668455893322e-07,-0.0038277511961721,4.334126288955179e-06,1,0,0,0,0
1136,38,10:36:51,4,-0.0057416267942582,843398.0,-0.005980861244019,-0.0062200956937799,6.036818759616142e-07,-0.0066985645933013,4.392172623182257e-06,-0.0071770334928229,1.224777652191352e-05,-0.0076555023923444,7.371884446838942e-06,-0.0081339712918659,5.378960305042588e-06,-0.0057416267942582,1.9580963412601075e-05,-0.0052631578947368,1.4898559118283427e-05,-0.0047846889952152,1.2929627461300932e-05,-0.0043062200956938,6.516668455893322e-07,-0.0038277511961721,9.151972029802676e-06,0,0,0,0,0
1137,38,10:36:54,4,-0.0062200956937799,1440646.0,-0.0066985645933014,-0.0071770334928229,6.195478739836822e-06,-0.0076555023923444,7.371884446838942e-06,-0.0081339712918659,5.378960305042588e-06,-0.0086124401913875,4.237382398576715e-06,-0.0090909090909089,1.1899498516551049e-05,-0.0062200956937799,5.417657861193974e-07,-0.0057416267942582,2.079993643136972e-05,-0.0052631578947368,1.4898559118283427e-05,-0.0047846889952152,1.3568137137798794e-05,-0.0043062200956938,6.516668455893322e-07,0,0,0,0,0
1138,38,10:36:57,4,-0.0066985645933013,489811.0,-0.006937799043062,-0.0071770334928229,3.1383718038773662e-06,-0.0076555023923444,7.371884446838942e-06,-0.0081339712918659,5.378960305042588e-06,-0.0086124401913875,4.237382398576715e-06,-0.0090909090909089,1.1899498516551049e-05,-0.0066985645933013,5.8046334227078287e-08,-0.0062200956937799,6.191608984221684e-07,-0.0057416267942582,2.443750670959996e-05,-0.0052631578947368,1.3389354428379392e-05,-0.0047846889952152,1.3529439581647408e-05,0,0,0,1,0
1139,38,10:37:00,4,-0.0081339712918659,1632642.0,-0.0071770334928229,-0.0081339712918659,3.119023025801673e-06,-0.0086124401913875,4.237382398576715e-06,-0.0090909090909089,1.1899498516551049e-05,-0.0095693779904305,2.6836755190985866e-05,-0.0100478468899519,2.455359937805412e-05,-0.0062200956937799,1.4898559118283427e-06,-0.0057416267942582,2.536624805723321e-05,-0.0052631578947368,1.867157084304352e-05,-0.0047846889952152,1.3529439581647408e-05,-0.0043062200956938,6.516668455893322e-07,2,0,0,1,0
1140,38,10:37:03,4,-0.0062200956937799,222215.0,-0.0064593301435406,-0.0066985645933013,1.9348778075692764e-06,-0.0071770334928229,5.611145641950901e-07,-0.0081339712918659,3.119023025801673e-06,-0.0086124401913875,4.237382398576715e-06,-0.0090909090909089,1.2131683853459362e-05,-0.0062200956937799,6.327050430751533e-06,-0.0057416267942582,2.5037318829946437e-05,-0.0052631578947368,1.867157084304352e-05,-0.0047846889952152,1.739919519678596e-05,-0.0043062200956938,6.516668455893322e-07,0,0,0,0,0
1141,38,10:37:06,4,-0.0076555023923444,639037.0,-0.0078947368421051,-0.0081339712918659,2.732047464287818e-06,-0.0086124401913875,4.140638508198252e-06,-0.0090909090909089,1.2131683853459362e-05,-0.0095693779904305,2.708828930596987e-05,-0.0100478468899519,2.455359937805412e-05,-0.0076555023923444,2.708828930596987e-07,-0.0071770334928229,3.6182215001545462e-06,-0.0066985645933013,1.1609266845415657e-07,-0.0062200956937799,8.764996468288822e-06,-0.0057416267942582,2.465034326843258e-05,1,1,1,1,1
1142,38,10:37:09,4,-0.0076555023923444,479268.0,-0.0074162679425837,-0.0076555023923444,5.8046334227078287e-08,-0.0081339712918659,2.383769458925348e-06,-0.0086124401913875,5.53375052964813e-06,-0.0090909090909089,1.2228427743837826e-05,-0.0095693779904305,2.689480152521294e-05,-0.0071770334928229,7.932999011034033e-07,-0.0066985645933013,1.974349314843689e-06,-0.0062200956937799,1.1183593727750417e-05,-0.0057416267942582,2.4166623816540266e-05,-0.0052631578947368,1.867157084304352e-05,1,1,0,1,0
1143,38,10:37:12,4,-0.0081339712918659,329900.0,-0.0078947368421051,-0.0081339712918659,2.1322353439413425e-06,-0.0086124401913875,5.53375052964813e-06,-0.0090909090909089,1.2305822856140596e-05,-0.0095693779904305,2.7068940527894176e-05,-0.0100478468899519,2.455359937805412e-05,-0.0076555023923444,1.0254852380117164e-06,-0.0071770334928229,5.8046334227078287e-08,-0.0066985645933013,2.2065346517520026e-06,-0.0062200956937799,1.352479587490924e-05,-0.0057416267942582,2.499862127379505e-05,1,1,0,1,1
1144,38,10:37:15,4,-0.0062200956937799,811386.0,-0.0064593301435406,-0.0066985645933013,5.7272383104050584e-08,-0.0081339712918659,7.584721005671563e-07,-0.0086124401913875,8.881089136742978e-06,-0.0090909090909089,1.232517163421629e-05,-0.0095693779904305,2.7146335640196945e-05,-0.0062200956937799,1.5208139567494512e-05,-0.0057416267942582,2.5308201723006133e-05,-0.0052631578947368,1.934877807569276e-05,-0.0047846889952152,1.844402921287337e-05,-0.0043062200956938,6.516668455893322e-07,0,0,0,0,0
1145,38,10:37:18,4,-0.0076555023923444,612339.0,-0.0074162679425837,-0.0076555023923444,1.354414465298493e-06,-0.0081339712918659,4.353475067030872e-06,-0.0086124401913875,8.881089136742978e-06,-0.0090909090909089,1.050638649510117e-05,-0.0095693779904305,2.72817770867268e-05,-0.0071770334928229,4.853447492506773e-06,-0.0062200956937799,1.44341884444668e-05,-0.0057416267942582,2.32572312469827e-05,-0.0052631578947368,1.934877807569276e-05,-0.0047846889952152,1.850207554710045e-05,0,1,0,0,0
1146,38,10:37:21,4,-0.0081339712918659,371225.0,-0.0076555023923443,-0.0081339712918659,3.869755615138553e-06,-0.0086124401913875,9.829179262451924e-06,-0.0090909090909089,1.112554739352334e-05,-0.0095693779904305,2.7688101426316344e-05,-0.0100478468899519,2.455359937805412e-05,-0.0071770334928229,4.718006045976923e-06,-0.0062200956937799,1.751064415850195e-05,-0.0057416267942582,2.341202147158824e-05,-0.0052631578947368,1.934877807569276e-05,-0.0047846889952152,1.8211843875965057e-05,0,1,0,1,0
1147,38,10:37:24,4,-0.0076555023923444,1011612.0,-0.0074162679425837,-0.0076555023923444,2.128365588326204e-07,-0.0081339712918659,2.9023167113539144e-07,-0.0086124401913875,6.9655601072493945e-06,-0.0090909090909089,2.025817064525032e-05,-0.0095693779904305,2.8055728209754506e-05,-0.0071770334928229,4.311681706387375e-06,-0.0066985645933013,9.867876818603309e-07,-0.0062200956937799,1.6794739369701316e-05,-0.0057416267942582,2.317983613467993e-05,-0.0052631578947368,1.934877807569276e-05,1,1,0,0,0
1148,38,10:37:27,4,-0.0076555023923444,470860.0,-0.0078947368421051,-0.0081339712918659,1.9348778075692766e-07,-0.0086124401913875,6.8301186607195456e-06,-0.0090909090909089,2.0354914535628788e-05,-0.0095693779904305,2.91392597819933e-05,-0.0100478468899519,2.455359937805412e-05,-0.0076555023923444,2.612085040218523e-06,-0.0071770334928229,6.7109301877732775e-06,-0.0066985645933013,2.2444582567803605e-06,-0.0062200956937799,2.0354914535628788e-05,-0.0057416267942582,2.3373323915436856e-05,1,1,0,1,1
1149,38,10:37:30,4,-0.0081339712918659,184506.0,-0.0083732057416267,-0.0086124401913875,4.043894617819787e-06,-0.0090909090909089,2.0354914535628788e-05,-0.0095693779904305,3.080325469650288e-05,-0.0100478468899519,2.455359937805412e-05,-0.0105263157894736,2.748203693981021e-05,-0.0081339712918659,3.8117092809114736e-06,-0.0076555023923444,5.8820285350106e-06,-0.0071770334928229,7.542927645028067e-06,-0.0066985645933013,2.2444582567803605e-06,-0.0062200956937799,2.010338042064478e-05,1,1,1,1,1
1150,38,10:37:33,4,-0.0086124401913875,3661930.0,-0.0083732057416267,-0.0086124401913875,3.869755615138552e-08,-0.0090909090909089,3.342114437014411e-06,-0.0095693779904305,3.124827659224381e-05,-0.0100478468899519,2.455359937805412e-05,-0.0105263157894736,2.748203693981021e-05,-0.0081339712918659,3.482780053624697e-07,-0.0076555023923444,7.894301454882647e-06,-0.0071770334928229,7.523578866952374e-06,-0.0066985645933013,2.708828930596986e-06,-0.0062200956937799,2.010338042064478e-05,1,1,1,1,1
1151,38,10:37:36,4,-0.0081339712918659,567883.0,-0.0083732057416267,-0.0086124401913875,5.804633422707829e-06,-0.0090909090909089,2.103792640170074e-06,-0.0095693779904305,3.117088147994104e-05,-0.0100478468899519,2.403118237001041e-05,-0.0105263157894736,2.786901250132407e-05,-0.0081339712918659,4.4502189574093364e-07,-0.0076555023923444,1.2267125299989212e-05,-0.0071770334928229,7.63967153540653e-06,-0.0066985645933013,3.424733719397619e-06,-0.0062200956937799,1.909724396070876e-05,1,1,1,1,1
1152,38,10:37:39,4,-0.0081339712918659,377193.0,-0.0078947368421051,-0.0081339712918659,1.1609266845415657e-07,-0.0086124401913875,3.734314168608704e-06,-0.0090909090909089,2.6649072043651643e-06,-0.0095693779904305,3.117088147994104e-05,-0.0100478468899519,2.403118237001041e-05,-0.0076555023923444,1.1880149738475356e-05,-0.0071770334928229,3.3829403587541227e-06,-0.0066985645933013,3.3279898290191552e-06,-0.0062200956937799,1.8903756179951828e-05,-0.0057416267942582,2.3218533690831315e-05,1,0,1,1,1
1153,38,10:37:42,4,-0.0081339712918659,524472.0,-0.0083732057416267,-0.0086124401913875,4.043894617819787e-06,-0.0090909090909089,3.82583388890673e-06,-0.0095693779904305,3.146111315107643e-05,-0.0100478468899519,2.403118237001041e-05,-0.0105263157894736,2.794640761362684e-05,-0.0081339712918659,1.934877807569276e-08,-0.0076555023923444,1.3370005650303698e-05,-0.0071770334928229,4.4858207090686105e-06,-0.0066985645933013,3.4634312755490046e-06,-0.0062200956937799,1.8903756179951828e-05,1,0,1,1,1
1154,38,10:37:45,4,-0.0081339712918659,532716.0,-0.0078947368421051,-0.0081339712918659,6.9462113291737015e-06,-0.0086124401913875,3.3086410509434626e-06,-0.0090909090909089,4.986760573448296e-06,-0.0095693779904305,3.163525215375767e-05,-0.0100478468899519,2.40698799261618e-05,-0.0076555023923444,1.302172764494123e-05,-0.0071770334928229,4.447123152917224e-06,-0.0066985645933013,4.237382398576715e-06,-0.0062200956937799,1.8903756179951828e-05,-0.0057416267942582,2.3218533690831315e-05,1,0,1,1,1
1155,38,10:37:48,4,-0.0081339712918659,339979.0,-0.0078947368421051,-0.0081339712918659,9.577645147467915e-06,-0.0086124401913875,9.983969487057465e-06,-0.0090909090909089,5.335038578810765e-06,-0.0095693779904305,3.213832038372568e-05,-0.0100478468899519,2.40698799261618e-05,-0.0076555023923444,1.3737632433741862e-05,-0.0071770334928229,4.447123152917224e-06,-0.0066985645933013,4.237382398576715e-06,-0.0062200956937799,2.141522757417675e-05,-0.0057416267942582,2.2231746008970985e-05,1,0,1,1,1
1156,38,10:37:51,4,-0.0081339712918659,501675.0,-0.0078947368421051,-0.0081339712918659,1.0564432829328249e-05,-0.0086124401913875,9.983969487057465e-06,-0.0090909090909089,5.393084913037844e-06,-0.0095693779904305,3.565979799350176e-05,-0.0100478468899519,2.40698799261618e-05,-0.0076555023923444,1.3563493431060627e-05,-0.0071770334928229,3.92470614487352e-06,-0.0066985645933013,4.237382398576715e-06,-0.0062200956937799,2.141522757417675e-05,-0.0057416267942582,2.21930484528196e-05,0,0,1,1,1
1157,38,10:37:54,4,-0.0081339712918659,325461.0,-0.0078947368421051,-0.0081339712918659,1.071922305393379e-05,-0.0086124401913875,1.0274201158192858e-05,-0.0090909090909089,6.012245811460012e-06,-0.0095693779904305,3.629830766999962e-05,-0.0100478468899519,2.40698799261618e-05,-0.0076555023923444,2.2018909450138365e-05,-0.0071770334928229,3.982752479100598e-06,-0.0066985645933013,4.83719451892319e-06,-0.0062200956937799,2.141522757417675e-05,-0.0057416267942582,2.21930484528196e-05,0,0,1,1,1
1158,38,10:37:57,4,-0.0086124401913875,1932029.0,-0.0083732057416267,-0.0086124401913875,8.165184347942346e-06,-0.0090909090909089,6.089640923762783e-06,-0.0095693779904305,3.651114422883224e-05,-0.0100478468899519,2.387639214540487e-05,-0.0105263157894736,2.2760935089341183e-05,-0.0081339712918659,1.3215215425698156e-05,-0.0076555023923444,2.109403785812025e-05,-0.0071770334928229,4.0407988133276766e-06,-0.0066985645933013,5.030682299680119e-06,-0.0062200956937799,2.141522757417675e-05,0,0,1,1,2
1159,38,10:38:00,4,-0.0086124401913875,582400.0,-0.0083732057416267,-0.0086124401913875,5.998121203464756e-06,-0.0090909090909089,6.476616485276639e-06,-0.0095693779904305,3.730444412993565e-05,-0.0100478468899519,2.387639214540487e-05,-0.0105263157894736,2.289637653587103e-05,-0.0081339712918659,1.4027864104877253e-05,-0.0076555023923444,2.1055340301968863e-05,-0.0071770334928229,4.0407988133276766e-06,-0.0066985645933013,5.030682299680119e-06,-0.0062200956937799,2.1802203135690607e-05,1,1,1,1,2
1160,38,10:38:03,4,-0.0086124401913875,1063344.0,-0.0083732057416267,-0.0086124401913875,4.508265291636414e-06,-0.0090909090909089,6.631406709882181e-06,-0.0095693779904305,3.747858313261688e-05,-0.0100478468899519,2.387639214540487e-05,-0.0105263157894736,2.289637653587103e-05,-0.0081339712918659,1.3834376324120324e-05,-0.0076555023923444,2.0823154965060556e-05,-0.0071770334928229,4.0407988133276766e-06,-0.0066985645933013,5.030682299680119e-06,-0.0062200956937799,1.965448876928871e-05,0,1,1,1,2
1161,38,10:38:06,4,-0.0086124401913875,1525014.0,-0.0088516746411482,-0.0090909090909089,8.063216287483445e-06,-0.0095693779904305,3.757532702299535e-05,-0.0100478468899519,2.387639214540487e-05,-0.0105263157894736,2.289637653587103e-05,-0.011004784688995,1.4027864104877253e-05,-0.0086124401913875,3.5601751659274683e-06,-0.0081339712918659,1.218973018768644e-05,-0.0076555023923444,2.0823154965060556e-05,-0.0071770334928229,4.0407988133276766e-06,-0.0066985645933013,5.030682299680119e-06,1,1,1,1,2
1162,38,10:38:09,4,-0.0090909090909089,532423.0,-0.0088516746411482,-0.0090909090909089,6.786196934487723e-06,-0.0095693779904305,3.825253425564459e-05,-0.0100478468899519,2.387639214540487e-05,-0.0105263157894736,2.295442287009811e-05,-0.011004784688995,1.4027864104877253e-05,-0.0086124401913875,2.6827080801948017e-06,-0.0081339712918659,1.3776329989893248e-05,-0.0076555023923444,2.0823154965060556e-05,-0.0071770334928229,4.0407988133276766e-06,-0.0066985645933013,5.030682299680119e-06,1,1,1,1,2
1163,38,10:38:12,4,-0.0086124401913875,2203417.0,-0.0090909090909089,-0.0095693779904305,3.0256264740303044e-05,-0.0100478468899519,2.3373323915436856e-05,-0.0105263157894736,2.295442287009811e-05,-0.011004784688995,1.406656166102864e-05,-0.0114832535885166,4.895240853150269e-05,-0.0086124401913875,8.440904435520969e-06,-0.0081339712918659,1.8381339171908125e-05,-0.0076555023923444,2.0823154965060556e-05,-0.0071770334928229,4.0407988133276766e-06,-0.0066985645933013,5.030682299680119e-06,1,1,2,1,2
1164,38,10:38:15,4,-0.0086124401913875,258978.0,-0.0088516746411482,-0.0090909090909089,9.674389037846383e-08,-0.0095693779904305,3.184286454250985e-05,-0.0100478468899519,2.3373323915436856e-05,-0.0105263157894736,2.314791065085504e-05,-0.011004784688995,1.4105259217180023e-05,-0.0086124401913875,8.86657755318621e-06,-0.0081339712918659,1.7607388048880415e-05,-0.0076555023923444,2.2758032772629823e-05,-0.0071770334928229,4.0407988133276766e-06,-0.0066985645933013,5.030682299680119e-06,1,1,1,1,2
1165,38,10:38:18,4,-0.0090909090909089,362473.0,-0.0093301435406698,-0.0095693779904305,3.2152444991720934e-05,-0.0100478468899519,2.345071902773963e-05,-0.0105263157894736,2.305116676047657e-05,-0.011004784688995,1.4163305551407104e-05,-0.0114832535885166,4.870087441651868e-05,-0.0090909090909089,1.3350656872228009e-06,-0.0086124401913875,8.711787328580666e-06,-0.0081339712918659,1.756869049272903e-05,-0.0076555023923444,1.416717530702224e-05,-0.0071770334928229,4.0407988133276766e-06,2,1,1,1,2
1166,38,10:38:21,4,-0.0086124401913875,430817.0,-0.0088516746411482,-0.0090909090909089,3.2892922728677695e-07,-0.0095693779904305,3.178481820828277e-05,-0.0100478468899519,2.345071902773963e-05,-0.0105263157894736,2.305116676047657e-05,-0.011004784688995,1.4163305551407104e-05,-0.0086124401913875,8.092626430158498e-06,-0.0081339712918659,1.7607388048880415e-05,-0.0076555023923444,1.416717530702224e-05,-0.0071770334928229,4.0407988133276766e-06,-0.0066985645933013,5.030682299680119e-06,1,1,1,1,2
1167,38,10:38:24,4,-0.0090909090909089,784975.0,-0.0093301435406698,-0.0095693779904305,3.108826219755783e-05,-0.0100478468899519,2.345071902773963e-05,-0.0105263157894736,2.305116676047657e-05,-0.011004784688995,1.4047212882952946e-05,-0.0114832535885166,4.926198898071377e-05,-0.0090909090909089,5.8046334227078287e-08,-0.0086124401913875,5.403146277637204e-06,-0.0081339712918659,1.7065622262761016e-05,-0.0076555023923444,1.416717530702224e-05,-0.0071770334928229,3.963403701024905e-06,1,2,1,1,2
1168,38,10:38:27,4,-0.0090909090909089,1321404.0,-0.0093301435406698,-0.0095693779904305,2.911468683383717e-05,-0.0100478468899519,2.3508765361966708e-05,-0.0105263157894736,2.314791065085504e-05,-0.011004784688995,1.4047212882952946e-05,-0.0114832535885166,4.926198898071377e-05,-0.0090909090909089,9.674389037846382e-07,-0.0086124401913875,5.07905424486935e-07,-0.0081339712918659,1.6485158920490234e-05,-0.0076555023923444,1.459284842468748e-05,-0.0071770334928229,3.963403701024905e-06,1,2,2,1,2
1169,38,10:38:30,4,-0.0090909090909089,625268.0,-0.0088516746411482,-0.0090909090909089,8.319974572547888e-07,-0.0095693779904305,2.55545116679097e-05,-0.0100478468899519,2.3702253142723635e-05,-0.0105263157894736,2.295442287009811e-05,-0.011004784688995,1.4047212882952946e-05,-0.0086124401913875,1.7897619720015804e-07,-0.0081339712918659,1.3989166548725868e-05,-0.0076555023923444,1.4573499646611788e-05,-0.0071770334928229,4.195589037933219e-06,-0.0066985645933013,5.0113335216044255e-06,1,2,1,1,2
1170,38,10:38:33,4,-0.0086124401913875,1040732.0,-0.0083732057416267,-0.0086124401913875,5.296727998220894e-06,-0.0090909090909089,2.134170221748912e-05,-0.0095693779904305,2.7450691919327592e-05,-0.0100478468899519,2.3702253142723635e-05,-0.0105263157894736,2.2993120426249493e-05,-0.0081339712918659,1.1996242406929512e-05,-0.0076555023923444,1.4573499646611788e-05,-0.0071770334928229,4.195589037933219e-06,-0.0066985645933013,5.0113335216044255e-06,-0.0062200956937799,1.9151420539320696e-05,1,1,1,1,2
1171,38,10:38:36,4,-0.0090909090909089,1613753.0,-0.0088516746411482,-0.0090909090909089,1.73123191832261e-05,-0.0095693779904305,2.967580139803226e-05,-0.0100478468899519,2.381834581117779e-05,-0.0105263157894736,2.279963264549257e-05,-0.011004784688995,1.2305822856140596e-05,-0.0086124401913875,5.804633422707829e-07,-0.0081339712918659,1.1512522955037194e-05,-0.0076555023923444,9.968490464596911e-06,-0.0071770334928229,4.195589037933219e-06,-0.0066985645933013,5.0113335216044255e-06,1,2,1,2,2
1172,38,10:38:39,4,-0.0090909090909089,613998.0,-0.0088516746411482,-0.0090909090909089,1.5292306752123775e-05,-0.0095693779904305,3.0817379304498136e-05,-0.0100478468899519,2.381834581117779e-05,-0.0105263157894736,2.289637653587103e-05,-0.011004784688995,1.2441264302670446e-05,-0.0086124401913875,4.83719451892319e-06,-0.0081339712918659,1.1454476620810116e-05,-0.0076555023923444,8.614075999298418e-06,-0.0071770334928229,4.195589037933219e-06,-0.0066985645933013,5.0113335216044255e-06,1,1,1,2,2
1173,38,10:38:42,4,-0.0090909090909089,1442182.0,-0.0088516746411482,-0.0090909090909089,1.573732864786471e-05,-0.0095693779904305,3.122370364408768e-05,-0.0100478468899519,2.381834581117779e-05,-0.0105263157894736,2.2857678979719645e-05,-0.011004784688995,1.2441264302670446e-05,-0.0086124401913875,6.675328436114004e-06,-0.0081339712918659,8.358672128699274e-06,-0.0076555023923444,8.614075999298418e-06,-0.0071770334928229,4.002101257176291e-06,-0.0066985645933013,5.0113335216044255e-06,2,2,1,2,2
1174,38,10:38:45,4,-0.0086124401913875,1768681.0,-0.0088516746411482,-0.0090909090909089,1.2433331303659412e-05,-0.0095693779904305,3.553848115496717e-05,-0.0100478468899519,2.381834581117779e-05,-0.0105263157894736,2.2993120426249493e-05,-0.011004784688995,1.2634752083427374e-05,-0.0086124401913875,4.469567735485028e-06,-0.0081339712918659,4.430870179333643e-06,-0.0076555023923444,8.20775165970887e-06,-0.0071770334928229,3.808613476419364e-06,-0.0066985645933013,5.0113335216044255e-06,2,2,1,2,2
1175,38,10:38:48,4,-0.0086124401913875,637904.0,-0.0088516746411482,-0.0090909090909089,2.02308888681636e-05,-0.0095693779904305,3.648657128067612e-05,-0.0100478468899519,2.381834581117779e-05,-0.0105263157894736,2.3186608207006424e-05,-0.011004784688995,1.2634752083427374e-05,-0.0086124401913875,4.682404294317648e-06,-0.0081339712918659,4.430870179333643e-06,-0.0076555023923444,8.20775165970887e-06,-0.0071770334928229,3.634474473738128e-06,-0.0066985645933013,5.0113335216044255e-06,2,1,1,2,2
1176,38,10:38:51,4,-0.0086124401913875,984072.0,-0.0083732057416267,-0.0086124401913875,5.8046334227078287e-08,-0.0090909090909089,1.9108659739773416e-05,-0.0095693779904305,3.830535641979123e-05,-0.0100478468899519,2.3857043367329176e-05,-0.0105263157894736,2.357358376852028e-05,-0.0081339712918659,4.237382398576715e-06,-0.0076555023923444,8.20775165970887e-06,-0.0071770334928229,3.634474473738128e-06,-0.0066985645933013,5.0113335216044255e-06,-0.0062200956937799,1.6636079389480637e-05,1,1,1,2,2
1177,38,10:38:54,4,-0.0086124401913875,1373767.0,-0.0083732057416267,-0.0086124401913875,1.2770193529957223e-05,-0.0090909090909089,2.446827126674031e-05,-0.0095693779904305,3.898256365244048e-05,-0.0100478468899519,2.3857043367329176e-05,-0.0105263157894736,2.357358376852028e-05,-0.0081339712918659,4.314777510879486e-06,-0.0076555023923444,8.20775165970887e-06,-0.0071770334928229,3.634474473738128e-06,-0.0066985645933013,5.0113335216044255e-06,-0.0062200956937799,1.5668640485696e-05,1,1,1,2,2
1178,38,10:38:57,4,-0.0081339712918659,708855.0,-0.0078947368421051,-0.0081339712918659,4.663055516241956e-06,-0.0086124401913875,1.3640888543363398e-05,-0.0090909090909089,2.4990688274784012e-05,-0.0095693779904305,3.935019043587864e-05,-0.0100478468899519,2.3857043367329176e-05,-0.0076555023923444,7.066173753242997e-06,-0.0071770334928229,3.634474473738128e-06,-0.0066985645933013,5.050031077755811e-06,-0.0062200956937799,1.5668640485696e-05,-0.0057416267942582,2.128365588326204e-05,1,1,1,2,2
1179,38,10:39:00,4,-0.0081339712918659,308878.0,-0.0078947368421051,-0.0081339712918659,2.766875264824065e-06,-0.0086124401913875,1.745259782427487e-05,-0.0090909090909089,2.568724428550896e-05,-0.0095693779904305,3.935019043587864e-05,-0.0100478468899519,2.3857043367329176e-05,-0.0076555023923444,7.046824975167304e-06,-0.0071770334928229,3.634474473738128e-06,-0.0066985645933013,5.050031077755811e-06,-0.0062200956937799,1.5668640485696e-05,-0.0057416267942582,2.128365588326204e-05,1,0,1,2,2
1180,38,10:39:03,4,-0.0081339712918659,234261.0,-0.0078947368421051,-0.0081339712918659,1.547902246055421e-06,-0.0086124401913875,1.934877807569276e-05,-0.0090909090909089,2.922807067336073e-05,-0.0095693779904305,3.933084165780295e-05,-0.0100478468899519,2.3857043367329176e-05,-0.0076555023923444,6.814639638258991e-06,-0.0071770334928229,3.634474473738128e-06,-0.0066985645933013,5.050031077755811e-06,-0.0062200956937799,1.5668640485696e-05,-0.0057416267942582,2.124495832711065e-05,0,1,1,2,2
1181,38,10:39:06,4,-0.0081339712918659,1148446.0,-0.0078947368421051,-0.0081339712918659,2.418597259461595e-06,-0.0086124401913875,1.344740076260647e-05,-0.0090909090909089,2.9382860897966272e-05,-0.0095693779904305,3.960172455086265e-05,-0.0100478468899519,2.3857043367329176e-05,-0.0076555023923444,5.885898290625738e-06,-0.0071770334928229,3.054011131467345e-06,-0.0066985645933013,5.050031077755811e-06,-0.0062200956937799,1.5668640485696e-05,-0.0057416267942582,2.124495832711065e-05,0,0,1,2,2
1182,38,10:39:09,4,-0.0081339712918659,1154344.0,-0.0083732057416267,-0.0086124401913875,8.590857465607587e-06,-0.0090909090909089,2.926676822951212e-05,-0.0095693779904305,3.962107332893834e-05,-0.0100478468899519,2.3895740923480563e-05,-0.0105263157894736,2.3709025215050127e-05,-0.0081339712918659,5.224170080437046e-07,-0.0076555023923444,5.208691057976492e-06,-0.0071770334928229,3.054011131467345e-06,-0.0066985645933013,5.050031077755811e-06,-0.0062200956937799,1.5707338041847383e-05,1,1,1,2,2
1183,38,10:39:12,4,-0.0076555023923444,758899.0,-0.0078947368421051,-0.0081339712918659,1.934877807569276e-08,-0.0086124401913875,6.8301186607195456e-06,-0.0090909090909089,2.9131326782982265e-05,-0.0095693779904305,3.964042210701404e-05,-0.0100478468899519,2.3895740923480563e-05,-0.0076555023923444,2.4774175448117014e-06,-0.0071770334928229,3.054011131467345e-06,-0.0066985645933013,5.050031077755811e-06,-0.0062200956937799,1.5571896595317535e-05,-0.0057416267942582,2.124495832711065e-05,1,1,1,1,2
1184,38,10:39:15,4,-0.0081339712918659,501741.0,-0.0078947368421051,-0.0081339712918659,2.9023167113539144e-07,-0.0086124401913875,7.236443000309093e-06,-0.0090909090909089,2.9131326782982265e-05,-0.0095693779904305,4.511612630243508e-05,-0.0100478468899519,2.3895740923480563e-05,-0.0076555023923444,1.0681299448905432e-05,-0.0071770334928229,4.988888939036622e-06,-0.0066985645933013,5.050031077755811e-06,-0.0062200956937799,1.5571896595317535e-05,-0.0057416267942582,2.124495832711065e-05,0,1,1,2,2
1185,38,10:39:18,4,-0.0086124401913875,1929400.0,-0.0088516746411482,-0.0090909090909089,2.0733957098131607e-05,-0.0095693779904305,4.701230655385298e-05,-0.0100478468899519,2.3895740923480563e-05,-0.0105263157894736,2.53923689076354e-05,-0.011004784688995,1.2634752083427374e-05,-0.0086124401913875,3.2892922728677695e-07,-0.0081339712918659,6.385096764978611e-07,-0.0076555023923444,1.0468462890072811e-05,-0.0071770334928229,4.988888939036622e-06,-0.0066985645933013,5.050031077755811e-06,1,1,1,2,2
1186,38,10:39:21,4,-0.0090909090909089,358499.0,-0.0086124401913875,-0.0090909090909089,2.0288935202390676e-05,-0.0095693779904305,4.77475601207293e-05,-0.0100478468899519,2.3895740923480563e-05,-0.0105263157894736,2.5701949356846483e-05,-0.011004784688995,1.2634752083427374e-05,-0.0081339712918659,3.6375702782302393e-06,-0.0076555023923444,1.135850668155468e-05,-0.0071770334928229,5.027586495188007e-06,-0.0066985645933013,5.050031077755811e-06,-0.0062200956937799,1.518492103380368e-05,1,1,1,2,2
1187,38,10:39:24,4,-0.0086124401913875,741848.0,-0.0088516746411482,-0.0090909090909089,1.7715547718323535e-05,-0.0095693779904305,4.794104790148623e-05,-0.0100478468899519,2.3895740923480563e-05,-0.0105263157894736,2.5721298134922176e-05,-0.011004784688995,1.2634752083427374e-05,-0.0086124401913875,2.554038705991445e-06,-0.0081339712918659,4.1019409520468654e-06,-0.0076555023923444,1.191962124574977e-05,-0.0071770334928229,5.027586495188007e-06,-0.0066985645933013,5.998121203464756e-06,1,1,1,2,2
1188,38,10:39:27,4,-0.0081339712918659,2419463.0,-0.0078947368421051,-0.0081339712918659,1.934877807569276e-08,-0.0086124401913875,2.708828930596987e-07,-0.0090909090909089,1.7425316047188146e-05,-0.0095693779904305,5.5970790802898725e-05,-0.0100478468899519,2.3895740923480563e-05,-0.0076555023923444,2.109790761373539e-06,-0.0071770334928229,5.027586495188007e-06,-0.0066985645933013,5.998121203464756e-06,-0.0062200956937799,1.4991433253046752e-05,-0.0057416267942582,2.120626077095927e-05,1,0,1,2,2
1189,38,10:39:30,4,-0.0086124401913875,2129112.0,-0.0088516746411482,-0.0090909090909089,8.627620143951403e-07,-0.0095693779904305,5.6164278583655655e-05,-0.0100478468899519,2.3895740923480563e-05,-0.0105263157894736,2.6340459033344344e-05,-0.011004784688995,1.2634752083427374e-05,-0.0086124401913875,9.674389037846383e-08,-0.0081339712918659,1.0254852380117164e-06,-0.0076555023923444,2.3226273202061598e-06,-0.0071770334928229,4.795401158279695e-06,-0.0066985645933013,5.998121203464756e-06,1,1,1,2,2
1190,38,10:39:33,4,-0.0086124401913875,990931.0,-0.0083732057416267,-0.0086124401913875,1.5672510241311135e-06,-0.0090909090909089,1.3851790224388448e-06,-0.0095693779904305,5.622232491788273e-05,-0.0100478468899519,2.3895740923480563e-05,-0.0105263157894736,2.6340459033344344e-05,-0.0081339712918659,4.083366125094201e-06,-0.0071770334928229,4.795401158279695e-06,-0.0066985645933013,5.998121203464756e-06,-0.0062200956937799,1.5204269811879374e-05,-0.0057416267942582,2.0838633987521104e-05,1,1,1,2,2
1191,38,10:39:36,4,-0.0086124401913875,501433.0,-0.0088516746411482,-0.0090909090909089,4.403588402246916e-06,-0.0095693779904305,5.753804182702984e-05,-0.0100478468899519,2.3895740923480563e-05,-0.0105263157894736,2.7114410156372053e-05,-0.011004784688995,1.2634752083427374e-05,-0.0086124401913875,1.780087582963734e-06,-0.0081339712918659,1.8188625342274226e-05,-0.0071770334928229,4.795401158279695e-06,-0.0066985645933013,5.998121203464756e-06,-0.0062200956937799,1.5204269811879374e-05,1,1,2,2,2
1192,38,10:39:39,4,-0.0086124401913875,283845.0,-0.0083732057416267,-0.0086124401913875,4.62435796009057e-06,-0.0090909090909089,2.6828822191974827e-05,-0.0095693779904305,6.131105355178992e-05,-0.0100478468899519,2.3895740923480563e-05,-0.0105263157894736,2.7114410156372053e-05,-0.0081339712918659,1.8749739906469315e-05,-0.0076555023923444,3.869755615138553e-07,-0.0071770334928229,4.795401158279695e-06,-0.0066985645933013,5.998121203464756e-06,-0.0062200956937799,1.5204269811879374e-05,1,1,1,2,2
1193,38,10:39:42,4,-0.0086124401913875,230006.0,-0.0083732057416267,-0.0086124401913875,5.417657861193973e-06,-0.0090909090909089,3.2207782497017416e-05,-0.0095693779904305,6.162063400100101e-05,-0.0100478468899519,2.3895740923480563e-05,-0.0105263157894736,2.7133758934447743e-05,-0.0081339712918659,1.857560090378808e-05,-0.0076555023923444,3.869755615138553e-07,-0.0071770334928229,6.130466845502495e-06,-0.0066985645933013,5.998121203464756e-06,-0.0062200956937799,1.5204269811879374e-05,1,1,1,2,2
1194,38,10:39:45,4,-0.0086124401913875,466278.0,-0.0083732057416267,-0.0086124401913875,7.739511230277106e-06,-0.0090909090909089,3.853483292776895e-05,-0.0095693779904305,6.179477300368225e-05,-0.0100478468899519,2.3915089701556256e-05,-0.0105263157894736,2.7133758934447743e-05,-0.0081339712918659,1.79951375615173e-05,-0.0076555023923444,1.064182794163102e-06,-0.0071770334928229,6.130466845502495e-06,-0.0066985645933013,5.998121203464756e-06,-0.0062200956937799,1.5668640485696e-05,1,1,1,2,2
1195,38,10:39:48,4,-0.0081339712918659,1759301.0,-0.0083732057416267,-0.0086124401913875,1.6059485802824992e-06,-0.0090909090909089,3.979250350268898e-05,-0.0095693779904305,6.229784123365026e-05,-0.0100478468899519,2.4108577482313183e-05,-0.0105263157894736,2.715310771252344e-05,-0.0081339712918659,4.966908727142635e-05,-0.0076555023923444,1.064182794163102e-06,-0.0071770334928229,6.130466845502495e-06,-0.0066985645933013,5.998121203464756e-06,-0.0062200956937799,1.5668640485696e-05,1,0,1,2,2
1196,38,10:39:51,4,-0.0081339712918659,1063288.0,-0.0083732057416267,-0.0086124401913875,4.295428732803794e-06,-0.0090909090909089,4.00053400615216e-05,-0.0095693779904305,6.225914367749887e-05,-0.0100478468899519,2.4108577482313183e-05,-0.0105263157894736,2.715310771252344e-05,-0.0081339712918659,4.2858317388782494e-05,-0.0076555023923444,1.064182794163102e-06,-0.0071770334928229,6.130466845502495e-06,-0.0066985645933013,5.998121203464756e-06,-0.0062200956937799,1.5668640485696e-05,1,0,2,2,2
1197,38,10:39:54,4,-0.0086124401913875,1294887.0,-0.0088516746411482,-0.0090909090909089,3.731585990900031e-05,-0.0095693779904305,6.276221190746688e-05,-0.0100478468899519,2.4108577482313183e-05,-0.0105263157894736,2.740464182750745e-05,-0.011004784688995,1.3428051984530778e-05,-0.0086124401913875,3.482780053624697e-07,-0.0081339712918659,4.2510039383420026e-05,-0.0076555023923444,1.064182794163102e-06,-0.0071770334928229,6.130466845502495e-06,-0.0066985645933013,5.998121203464756e-06,1,1,2,2,2
1198,38,10:39:57,4,-0.0086124401913875,2408356.0,-0.0088516746411482,-0.0090909090909089,3.443289197572208e-05,-0.0095693779904305,6.285895579784534e-05,-0.0100478468899519,2.4379460375372883e-05,-0.0105263157894736,2.72498516029019e-05,-0.011004784688995,1.3428051984530778e-05,-0.0086124401913875,6.191608984221684e-07,-0.0081339712918659,2.840478016624e-05,-0.0076555023923444,1.064182794163102e-06,-0.0071770334928229,6.130466845502495e-06,-0.0066985645933013,5.998121203464756e-06,1,1,2,2,2
1199,38,10:40:00,4,-0.0086124401913875,619506.0,-0.0088516746411482,-0.0090909090909089,3.402656763613254e-05,-0.0095693779904305,6.477448482733893e-05,-0.0100478468899519,2.4418157931524265e-05,-0.0105263157894736,2.72498516029019e-05,-0.011004784688995,1.3428051984530778e-05,-0.0086124401913875,1.8439385506135204e-05,-0.0081339712918659,2.846282650046708e-05,-0.0076555023923444,3.095804492110842e-06,-0.0071770334928229,6.130466845502495e-06,-0.0066985645933013,5.998121203464756e-06,1,1,2,2,2
1200,38,10:40:03,4,-0.0086124401913875,888649.0,-0.0088516746411482,-0.0090909090909089,2.9402209676041965e-05,-0.0095693779904305,6.51227628327014e-05,-0.0100478468899519,2.4418157931524265e-05,-0.0105263157894736,2.5237578683029856e-05,-0.011004784688995,1.352479587490924e-05,-0.0086124401913875,1.5730556575538214e-05,-0.0081339712918659,3.332401350420413e-05,-0.0076555023923444,3.095804492110842e-06,-0.0071770334928229,6.130466845502495e-06,-0.0066985645933013,5.998121203464756e-06,1,1,2,2,2
1201,38,10:40:06,4,-0.0086124401913875,799682.0,-0.0088516746411482,-0.0090909090909089,2.723514653156437e-05,-0.0095693779904305,6.51227628327014e-05,-0.0100478468899519,2.4418157931524265e-05,-0.0105263157894736,2.5237578683029856e-05,-0.011004784688995,1.352479587490924e-05,-0.0086124401913875,1.87102683991949e-05,-0.0081339712918659,3.332401350420413e-05,-0.0076555023923444,3.095804492110842e-06,-0.0071770334928229,6.091769289351109e-06,-0.0066985645933013,5.998121203464756e-06,1,2,2,2,2
1202,38,10:40:09,4,-0.0086124401913875,395729.0,-0.0088516746411482,-0.0090909090909089,2.6790124635823444e-05,-0.0095693779904305,6.552908717229095e-05,-0.0100478468899519,2.4418157931524265e-05,-0.0105263157894736,2.5237578683029856e-05,-0.011004784688995,1.3602190987212012e-05,-0.0086124401913875,1.7278458821593637e-05,-0.0081339712918659,3.344010617265829e-05,-0.0076555023923444,2.708828930596986e-06,-0.0071770334928229,6.091769289351109e-06,-0.0066985645933013,5.998121203464756e-06,1,2,2,2,2
1203,38,10:40:12,4,-0.0086124401913875,2363695.0,-0.0083732057416267,-0.0086124401913875,3.250594716716384e-06,-0.0090909090909089,1.850884761942694e-05,-0.0095693779904305,7.458431531171516e-05,-0.0100478468899519,2.4418157931524265e-05,-0.0105263157894736,2.5237578683029856e-05,-0.0081339712918659,3.353685006303675e-05,-0.0076555023923444,2.708828930596986e-06,-0.0071770334928229,6.111118067426802e-06,-0.0066985645933013,5.998121203464756e-06,-0.0062200956937799,1.6307150162193862e-05,1,2,2,2,2
1204,38,10:40:15,4,-0.0086124401913875,229992.0,-0.0083732057416267,-0.0086124401913875,3.4634312755490046e-06,-0.0090909090909089,1.926344996437896e-05,-0.0095693779904305,7.442952508710962e-05,-0.0100478468899519,2.4418157931524265e-05,-0.0105263157894736,2.529562501725693e-05,-0.0081339712918659,3.353685006303675e-05,-0.0076555023923444,2.708828930596986e-06,-0.0071770334928229,6.111118067426802e-06,-0.0066985645933013,5.998121203464756e-06,-0.0062200956937799,1.6887613504464644e-05,1,2,2,2,2
1205,38,10:40:18,4,-0.0086124401913875,3917119.0,-0.0090909090909089,-0.0095693779904305,7.335740929393549e-05,-0.0100478468899519,2.4418157931524265e-05,-0.0105263157894736,2.529562501725693e-05,-0.011004784688995,1.3815027546044632e-05,-0.0114832535885166,5.173863257440245e-05,-0.0086124401913875,2.708828930596987e-07,-0.0081339712918659,3.411731340530754e-05,-0.0076555023923444,2.708828930596986e-06,-0.0071770334928229,6.111118067426802e-06,-0.0066985645933013,5.998121203464756e-06,2,2,2,2,2
1206,38,10:40:21,4,-0.0090909090909089,957111.0,-0.0093301435406698,-0.0095693779904305,7.345415318431395e-05,-0.0100478468899519,2.4418157931524265e-05,-0.0105263157894736,2.5373020129559704e-05,-0.011004784688995,1.3815027546044632e-05,-0.0114832535885166,5.173863257440245e-05,-0.0090909090909089,5.53375052964813e-06,-0.0086124401913875,1.1996242406929513e-06,-0.0081339712918659,3.411731340530754e-05,-0.0076555023923444,2.708828930596986e-06,-0.0071770334928229,6.111118067426802e-06,2,2,2,2,2
1207,38,10:40:24,4,-0.0086124401913875,1201324.0,-0.0088516746411482,-0.0090909090909089,3.869755615138553e-07,-0.0095693779904305,7.27769459516647e-05,-0.0100478468899519,2.4418157931524265e-05,-0.0105263157894736,2.5373020129559704e-05,-0.011004784688995,1.3815027546044632e-05,-0.0086124401913875,1.1609266845415657e-07,-0.0081339712918659,3.411731340530754e-05,-0.0076555023923444,2.708828930596986e-06,-0.0071770334928229,6.111118067426802e-06,-0.0066985645933013,5.998121203464756e-06,2,2,2,2,2
1208,38,10:40:27,4,-0.0090909090909089,1274592.0,-0.0083732057416267,-0.0086124401913875,3.283487639445062e-05,-0.0090909090909089,1.47050713375265e-06,-0.0095693779904305,7.308652640087578e-05,-0.0100478468899519,2.451490182190273e-05,-0.0105263157894736,2.5373020129559704e-05,-0.0081339712918659,2.707435818575537e-05,-0.0076555023923444,4.643706738166263e-06,-0.0071770334928229,6.111118067426802e-06,-0.0066985645933013,5.998121203464756e-06,-0.0062200956937799,1.6887613504464644e-05,2,2,2,2,2
1209,38,10:40:30,4,-0.0086124401913875,1042642.0,-0.0083732057416267,-0.0086124401913875,4.763669162235558e-05,-0.0090909090909089,1.218973018768644e-05,-0.0095693779904305,7.322196784740564e-05,-0.0100478468899519,2.5095365164173516e-05,-0.0105263157894736,2.5373020129559704e-05,-0.0081339712918659,1.8831778725510253e-05,-0.0076555023923444,4.643706738166263e-06,-0.0071770334928229,6.111118067426802e-06,-0.0066985645933013,5.998121203464756e-06,-0.0062200956937799,1.6887613504464644e-05,2,2,2,2,2
1210,38,10:40:33,4,-0.0086124401913875,1403248.0,-0.0083732057416267,-0.0086124401913875,4.459893346447182e-05,-0.0090909090909089,1.47050713375265e-05,-0.0095693779904305,7.329936295970841e-05,-0.0100478468899519,2.5095365164173516e-05,-0.0105263157894736,2.5373020129559704e-05,-0.0081339712918659,8.38343856463616e-06,-0.0076555023923444,4.643706738166263e-06,-0.0071770334928229,6.111118067426802e-06,-0.0066985645933013,5.998121203464756e-06,-0.0062200956937799,1.6887613504464644e-05,2,2,2,2,2
1211,38,10:40:36,4,-0.0081339712918659,2533515.0,-0.0076555023923443,-0.0081339712918659,2.554038705991445e-06,-0.0086124401913875,4.158052408466375e-05,-0.0090909090909089,1.4840512784056348e-05,-0.0095693779904305,7.364764096507088e-05,-0.0100478468899519,2.5095365164173516e-05,-0.0071770334928229,3.4851019069937804e-06,-0.0066985645933013,5.998121203464756e-06,-0.0062200956937799,1.6887613504464644e-05,-0.0057416267942582,2.010338042064478e-05,-0.0052631578947368,2.3237882468907008e-05,2,2,2,2,2
1212,38,10:40:39,4,-0.0081339712918659,752531.0,-0.0076555023923443,-0.0081339712918659,1.1996242406929513e-06,-0.0086124401913875,4.283819465958378e-05,-0.0090909090909089,1.4995303008661891e-05,-0.0095693779904305,7.364764096507088e-05,-0.0100478468899519,2.5056667608022127e-05,-0.0071770334928229,3.1755214577826963e-06,-0.0066985645933013,5.417657861193973e-06,-0.0062200956937799,1.6887613504464644e-05,-0.0057416267942582,2.010338042064478e-05,-0.0052631578947368,2.3237882468907008e-05,2,2,2,2,2
1213,38,10:40:42,4,-0.0076555023923444,580426.0,-0.0074162679425837,-0.0076555023923444,3.753662946684396e-06,-0.0081339712918659,1.4124607995255717e-06,-0.0086124401913875,4.119354852314989e-05,-0.0090909090909089,1.567251024131114e-05,-0.0095693779904305,7.420875552926597e-05,-0.0071770334928229,3.1755214577826963e-06,-0.0066985645933013,5.417657861193973e-06,-0.0062200956937799,1.6887613504464644e-05,-0.0057416267942582,2.010338042064478e-05,-0.0052631578947368,2.3237882468907008e-05,2,1,2,2,2
1214,38,10:40:45,4,-0.0071770334928229,192885.0,-0.0074162679425837,-0.0076555023923444,2.0122729198720474e-06,-0.0081339712918659,3.9664995055170165e-06,-0.0086124401913875,4.2122289870783146e-05,-0.0090909090909089,6.694677214189696e-06,-0.0095693779904305,7.459573109077982e-05,-0.0071770334928229,3.1755214577826963e-06,-0.0066985645933013,5.417657861193973e-06,-0.0062200956937799,1.6887613504464644e-05,-0.0057416267942582,2.010338042064478e-05,-0.0052631578947368,2.3237882468907008e-05,2,2,2,2,2
1215,38,10:40:48,4,-0.0081339712918659,369164.0,-0.0076555023923443,-0.0081339712918659,6.075516315767528e-06,-0.0086124401913875,3.9742390167472935e-05,-0.0090909090909089,6.8301186607195456e-06,-0.0095693779904305,7.490531153999091e-05,-0.0100478468899519,2.5056667608022127e-05,-0.0071770334928229,2.6337556716632987e-06,-0.0066985645933013,5.417657861193973e-06,-0.0062200956937799,1.6036267269134162e-05,-0.0057416267942582,2.0084031642569088e-05,-0.0052631578947368,2.3237882468907008e-05,2,2,2,2,2
1216,38,10:40:51,4,-0.0071770334928229,1083427.0,-0.006937799043062,-0.0071770334928229,5.781414889016998e-07,-0.0081339712918659,6.714025992265389e-06,-0.0086124401913875,4.156117530658806e-05,-0.0090909090909089,8.184533126018038e-06,-0.0095693779904305,7.459573109077982e-05,-0.0066985645933013,3.444082497473312e-06,-0.0062200956937799,1.6036267269134162e-05,-0.0057416267942582,2.0084031642569088e-05,-0.0052631578947368,2.3237882468907008e-05,-0.0047846889952152,2.196086311591129e-05,1,1,2,2,2
1217,38,10:40:54,4,-0.0071770334928229,311261.0,-0.006937799043062,-0.0071770334928229,1.5246837123645897e-07,-0.0076555023923444,1.9348778075692766e-07,-0.0081339712918659,1.0487037717025478e-05,-0.0086124401913875,4.156117530658806e-05,-0.0090909090909089,8.145835569866653e-06,-0.0066985645933013,2.824921599051144e-06,-0.0062200956937799,1.6249103827966783e-05,-0.0057416267942582,2.0084031642569088e-05,-0.0052631578947368,2.3237882468907008e-05,-0.0047846889952152,2.196086311591129e-05,2,1,2,2,2
1218,38,10:40:57,4,-0.0071770334928229,1744299.0,-0.0066985645933014,-0.0071770334928229,9.65117050415555e-07,-0.0076555023923444,2.3218533690831317e-07,-0.0081339712918659,1.1454476620810116e-05,-0.0086124401913875,4.252861421037269e-05,-0.0090909090909089,7.855603898731262e-06,-0.0062200956937799,5.162253990594829e-06,-0.0057416267942582,2.0084031642569088e-05,-0.0052631578947368,2.3237882468907008e-05,-0.0047846889952152,2.196086311591129e-05,-0.0043062200956938,6.516668455893322e-07,1,2,2,2,2
1219,38,10:41:00,4,-0.0071770334928229,142029.0,-0.0064593301435406,-0.0066985645933013,1.934877807569276e-08,-0.0071770334928229,1.7305547110899608e-06,-0.0076555023923444,1.1996242406929513e-06,-0.0081339712918659,1.2770193529957223e-05,-0.0086124401913875,4.301233366226501e-05,-0.0062200956937799,5.1235564344434434e-06,-0.0057416267942582,2.0084031642569088e-05,-0.0052631578947368,2.3237882468907008e-05,-0.0047846889952152,2.196086311591129e-05,-0.0043062200956938,6.516668455893322e-07,1,2,2,2,2
1220,38,10:41:03,4,-0.0071770334928229,568875.0,-0.0064593301435406,-0.0066985645933013,5.8046334227078287e-08,-0.0071770334928229,1.6531595987871895e-06,-0.0076555023923444,1.6833436925852705e-06,-0.0081339712918659,1.3756981211817557e-05,-0.0086124401913875,4.3321914111476096e-05,-0.0062200956937799,3.053237180344318e-06,-0.0057416267942582,2.0084031642569088e-05,-0.0052631578947368,2.463099449035689e-05,-0.0047846889952152,2.196086311591129e-05,-0.0043062200956938,6.516668455893322e-07,1,1,2,2,2
1221,38,10:41:06,4,-0.0071770334928229,817976.0,-0.0064593301435406,-0.0066985645933013,7.739511230277106e-08,-0.0071770334928229,2.3884131656635144e-06,-0.0076555023923444,1.2112335075383667e-05,-0.0081339712918659,1.304107642301692e-05,-0.0086124401913875,4.341865800185456e-05,-0.0062200956937799,9.24871592018114e-07,-0.0057416267942582,2.0084031642569088e-05,-0.0052631578947368,2.463099449035689e-05,-0.0047846889952152,2.1902816781684206e-05,-0.0043062200956938,6.516668455893322e-07,0,2,2,2,2
1222,38,10:41:09,4,-0.0062200956937799,207201.0,-0.005980861244019,-0.0062200956937799,1.0061364599360236e-07,-0.0066985645933013,1.1028803503144874e-06,-0.0071770334928229,3.1430155106155324e-06,-0.0076555023923444,1.218973018768644e-05,-0.0081339712918659,1.218973018768644e-05,-0.0057416267942582,2.0084031642569088e-05,-0.0052631578947368,2.463099449035689e-05,-0.0047846889952152,2.1902816781684206e-05,-0.0043062200956938,6.516668455893322e-07,-0.0038277511961721,9.848528040527617e-06,1,2,2,2,2
1223,38,10:41:12,4,-0.0066985645933013,1129353.0,-0.006937799043062,-0.0071770334928229,5.541490040878407e-07,-0.0076555023923444,1.2770193529957223e-05,-0.0081339712918659,1.197689362885382e-05,-0.0086124401913875,4.502460658213706e-05,-0.0090909090909089,4.585660403939185e-06,-0.0066985645933013,2.51534114984006e-07,-0.0062200956937799,1.9929241417963544e-06,-0.0057416267942582,1.9174639073011527e-05,-0.0052631578947368,2.463099449035689e-05,-0.0047846889952152,2.19221655597599e-05,2,2,2,2,2
1224,38,10:41:15,4,-0.0062200956937799,201428.0,-0.0064593301435406,-0.0066985645933013,7.739511230277106e-08,-0.0071770334928229,1.9279122474620267e-06,-0.0076555023923444,1.1802754626172583e-05,-0.0081339712918659,1.197689362885382e-05,-0.0086124401913875,3.229311060833122e-05,-0.0062200956937799,1.0448340160874092e-06,-0.0057416267942582,1.9174639073011527e-05,-0.0052631578947368,2.463099449035689e-05,-0.0047846889952152,2.2115653340516827e-05,-0.0043062200956938,6.516668455893322e-07,2,2,2,2,2
1225,38,10:41:18,4,-0.0071770334928229,184779.0,-0.006937799043062,-0.0071770334928229,1.502239129796786e-06,-0.0076555023923444,1.1319035174280268e-05,-0.0081339712918659,1.246061308074614e-05,-0.0086124401913875,3.209962282757429e-05,-0.0090909090909089,4.585660403939185e-06,-0.0066985645933013,1.5285534679797282e-06,-0.0062200956937799,1.6833436925852705e-06,-0.0057416267942582,1.9174639073011527e-05,-0.0052631578947368,2.463099449035689e-05,-0.0047846889952152,2.2115653340516827e-05,2,2,2,2,2
1226,38,10:41:21,4,-0.0071770334928229,706933.0,-0.0074162679425837,-0.0076555023923444,1.2479961858821832e-05,-0.0081339712918659,1.246061308074614e-05,-0.0086124401913875,3.209962282757429e-05,-0.0090909090909089,5.32091397081551e-06,-0.0095693779904305,7.956836705623286e-05,-0.0071770334928229,2.0385872580549894e-06,-0.0062200956937799,2.0896680321748184e-06,-0.0057416267942582,1.942617318799553e-05,-0.0052631578947368,2.463099449035689e-05,-0.0047846889952152,2.2154350896668213e-05,2,2,2,2,2
1227,38,10:41:24,4,-0.0066985645933013,1430258.0,-0.0064593301435406,-0.0066985645933013,4.664022955145741e-06,-0.0071770334928229,2.51534114984006e-07,-0.0076555023923444,1.2092986297307976e-05,-0.0081339712918659,1.2654100861503068e-05,-0.0086124401913875,3.209962282757429e-05,-0.0062200956937799,9.674389037846383e-08,-0.0057416267942582,1.9445521966071227e-05,-0.0052631578947368,2.463099449035689e-05,-0.0047846889952152,2.2154350896668213e-05,-0.0043062200956938,6.516668455893322e-07,2,2,2,2,2
1228,38,10:41:27,4,-0.0057416267942582,409066.0,-0.005980861244019,-0.0062200956937799,5.224170080437046e-07,-0.0066985645933013,2.5937037010466148e-06,-0.0071770334928229,3.7730117247600887e-06,-0.0076555023923444,2.37989970331021e-06,-0.0081339712918659,1.2654100861503068e-05,-0.0057416267942582,1.929073174146569e-05,-0.0052631578947368,2.463099449035689e-05,-0.0047846889952152,2.2154350896668213e-05,-0.0043062200956938,6.516668455893322e-07,-0.0038277511961721,9.848528040527617e-06,2,2,2,2,2
1229,38,10:41:30,4,-0.0057416267942582,2553518.0,-0.0055023923444975,-0.0057416267942582,1.2963681310714152e-06,-0.0066985645933013,1.026452676915501e-06,-0.0071770334928229,8.010394123336804e-06,-0.0076555023923444,2.418597259461595e-06,-0.0081339712918659,1.2363869190367676e-05,-0.0052631578947368,2.463099449035689e-05,-0.0047846889952152,1.037094504857132e-05,-0.0043062200956938,6.516668455893322e-07,-0.0038277511961721,9.848528040527617e-06,-0.0033492822966507,4.353475067030872e-06,2,2,2,2,2
1230,38,10:41:33,4,-0.0062200956937799,1159861.0,-0.005980861244019,-0.0062200956937799,1.547902246055421e-07,-0.0066985645933013,5.418625300097759e-06,-0.0071770334928229,1.133838395235596e-05,-0.0076555023923444,4.353475067030872e-06,-0.0081339712918659,1.2363869190367676e-05,-0.0057416267942582,2.51534114984006e-07,-0.0052631578947368,1.6697995479322855e-05,-0.0047846889952152,1.037094504857132e-05,-0.0043062200956938,6.516668455893322e-07,-0.0038277511961721,9.46155247901376e-06,2,2,2,2,2
1231,38,10:41:36,4,-0.0057416267942582,694144.0,-0.0055023923444975,-0.0057416267942582,7.739511230277105e-07,-0.0062200956937799,2.824921599051144e-06,-0.0066985645933013,6.463459316185168e-06,-0.0071770334928229,3.999392428245694e-05,-0.0076555023923444,4.353475067030872e-06,-0.0052631578947368,1.280889108610861e-05,-0.0047846889952152,1.0409642604722706e-05,-0.0043062200956938,6.516668455893322e-07,-0.0038277511961721,9.46155247901376e-06,-0.0033492822966507,4.353475067030872e-06,2,2,2,2,2
1232,38,10:41:39,4,-0.0047846889952152,2951094.0,-0.0043062200956935,-0.0047846889952152,1.4550281112920956e-05,-0.0052631578947368,6.772072326492467e-07,-0.0057416267942582,8.513462353304816e-07,-0.0062200956937799,3.6956166124573177e-06,-0.0066985645933013,7.043922658455951e-06,-0.0038277511961721,7.210902613249179e-06,-0.0033492822966507,4.353475067030872e-06,-0.0028708133971291,1.2963681310714152e-06,-0.0023923444976075,4.605009182014878e-06,-0.001913875598086,7.739511230277105e-07,2,2,2,2,2
1233,38,10:41:42,4,-0.0043062200956938,135284.0,-0.0040669856459331,-0.0043062200956938,9.867876818603309e-07,-0.0047846889952152,1.4550281112920956e-05,-0.0052631578947368,2.6507825963699087e-06,-0.0057416267942582,3.018409379808071e-06,-0.0062200956937799,3.9664995055170165e-06,-0.0038277511961721,2.025430088963518e-06,-0.0033492822966507,4.353475067030872e-06,-0.0028708133971291,1.2963681310714152e-06,-0.0023923444976075,4.605009182014878e-06,-0.001913875598086,7.739511230277105e-07,1,2,1,2,2
1234,38,10:41:45,4,-0.0043062200956938,24972.0,-0.0040669856459331,-0.0043062200956938,7.932999011034033e-07,-0.0047846889952152,1.456962989099665e-05,-0.0052631578947368,6.714025992265389e-06,-0.0057416267942582,3.4053849413219262e-06,-0.0062200956937799,4.082592173971173e-06,-0.0038277511961721,2.605893431234301e-06,-0.0033492822966507,4.353475067030872e-06,-0.0028708133971291,1.2963681310714152e-06,-0.0023923444976075,4.605009182014878e-06,-0.001913875598086,7.739511230277105e-07,2,2,1,2,2
1235,38,10:41:48,4,-0.0043062200956938,36149.0,-0.0040669856459331,-0.0043062200956938,5.152579601556982e-07,-0.0047846889952152,1.456962989099665e-05,-0.0052631578947368,6.714025992265389e-06,-0.0057416267942582,6.694677214189696e-06,-0.0062200956937799,4.237382398576715e-06,-0.0038277511961721,2.567195875082916e-06,-0.0033492822966507,4.353475067030872e-06,-0.0028708133971291,1.2963681310714152e-06,-0.0023923444976075,2.6701313744456013e-06,-0.001913875598086,1.2576705749200296e-06,2,1,2,2,2
1236,38,10:41:51,4,-0.0038277511961721,224799.0,-0.0040669856459331,-0.0043062200956938,3.676267834381625e-07,-0.0047846889952152,1.4388331840427409e-05,-0.0052631578947368,6.907513773022316e-06,-0.0057416267942582,6.036818759616142e-06,-0.0062200956937799,4.121289730122559e-06,-0.0038277511961721,1.40626919054135e-06,-0.0033492822966507,4.353475067030872e-06,-0.0028708133971291,1.2963681310714152e-06,-0.0023923444976075,2.6701313744456013e-06,-0.001913875598086,1.547902246055421e-06,1,1,2,2,2
1237,38,10:41:54,4,-0.0038277511961721,796969.0,-0.0035885167464114,-0.0038277511961721,1.799436361039427e-06,-0.0047846889952152,1.131187612639226e-05,-0.0052631578947368,6.44314309920569e-06,-0.0057416267942582,5.1467749681342745e-06,-0.0062200956937799,5.591796863875208e-06,-0.0033492822966507,4.231190789592493e-06,-0.0028708133971291,1.2963681310714152e-06,-0.0023923444976075,2.6701313744456013e-06,-0.001913875598086,1.547902246055421e-06,-0.0014354066985644,7.758860008352799e-06,1,2,1,2,2
1238,38,10:41:57,4,-0.0038277511961721,139509.0,-0.0035885167464114,-0.0038277511961721,2.283155812931746e-06,-0.0043062200956938,7.159047888006322e-07,-0.0047846889952152,1.1679502909830424e-05,-0.0052631578947368,6.44314309920569e-06,-0.0057416267942582,5.166123746209968e-06,-0.0033492822966507,3.9409591184571015e-06,-0.0028708133971291,1.3737632433741862e-06,-0.0023923444976075,2.766875264824065e-06,-0.001913875598086,1.547902246055421e-06,-0.0014354066985644,7.758860008352799e-06,1,1,1,2,2
1239,38,10:42:00,4,-0.0033492822966507,580416.0,-0.0031100478468898,-0.0033492822966507,3.351208362709986e-07,-0.0038277511961721,6.23030654037307e-06,-0.0043062200956938,1.2963681310714152e-06,-0.0047846889952152,1.1698851687906116e-05,-0.0052631578947368,6.44314309920569e-06,-0.0028708133971291,1.3737632433741862e-06,-0.0023923444976075,2.766875264824065e-06,-0.001913875598086,1.547902246055421e-06,-0.0014354066985644,7.758860008352799e-06,-0.000956937799043,3.15385082633792e-06,1,0,1,2,2
1240,38,10:42:03,4,-0.0038277511961721,1155386.0,-0.0031100478468898,-0.0033492822966507,1.934877807569276e-08,-0.0038277511961721,1.2445134058285585e-06,-0.0043062200956938,1.9348778075692766e-07,-0.0047846889952152,1.179559557828458e-05,-0.0052631578947368,6.44314309920569e-06,-0.0028708133971291,1.3350656872228009e-06,-0.0023923444976075,2.766875264824065e-06,-0.001913875598086,1.547902246055421e-06,-0.0014354066985644,7.758860008352799e-06,-0.000956937799043,3.15385082633792e-06,1,1,1,2,2
1241,38,10:42:06,4,-0.0038277511961721,1343757.0,-0.0040669856459331,-0.0043062200956938,3.482780053624697e-07,-0.0047846889952152,1.5781443861877286e-05,-0.0052631578947368,5.862679756934907e-06,-0.0057416267942582,4.97263596545304e-06,-0.0062200956937799,3.095804492110842e-06,-0.0038277511961721,2.721986099688458e-06,-0.0028708133971291,4.8758920750745765e-06,-0.0023923444976075,2.766875264824065e-06,-0.001913875598086,1.547902246055421e-06,-0.0014354066985644,7.758860008352799e-06,1,2,2,2,2
1242,38,10:42:09,4,-0.0028708133971291,553292.0,-0.0031100478468898,-0.0033492822966507,4.837194518923191e-07,-0.0038277511961721,3.721156999517232e-06,-0.0043062200956938,4.4502189574093364e-07,-0.0047846889952152,1.6961719324494547e-05,-0.0052631578947368,5.804633422707829e-06,-0.0028708133971291,3.4827800536246973e-06,-0.0023923444976075,2.766875264824065e-06,-0.001913875598086,1.547902246055421e-06,-0.0014354066985644,7.758860008352799e-06,-0.000956937799043,3.15385082633792e-06,2,1,1,2,2
1243,38,10:42:12,4,-0.0038277511961721,758324.0,-0.0031100478468898,-0.0038277511961721,5.907568922070514e-06,-0.0043062200956938,6.578584545735539e-07,-0.0047846889952152,1.6942370546418854e-05,-0.0052631578947368,5.804633422707829e-06,-0.0057416267942582,5.088728633907197e-06,-0.0023923444976075,2.4766435936886736e-06,-0.001913875598086,1.547902246055421e-06,-0.0014354066985644,7.758860008352799e-06,-0.000956937799043,3.269943494792077e-06,-0.0004784688995214,7.932999011034033e-06,0,1,1,2,2
1244,38,10:42:15,4,-0.0033492822966507,333282.0,-0.0026315789473684,-0.0028708133971291,2.9023167113539144e-07,-0.0038277511961721,7.029798050460695e-06,-0.0043062200956938,1.5672510241311135e-06,-0.0047846889952152,1.7735670447522256e-05,-0.0052631578947368,5.804633422707829e-06,-0.0023923444976075,2.631433818294216e-06,-0.001913875598086,2.5153411498400597e-06,-0.0014354066985644,7.758860008352799e-06,-0.000956937799043,3.269943494792077e-06,-0.0004784688995214,1.7607388048880415e-05,0,0,1,2,2
1245,38,10:42:18,4,-0.0033492822966507,895319.0,-0.0035885167464114,-0.0038277511961721,4.166178895258166e-06,-0.0043062200956938,1.8381339171908123e-06,-0.0047846889952152,1.580079263995298e-05,-0.0052631578947368,5.804633422707829e-06,-0.0057416267942582,5.32091397081551e-06,-0.0033492822966507,7.584721005671563e-06,-0.0028708133971291,5.417657861193974e-07,-0.0023923444976075,2.631433818294216e-06,-0.001913875598086,2.5153411498400597e-06,-0.0014354066985644,7.758860008352799e-06,2,2,1,2,2
1246,38,10:42:21,4,-0.0033492822966507,860206.0,-0.0035885167464114,-0.0038277511961721,3.469622884533226e-06,-0.0043062200956938,1.8381339171908123e-06,-0.0047846889952152,1.671018520951054e-05,-0.0052631578947368,5.9207260911619855e-06,-0.0057416267942582,5.417657861193973e-06,-0.0033492822966507,1.0061364599360235e-06,-0.0028708133971291,6.191608984221684e-07,-0.0023923444976075,2.631433818294216e-06,-0.001913875598086,2.6507825963699087e-06,-0.0014354066985644,7.758860008352799e-06,1,2,2,2,2
1247,38,10:42:24,4,-0.0023923444976075,1831960.0,-0.0021531100478467,-0.0023923444976075,1.934877807569276e-08,-0.0028708133971291,3.869755615138552e-08,-0.0033492822966507,3.869755615138553e-07,-0.0038277511961721,3.0632985449436783e-06,-0.0043062200956938,2.283155812931746e-06,-0.001913875598086,1.4124607995255717e-06,-0.0014354066985644,7.758860008352799e-06,-0.000956937799043,4.043894617819787e-06,-0.0004784688995214,1.7607388048880415e-05,0.0,0.0001093066650074,0,1,1,2,2
1248,38,10:42:27,4,-0.0038277511961721,646209.0,-0.0040669856459331,-0.0043062200956938,2.534689927915752e-06,-0.0047846889952152,2.539778656549659e-05,-0.0052631578947368,5.843330978859214e-06,-0.0057416267942582,5.417657861193973e-06,-0.0062200956937799,3.037758157883764e-06,-0.0038277511961721,5.314722361831288e-06,-0.0033492822966507,5.8046334227078287e-08,-0.0028708133971291,7.546023449520178e-07,-0.001913875598086,8.977833027121442e-06,-0.0014354066985644,7.758860008352799e-06,2,2,2,2,2
1249,38,10:42:30,4,-0.0038277511961721,179042.0,-0.0040669856459331,-0.0043062200956938,2.341202147158824e-06,-0.0047846889952152,2.539778656549659e-05,-0.0052631578947368,2.534689927915752e-06,-0.0057416267942582,5.417657861193973e-06,-0.0062200956937799,3.1345020482622275e-06,-0.0038277511961721,3.844215228078638e-06,-0.0033492822966507,2.51534114984006e-07,-0.0028708133971291,7.932999011034033e-07,-0.0023923444976075,3.869755615138552e-08,-0.001913875598086,9.151972029802676e-06,2,2,2,2,2
1250,38,10:42:33,4,-0.0023923444976075,661657.0,-0.0026315789473684,-0.0028708133971291,3.095804492110842e-07,-0.0033492822966507,1.701376753751816e-05,-0.0038277511961721,6.385096764978611e-07,-0.0043062200956938,2.225109478704668e-06,-0.0047846889952152,2.5707367014707677e-05,-0.0023923444976075,6.44314309920569e-06,-0.001913875598086,2.0354914535628788e-05,-0.0014354066985644,7.894301454882647e-06,-0.000956937799043,5.204821302361353e-06,-0.0004784688995214,1.7607388048880415e-05,1,1,1,2,2
1251,38,10:42:36,4,-0.0028708133971291,633306.0,-0.0031100478468898,-0.0033492822966507,1.2331363243200512e-05,-0.0038277511961721,5.050031077755811e-06,-0.0043062200956938,1.2305822856140596e-05,-0.0047846889952152,2.6539364471962466e-05,-0.0052631578947368,2.554038705991445e-06,-0.0028708133971291,5.804633422707829e-06,-0.0023923444976075,6.191608984221684e-06,-0.001913875598086,2.0354914535628788e-05,-0.0014354066985644,7.894301454882647e-06,-0.000956937799043,5.204821302361353e-06,1,1,2,2,2
1252,38,10:42:39,4,-0.0033492822966507,1373555.0,-0.0031100478468898,-0.0033492822966507,1.2370060799351897e-05,-0.0038277511961721,5.959423647313371e-06,-0.0043062200956938,1.2866937420335689e-05,-0.0047846889952152,2.657806202811385e-05,-0.0052631578947368,2.554038705991445e-06,-0.0028708133971291,5.069379855831504e-06,-0.0023923444976075,8.12648679179096e-07,-0.001913875598086,1.9387475631844148e-05,-0.0014354066985644,7.894301454882647e-06,-0.000956937799043,5.611145641950901e-06,1,1,2,2,2
1253,38,10:42:42,4,-0.0028708133971291,770873.0,-0.0031100478468898,-0.0033492822966507,8.461607628061958e-06,-0.0038277511961721,4.933938409301655e-06,-0.0043062200956938,1.9639009746828158e-05,-0.0047846889952152,2.659741080618954e-05,-0.0052631578947368,2.554038705991445e-06,-0.0028708133971291,1.9155290294935838e-06,-0.0023923444976075,8.12648679179096e-07,-0.001913875598086,1.9387475631844148e-05,-0.0014354066985644,7.894301454882647e-06,-0.000956937799043,5.707889532329365e-06,1,2,1,2,2
1254,38,10:42:45,4,-0.0028708133971291,1310181.0,-0.0033492822966507,-0.0038277511961721,3.198739991473528e-06,-0.0043062200956938,1.9503568300298303e-05,-0.0047846889952152,2.6616759584265235e-05,-0.0052631578947368,2.554038705991445e-06,-0.0057416267942582,4.914589631225962e-06,-0.0028708133971291,5.611145641950901e-07,-0.0023923444976075,1.4124607995255717e-06,-0.001913875598086,1.9387475631844148e-05,-0.0014354066985644,7.894301454882647e-06,-0.000956937799043,5.707889532329365e-06,2,2,2,2,2
1255,38,10:42:48,4,-0.0023923444976075,243829.0,-0.0026315789473684,-0.0028708133971291,2.4766435936886736e-06,-0.0033492822966507,2.708828930596987e-07,-0.0038277511961721,3.547017996835997e-06,-0.0043062200956938,1.9503568300298303e-05,-0.0047846889952152,2.7177874148460327e-05,-0.0023923444976075,1.064182794163102e-06,-0.001913875598086,1.9600312190676768e-05,-0.0014354066985644,7.894301454882647e-06,-0.000956937799043,5.707889532329365e-06,-0.0004784688995214,1.799436361039427e-05,1,1,2,2,2
1256,38,10:42:51,4,-0.0028708133971291,133386.0,-0.0026315789473684,-0.0028708133971291,2.766875264824065e-06,-0.0033492822966507,6.269004096524455e-06,-0.0038277511961721,3.56636677491169e-06,-0.0043062200956938,1.967770730297954e-05,-0.0047846889952152,2.8164661830320657e-05,-0.0023923444976075,2.523854612193364e-06,-0.001913875598086,9.829179262451924e-06,-0.0014354066985644,7.894301454882647e-06,-0.000956937799043,5.707889532329365e-06,-0.0004784688995214,1.799436361039427e-05,1,1,2,2,2
1257,38,10:42:54,4,-0.0028708133971291,79192.0,-0.0026315789473684,-0.0028708133971291,1.170601073579412e-05,-0.0033492822966507,6.462491877281383e-06,-0.0038277511961721,3.8372496679713885e-06,-0.0043062200956938,1.967770730297954e-05,-0.0047846889952152,2.8164661830320657e-05,-0.0023923444976075,1.3359170334581311e-05,-0.001913875598086,9.829179262451924e-06,-0.0014354066985644,7.894301454882647e-06,-0.000956937799043,5.707889532329365e-06,-0.0004784688995214,1.799436361039427e-05,1,1,2,2,2
1258,38,10:42:57,4,-0.0028708133971291,350074.0,-0.0026315789473684,-0.0028708133971291,1.2732269924928864e-05,-0.0033492822966507,7.023606441476473e-06,-0.0038277511961721,3.875947224122774e-06,-0.0043062200956938,2.163193388862451e-05,-0.0047846889952152,2.8164661830320657e-05,-0.0023923444976075,1.581646515019429e-05,-0.001913875598086,9.848528040527617e-06,-0.0014354066985644,7.894301454882647e-06,-0.000956937799043,5.707889532329365e-06,-0.0004784688995214,1.799436361039427e-05,1,2,2,2,2
1259,38,10:43:00,4,-0.0023923444976075,669260.0,-0.0026315789473684,-0.0028708133971291,1.3583616160259349e-05,-0.0033492822966507,7.120350331854937e-06,-0.0038277511961721,3.933993558349852e-06,-0.0043062200956938,2.163193388862451e-05,-0.0047846889952152,2.160542606266081e-05,-0.0023923444976075,1.314633377574869e-05,-0.001913875598086,2.109016810250511e-06,-0.0014354066985644,7.894301454882647e-06,-0.000956937799043,5.32091397081551e-06,-0.0004784688995214,1.799436361039427e-05,1,1,2,2,2
1260,38,10:43:03,4,-0.0023923444976075,156309.0,-0.0026315789473684,-0.0028708133971291,1.4222125836757208e-05,-0.0033492822966507,7.120350331854937e-06,-0.0038277511961721,4.12748133910678e-06,-0.0043062200956938,2.2038258228214055e-05,-0.0047846889952152,2.160542606266081e-05,-0.0023923444976075,1.3107636219597305e-05,-0.001913875598086,2.109016810250511e-06,-0.0014354066985644,7.894301454882647e-06,-0.000956937799043,5.32091397081551e-06,-0.0004784688995214,1.8033061166545656e-05,1,1,2,2,2
1261,38,10:43:06,4,-0.0028708133971291,1244526.0,-0.0026315789473684,-0.0028708133971291,1.1010228676192207e-05,-0.0033492822966507,9.268064698256831e-06,-0.0038277511961721,4.320969119863708e-06,-0.0043062200956938,2.2038258228214055e-05,-0.0047846889952152,2.16441236188122e-05,-0.0023923444976075,6.06468100004514e-06,-0.001913875598086,2.109016810250511e-06,-0.0014354066985644,7.894301454882647e-06,-0.000956937799043,5.514401751572438e-06,-0.0004784688995214,1.8033061166545656e-05,1,2,2,2,2
1262,38,10:43:09,4,-0.0023923444976075,1490213.0,-0.0026315789473684,-0.0028708133971291,2.612858991341551e-06,-0.0033492822966507,9.268064698256831e-06,-0.0038277511961721,4.379015454090786e-06,-0.0043062200956938,2.2038258228214055e-05,-0.0047846889952152,2.16441236188122e-05,-0.0023923444976075,3.742827630962008e-06,-0.001913875598086,2.109016810250511e-06,-0.0014354066985644,7.894301454882647e-06,-0.000956937799043,5.514401751572438e-06,-0.0004784688995214,1.8033061166545656e-05,1,2,2,2,2
1263,38,10:43:12,4,-0.0023923444976075,463784.0,-0.0021531100478467,-0.0023923444976075,5.563934623446211e-06,-0.0028708133971291,2.7096028817200145e-06,-0.0033492822966507,1.1009454725069182e-05,-0.0038277511961721,5.868871365919129e-06,-0.0043062200956938,2.2018909450138365e-05,-0.001913875598086,2.109016810250511e-06,-0.0014354066985644,7.894301454882647e-06,-0.000956937799043,5.514401751572438e-06,-0.0004784688995214,1.8033061166545656e-05,0.0,0.0001157885056628,1,1,2,2,2
1264,38,10:43:15,4,-0.0023923444976075,525435.0,-0.0021531100478467,-0.0023923444976075,2.216596016351363e-06,-0.0028708133971291,4.934712360424682e-06,-0.0033492822966507,8.939135470970056e-06,-0.0038277511961721,7.436122390050242e-06,-0.0043062200956938,2.2018909450138365e-05,-0.001913875598086,1.81878513911512e-06,-0.0014354066985644,7.894301454882647e-06,-0.000956937799043,6.017469981540449e-06,-0.0004784688995214,1.8033061166545656e-05,0.0,0.0001157885056628,1,2,2,2,2
1265,38,10:43:18,4,-0.0028708133971291,1087260.0,-0.0031100478468898,-0.0033492822966507,8.939135470970056e-06,-0.0038277511961721,7.436122390050242e-06,-0.0043062200956938,2.2018909450138365e-05,-0.0047846889952152,2.1798913843417737e-05,-0.0052631578947368,2.9603630455809928e-06,-0.0028708133971291,5.483443706651329e-06,-0.001913875598086,1.4511583556769572e-06,-0.0014354066985644,7.894301454882647e-06,-0.000956937799043,6.017469981540449e-06,-0.0004784688995214,1.6059485802824993e-05,2,2,2,2,2
1266,38,10:43:21,4,-0.0023923444976075,967957.0,-0.0021531100478467,-0.0023923444976075,2.1206260770959266e-06,-0.0028708133971291,9.674389037846383e-08,-0.0033492822966507,8.939135470970056e-06,-0.0038277511961721,7.436122390050242e-06,-0.0043062200956938,2.1999560672062672e-05,-0.001913875598086,9.093925695575598e-07,-0.0014354066985644,7.894301454882647e-06,-0.000956937799043,6.017469981540449e-06,-0.0004784688995214,1.6059485802824993e-05,0.0,0.0001154015301012,2,2,2,2,1
1267,38,10:43:24,4,-0.0023923444976075,845834.0,-0.0026315789473684,-0.0028708133971291,1.1609266845415657e-07,-0.0033492822966507,8.958484249045749e-06,-0.0038277511961721,7.455471168125936e-06,-0.0043062200956938,2.1612585110548817e-05,-0.0047846889952152,1.8006553340581956e-05,-0.0023923444976075,6.063907048922112e-06,-0.0014354066985644,7.894301454882647e-06,-0.000956937799043,6.017469981540449e-06,-0.0004784688995214,1.6059485802824993e-05,0.0,0.0001154015301012,2,2,2,2,2
1268,38,10:43:27,4,-0.0028708133971291,779789.0,-0.0016746411483251,-0.001913875598086,1.547902246055421e-07,-0.0028708133971291,1.1609266845415657e-07,-0.0033492822966507,8.958484249045749e-06,-0.0038277511961721,7.648958948882863e-06,-0.0043062200956938,2.079993643136972e-05,-0.0014354066985644,7.631158073053226e-06,-0.000956937799043,6.481840655357075e-06,-0.0004784688995214,1.6349717473960386e-05,0.0,0.0001164076665612,0.0004784688995216,6.450302147093696e-06,1,2,1,2,2
1269,38,10:43:30,4,-0.001913875598086,346250.0,-0.0021531100478467,-0.0023923444976075,5.417657861193974e-07,-0.0033492822966507,8.919786692894364e-06,-0.0038277511961721,7.648958948882863e-06,-0.0043062200956938,2.0838633987521104e-05,-0.0047846889952152,1.849027279247428e-05,-0.001913875598086,9.46155247901376e-06,-0.0014354066985644,6.354138720057503e-06,-0.000956937799043,6.481840655357075e-06,-0.0004784688995214,1.6349717473960386e-05,0.0,0.0001164076665612,2,2,2,2,1
1270,38,10:43:33,4,-0.001913875598086,769379.0,-0.0021531100478467,-0.0023923444976075,1.9348778075692766e-07,-0.0028708133971291,2.612085040218523e-06,-0.0033492822966507,8.726298912137435e-06,-0.0038277511961721,7.881144285791176e-06,-0.0043062200956938,2.1070819324429415e-05,-0.001913875598086,6.075516315767528e-06,-0.0014354066985644,6.354138720057503e-06,-0.000956937799043,6.481840655357075e-06,-0.0004784688995214,1.6349717473960386e-05,0.0,0.0001162141787804,2,2,1,2,2
1271,38,10:43:36,4,-0.001913875598086,2270284.0,-0.0014354066985646,-0.001913875598086,9.674389037846383e-08,-0.0023923444976075,2.1032121768278032e-05,-0.0028708133971291,3.250594716716384e-06,-0.0033492822966507,8.939135470970056e-06,-0.0038277511961721,7.881144285791176e-06,-0.000956937799043,2.5617782172217217e-06,-0.0004784688995214,1.6407763808187462e-05,0.0,0.0001162141787804,0.0004784688995216,6.450302147093696e-06,0.0009569377990432,1.3716735753420114e-05,2,2,2,2,1
1272,38,10:43:39,4,-0.001913875598086,629822.0,-0.0014354066985646,-0.001913875598086,1.218973018768644e-06,-0.0023923444976075,2.772679898246773e-05,-0.0028708133971291,3.579523944003161e-06,-0.0033492822966507,1.4743768893677885e-05,-0.0038277511961721,7.881144285791176e-06,-0.000956937799043,2.5617782172217217e-06,-0.0004784688995214,1.6407763808187462e-05,0.0,0.0001162141787804,0.0004784688995216,6.450302147093696e-06,0.0009569377990432,1.3716735753420114e-05,1,2,2,2,1
1273,38,10:43:42,4,-0.0023923444976075,421350.0,-0.0021531100478467,-0.0023923444976075,2.8539447661646826e-05,-0.0028708133971291,4.546962847787799e-06,-0.0033492822966507,1.4743768893677885e-05,-0.0038277511961721,7.881144285791176e-06,-0.0043062200956938,2.0683843762915563e-05,-0.001913875598086,4.024545839744095e-06,-0.0014354066985644,9.093925695575598e-07,-0.000956937799043,2.5617782172217217e-06,-0.0004784688995214,1.6407763808187462e-05,0.0,0.0001162141787804,2,2,2,2,2
1274,38,10:43:45,4,-0.000956937799043,1265998.0,-0.0014354066985646,-0.001913875598086,5.224170080437046e-07,-0.0023923444976075,2.312178980045285e-05,-0.0028708133971291,4.546962847787799e-06,-0.0033492822966507,8.919786692894364e-06,-0.0038277511961721,7.881144285791176e-06,-0.000956937799043,2.155453877632174e-06,-0.0004784688995214,1.6407763808187462e-05,0.0,0.0001162141787804,0.0004784688995216,6.450302147093696e-06,0.0009569377990432,1.3716735753420114e-05,2,2,2,1,1
1275,38,10:43:48,4,-0.001913875598086,524932.0,-0.0007177033492823,-0.000956937799043,1.9348778075692766e-07,-0.001913875598086,1.540162734825144e-06,-0.0023923444976075,3.089999858688134e-05,-0.0028708133971291,4.8758920750745765e-06,-0.0033492822966507,8.919786692894364e-06,-0.0004784688995214,1.4956605452510503e-05,0.0,0.0001162141787804,0.0004784688995216,6.450302147093696e-06,0.0009569377990432,1.3716735753420114e-05,0.0014354066985646,9.326111032483912e-06,1,1,1,1,1
1276,38,10:43:51,4,-0.000956937799043,547156.0,-0.0007177033492823,-0.000956937799043,1.5865998022068066e-06,-0.001913875598086,1.946487074414692e-06,-0.0023923444976075,3.167394970990905e-05,-0.0028708133971291,5.088728633907197e-06,-0.0033492822966507,8.919786692894364e-06,-0.0004784688995214,1.3273261759925236e-05,0.0,0.0001141136754325,0.0004784688995216,6.450302147093696e-06,0.0009569377990432,1.3716735753420114e-05,0.0014354066985646,9.326111032483912e-06,1,1,1,1,1
1277,38,10:43:54,4,-0.0004784688995214,2451422.0,-0.0011961722488037,-0.001913875598086,7.739511230277106e-08,-0.0023923444976075,2.1159823703577604e-05,-0.0028708133971291,5.088728633907197e-06,-0.0033492822966507,8.919786692894364e-06,-0.0038277511961721,7.610261392731478e-06,-0.0004784688995214,1.120294250582611e-05,0.0,0.0001141136754325,0.0004784688995216,6.450302147093696e-06,0.0009569377990432,1.3716735753420114e-05,0.0014354066985646,9.326111032483912e-06,2,1,2,1,1
1278,38,10:43:57,4,-0.000956937799043,816343.0,-0.0007177033492823,-0.000956937799043,5.8820285350106e-06,-0.001913875598086,5.9207260911619855e-06,-0.0023923444976075,2.034717502439851e-05,-0.0028708133971291,5.108077411982889e-06,-0.0033492822966507,8.919786692894364e-06,-0.0004784688995214,8.184533126018038e-06,0.0,0.0001141136754325,0.0004784688995216,6.450302147093696e-06,0.0009569377990432,1.3716735753420114e-05,0.0014354066985646,9.326111032483912e-06,1,1,2,1,1
1279,38,10:44:00,4,-0.0004784688995214,730921.0,-0.0007177033492823,-0.000956937799043,1.9348778075692764e-06,-0.001913875598086,7.2170942222334e-06,-0.0023923444976075,2.152745048701577e-05,-0.0028708133971291,4.895240853150269e-06,-0.0033492822966507,8.919786692894364e-06,-0.0004784688995214,6.036818759616142e-06,0.0,0.0001141136754325,0.0004784688995216,6.450302147093696e-06,0.0009569377990432,1.3716735753420114e-05,0.0014354066985646,9.326111032483912e-06,1,1,2,1,1
1280,38,10:44:03,4,-0.0004784688995214,2372302.0,-0.0011961722488037,-0.001913875598086,2.9023167113539144e-07,-0.0023923444976075,1.3710544144435893e-05,-0.0028708133971291,4.895240853150269e-06,-0.0033492822966507,8.803694024440208e-06,-0.0038277511961721,7.378076055823164e-06,-0.0004784688995214,2.283155812931746e-06,0.0,0.0001141136754325,0.0004784688995216,6.450302147093696e-06,0.0009569377990432,1.3716735753420114e-05,0.0014354066985646,9.326111032483912e-06,2,1,2,1,2
1281,38,10:44:06,4,-0.0004784688995214,652003.0,-0.0002392344497607,-0.0004784688995214,1.3462879785067024e-05,-0.000956937799043,9.674389037846383e-08,-0.0014354066985644,9.674389037846383e-08,-0.001913875598086,3.869755615138553e-07,-0.0023923444976075,1.4871470828977455e-05,0.0,0.0001140362803202,0.0004784688995216,6.450302147093696e-06,0.0009569377990432,1.3716735753420114e-05,0.0014354066985646,9.326111032483912e-06,0.0019138755980863,6.191608984221684e-06,1,1,1,1,1
1282,38,10:44:09,4,-0.0004784688995214,365622.0,-0.0002392344497607,-0.0004784688995214,2.391121994594112e-05,-0.000956937799043,3.482780053624697e-07,-0.0014354066985644,9.674389037846383e-08,-0.001913875598086,4.837194518923191e-07,-0.0023923444976075,1.496821471935592e-05,0.0,3.575112422601903e-05,0.0004784688995216,6.450302147093696e-06,0.0009569377990432,1.3716735753420114e-05,0.0014354066985646,9.326111032483912e-06,0.0019138755980863,6.191608984221684e-06,1,1,1,1,1
1283,38,10:44:12,4,-0.0004784688995214,240274.0,-0.0002392344497607,-0.0004784688995214,2.2788990817550936e-05,-0.000956937799043,7.35253566876325e-07,-0.0014354066985644,4.643706738166263e-07,-0.001913875598086,4.837194518923191e-07,-0.0023923444976075,1.496821471935592e-05,0.0,3.4996521881067016e-05,0.0004784688995216,6.450302147093696e-06,0.0009569377990432,1.3174969967300716e-05,0.0014354066985646,9.326111032483912e-06,0.0019138755980863,5.959423647313371e-06,1,1,1,1,1
1284,38,10:44:15,4,0.0,367740.0,-0.0002392344497607,-0.0004784688995214,2.729725610918735e-05,-0.000956937799043,6.965560107249394e-07,-0.0014354066985644,4.643706738166263e-07,-0.001913875598086,1.0254852380117164e-06,-0.0023923444976075,1.496821471935592e-05,0.0,3.3719502528071293e-05,0.0004784688995216,6.256814366336769e-06,0.0009569377990432,1.3174969967300716e-05,0.0014354066985646,9.326111032483912e-06,0.0019138755980863,5.959423647313371e-06,1,1,1,1,1
1285,38,10:44:18,4,-0.0004784688995214,647844.0,-0.0002392344497607,-0.0004784688995214,2.71618146626575e-05,-0.000956937799043,6.965560107249394e-07,-0.0014354066985644,4.643706738166263e-07,-0.001913875598086,1.1028803503144874e-06,-0.0023923444976075,1.5026261053583e-05,0.0,2.880491289684533e-05,0.0004784688995216,6.256814366336769e-06,0.0009569377990432,1.3174969967300716e-05,0.0014354066985646,9.326111032483912e-06,0.0019138755980863,5.959423647313371e-06,0,1,1,1,1
1286,38,10:44:21,4,-0.0004784688995214,3319142.0,-0.0007177033492823,-0.000956937799043,6.965560107249394e-07,-0.0014354066985644,4.643706738166263e-07,-0.001913875598086,3.037758157883764e-06,-0.0023923444976075,1.537453905894547e-05,-0.0028708133971291,4.740450628544727e-06,-0.0004784688995214,2.5254025144394195e-05,0.0,2.5921944963567107e-05,0.0004784688995216,6.256814366336769e-06,0.0009569377990432,1.3174969967300716e-05,0.0014354066985646,9.326111032483912e-06,2,2,2,1,2
1287,38,10:44:24,4,-0.0004784688995214,194272.0,-0.0007177033492823,-0.000956937799043,5.998121203464756e-07,-0.0014354066985644,4.643706738166263e-07,-0.001913875598086,3.4827800536246973e-06,-0.0023923444976075,1.537453905894547e-05,-0.0028708133971291,4.7211018504690345e-06,-0.0004784688995214,2.399635456947417e-05,0.0,2.5960642519718493e-05,0.0004784688995216,6.527697259396467e-06,0.0009569377990432,1.3174969967300716e-05,0.0014354066985646,9.326111032483912e-06,2,2,2,1,2
1288,38,10:44:27,4,-0.0004784688995214,1232474.0,-0.0007177033492823,-0.000956937799043,1.876831473342198e-06,-0.0014354066985644,4.643706738166263e-07,-0.001913875598086,3.4827800536246973e-06,-0.0023923444976075,7.0545644863975815e-06,-0.0028708133971291,4.7211018504690345e-06,-0.0004784688995214,1.9189150656568294e-05,0.0,2.578650351703726e-05,0.0004784688995216,6.527697259396467e-06,0.0009569377990432,1.3174969967300716e-05,0.0014354066985646,9.422854922862376e-06,2,2,1,1,2
1289,38,10:44:30,4,-0.0004784688995214,728996.0,-0.0007177033492823,-0.000956937799043,6.772072326492467e-07,-0.0014354066985644,4.643706738166263e-07,-0.001913875598086,3.9664995055170165e-06,-0.0023923444976075,7.093262042548967e-06,-0.0028708133971291,4.7211018504690345e-06,-0.0004784688995214,1.4700234143007576e-05,0.0,2.59412937416428e-05,0.0004784688995216,6.527697259396467e-06,0.0009569377990432,1.3561945528814573e-05,0.0014354066985646,9.345459810559604e-06,2,2,1,1,2
1290,38,10:44:33,4,-0.0004784688995214,490671.0,-0.0011961722488037,-0.001913875598086,4.043894617819787e-06,-0.0023923444976075,7.596330272516978e-06,-0.0028708133971291,5.108077411982889e-06,-0.0033492822966507,8.919786692894364e-06,-0.0038277511961721,5.772127475540665e-06,-0.0004784688995214,1.506786092644574e-05,0.0,3.726032891592307e-05,0.0004784688995216,6.527697259396467e-06,0.0009569377990432,1.3561945528814573e-05,0.0014354066985646,9.345459810559604e-06,2,2,1,1,2
1291,38,10:44:36,4,0.0,6169695.0,0.0002392344497608,0.0,1.326416783422966e-05,-0.0004784688995214,1.9348778075692766e-07,-0.0014354066985644,1.3544144652984934e-07,-0.001913875598086,1.3950468992574482e-05,-0.0023923444976075,7.596330272516978e-06,0.0004784688995216,6.527697259396467e-06,0.0009569377990432,1.3561945528814573e-05,0.0014354066985646,9.345459810559604e-06,0.0019138755980863,5.959423647313371e-06,0.0023923444976077,0.0001081054928645,1,1,1,1,2
1292,38,10:44:39,4,0.0004784688995216,217386.0,0.0002392344497608,0.0,1.3863979954576135e-05,-0.0004784688995214,7.487977115293099e-06,-0.000956937799043,1.0061364599360235e-06,-0.0014354066985644,3.2892922728677695e-07,-0.001913875598086,1.3950468992574482e-05,0.0004784688995216,6.024629029428456e-06,0.0009569377990432,1.3561945528814573e-05,0.0014354066985646,9.345459810559604e-06,0.0019138755980863,6.017469981540449e-06,0.0023923444976077,0.0001081054928645,1,1,1,1,2
1293,38,10:44:42,4,0.0,294721.0,0.0002392344497608,0.0,1.1813009478552702e-05,-0.0004784688995214,9.113274473651292e-06,-0.000956937799043,8.223230682169424e-06,-0.0014354066985644,3.2892922728677695e-07,-0.001913875598086,1.406656166102864e-05,0.0004784688995216,8.694760403874056e-06,0.0009569377990432,1.3561945528814573e-05,0.0014354066985646,9.538947591316533e-06,0.0019138755980863,6.017469981540449e-06,0.0023923444976077,0.0001081054928645,1,1,1,1,2
1294,38,10:44:45,4,0.0004784688995216,146353.0,0.0002392344497608,0.0,1.1484080251265925e-05,-0.0004784688995214,1.1009454725069182e-05,-0.000956937799043,8.223230682169424e-06,-0.0014354066985644,3.2892922728677695e-07,-0.001913875598086,1.406656166102864e-05,0.0004784688995216,7.766019056240804e-06,0.0009569377990432,1.3561945528814573e-05,0.0014354066985646,9.538947591316533e-06,0.0019138755980863,6.017469981540449e-06,0.0023923444976077,0.0001081054928645,1,1,1,0,2
1295,38,10:44:48,4,0.0004784688995216,503828.0,0.0002392344497608,0.0,9.49115610946957e-06,-0.0004784688995214,1.5246837123645898e-05,-0.000956937799043,8.319974572547888e-06,-0.0014354066985644,3.676267834381625e-07,-0.001913875598086,1.2363869190367676e-05,0.0004784688995216,5.095887681795203e-06,0.0009569377990432,1.3561945528814573e-05,0.0014354066985646,9.538947591316533e-06,0.0019138755980863,6.30770165267584e-06,0.0023923444976077,0.0001081248416425,1,1,1,1,2
1296,38,10:44:51,4,0.0004784688995216,635552.0,0.0002392344497608,0.0,1.5450579756782942e-05,-0.0004784688995214,1.5653161463235445e-05,-0.000956937799043,9.03587936134852e-06,-0.0014354066985644,5.804633422707829e-07,-0.001913875598086,1.2363869190367676e-05,0.0004784688995216,1.419619847413578e-06,0.0009569377990432,1.3561945528814573e-05,0.0014354066985646,9.538947591316533e-06,0.0019138755980863,1.2692798417654453e-05,0.0023923444976077,0.0001078346099714,1,1,1,1,2
1297,38,10:44:54,4,0.0009569377990432,868066.0,0.0007177033492822,0.0004784688995216,8.900437914818671e-07,0.0,1.5934299208675262e-05,-0.0004784688995214,1.6330368695884693e-05,-0.000956937799043,9.229367142105449e-06,-0.0014354066985644,5.804633422707829e-07,0.0009569377990432,1.2065317544659737e-05,0.0014354066985646,9.538947591316533e-06,0.0019138755980863,1.275084475188153e-05,0.0023923444976077,0.0001078346099714,0.0028708133971293,5.204821302361353e-06,1,1,0,1,2
1298,38,10:44:57,4,0.0009569377990432,822112.0,0.0007177033492822,0.0004784688995216,5.495052973496745e-06,0.0,1.6185833323659265e-05,-0.0004784688995214,1.7278458821593637e-05,-0.000956937799043,9.326111032483912e-06,-0.0014354066985644,1.876831473342198e-06,0.0009569377990432,5.312593996242962e-06,0.0014354066985646,9.480901257089452e-06,0.0019138755980863,1.275084475188153e-05,0.0023923444976077,0.0001078733075276,0.0028708133971293,5.204821302361353e-06,1,0,1,1,2
1299,38,10:45:00,4,0.0004784688995216,2372984.0,0.0007177033492822,0.0004784688995216,1.4085910439104331e-06,0.0,3.0673617883395737e-06,-0.0004784688995214,1.6968878372382554e-05,-0.000956937799043,9.326111032483912e-06,-0.0014354066985644,1.876831473342198e-06,0.0009569377990432,5.177152549713113e-06,0.0014354066985646,9.480901257089452e-06,0.0019138755980863,1.2924983754562766e-05,0.0023923444976077,0.0001078733075276,0.0028708133971293,5.204821302361353e-06,0,0,1,1,2
1300,38,10:45:03,4,0.0004784688995216,1316850.0,0.0002392344497608,0.0,2.1773179968577068e-06,-0.0004784688995214,1.609818335897638e-05,-0.000956937799043,9.326111032483912e-06,-0.0014354066985644,1.876831473342198e-06,-0.001913875598086,1.3873073880271712e-05,0.0004784688995216,1.873348693288573e-05,0.0009569377990432,6.860496242298383e-06,0.0014354066985646,9.67438903784638e-06,0.0019138755980863,1.3215215425698156e-05,0.0023923444976077,0.000108240934311,1,1,1,1,2
1301,38,10:45:06,4,0.0004784688995216,932474.0,0.0002392344497608,0.0,1.907209054921036e-06,-0.0004784688995214,1.609818335897638e-05,-0.000956937799043,9.422854922862376e-06,-0.0014354066985644,1.876831473342198e-06,-0.001913875598086,1.3873073880271712e-05,0.0004784688995216,1.4476755756233325e-05,0.0009569377990432,6.860496242298383e-06,0.0014354066985646,9.67438903784638e-06,0.0019138755980863,1.3215215425698156e-05,0.0023923444976077,0.000108240934311,1,1,1,1,2
1302,38,10:45:09,4,0.0004784688995216,558291.0,0.0002392344497608,0.0,1.791116386466879e-06,-0.0004784688995214,1.609818335897638e-05,-0.000956937799043,9.422854922862376e-06,-0.0014354066985644,1.876831473342198e-06,-0.001913875598086,1.3873073880271712e-05,0.0004784688995216,1.2000112162544652e-05,0.0009569377990432,7.673144921477478e-06,0.0014354066985646,9.67438903784638e-06,0.0019138755980863,1.3931120214498787e-05,0.0023923444976077,0.000108240934311,1,1,1,1,2
1303,38,10:45:12,4,0.0004784688995216,999489.0,0.0002392344497608,0.0,2.7005089560244387e-06,-0.0004784688995214,1.6214276027430534e-05,-0.000956937799043,9.132623251726983e-06,-0.0014354066985644,1.876831473342198e-06,-0.001913875598086,1.3873073880271712e-05,0.0004784688995216,3.4092546969370646e-06,0.0009569377990432,8.253608263748262e-06,0.0014354066985646,9.67438903784638e-06,0.0019138755980863,1.3931120214498787e-05,0.0023923444976077,0.000108240934311,1,1,1,1,2
1304,38,10:45:15,4,0.0004784688995216,1848955.0,0.0,-0.0004784688995214,1.6233624805506228e-05,-0.000956937799043,2.1264307105186345e-05,-0.0014354066985644,1.876831473342198e-06,-0.001913875598086,1.3873073880271712e-05,-0.0023923444976075,7.88656194365237e-06,0.0004784688995216,2.443750670959996e-07,0.0009569377990432,8.44709604450519e-06,0.0014354066985646,1.0312898714344242e-05,0.0019138755980863,1.3931120214498787e-05,0.0023923444976077,0.0001089955366559,1,0,1,1,2
1305,38,10:45:18,4,0.0004784688995216,976296.0,0.0002392344497608,0.0,3.482780053624697e-07,-0.0004784688995214,1.6078834580900686e-05,-0.000956937799043,2.1264307105186345e-05,-0.0014354066985644,1.876831473342198e-06,-0.001913875598086,1.3756981211817557e-05,0.0004784688995216,1.1537676366535594e-06,0.0009569377990432,8.834071606019044e-06,0.0014354066985646,1.0312898714344242e-05,0.0019138755980863,1.555641757285698e-05,0.0023923444976077,0.0001084150733137,1,0,1,1,2
1306,38,10:45:21,4,0.0004784688995216,1862940.0,0.0007177033492822,0.0004784688995216,1.0835315722387947e-06,0.0,6.501189433432768e-06,-0.0004784688995214,1.57692541316896e-05,-0.000956937799043,2.1264307105186345e-05,-0.0014354066985644,1.876831473342198e-06,0.0009569377990432,4.941677920531932e-06,0.0014354066985646,1.0312898714344242e-05,0.0019138755980863,9.326111032483912e-06,0.0023923444976077,0.0001084150733137,0.0028708133971293,5.204821302361353e-06,0,0,0,1,2
1307,38,10:45:24,4,0.0004784688995216,1072821.0,0.0007177033492822,0.0004784688995216,3.4053849413219262e-06,0.0,6.30770165267584e-06,-0.0004784688995214,1.6330368695884693e-05,-0.000956937799043,2.136105099556481e-05,-0.0014354066985644,1.9155290294935838e-06,0.0009569377990432,1.5865998022068066e-06,0.0014354066985646,1.0332247492419937e-05,0.0019138755980863,1.0119410933587316e-05,0.0023923444976077,0.0001084150733137,0.0028708133971293,5.204821302361353e-06,0,0,0,1,2
1308,38,10:45:27,4,0.0,2277051.0,-0.0002392344497607,-0.0004784688995214,1.2414949964487504e-05,-0.000956937799043,2.209630456244113e-05,-0.0014354066985644,1.9155290294935838e-06,-0.001913875598086,1.3679586099514784e-05,-0.0023923444976075,6.97716937409481e-06,0.0,8.919786692894364e-06,0.0004784688995216,2.51534114984006e-07,0.0009569377990432,1.4318095776012643e-06,0.0014354066985646,1.0332247492419937e-05,0.0019138755980863,1.0119410933587316e-05,1,1,1,2,2
1309,38,10:45:30,4,0.0,837975.0,-0.0002392344497607,-0.0004784688995214,1.0189840485782836e-05,-0.000956937799043,2.209630456244113e-05,-0.0014354066985644,1.8961802514178909e-06,-0.001913875598086,1.3679586099514784e-05,-0.0023923444976075,7.170657154851738e-06,0.0,3.4827800536246973e-06,0.0004784688995216,1.218973018768644e-06,0.0009569377990432,1.4318095776012643e-06,0.0014354066985646,1.04289913827984e-05,0.0019138755980863,1.0119410933587316e-05,1,1,0,2,2
1310,38,10:45:33,4,0.0,553850.0,-0.0002392344497607,-0.0004784688995214,1.0402677044615456e-05,-0.000956937799043,2.1999560672062672e-05,-0.0014354066985644,1.8961802514178909e-06,-0.001913875598086,1.3679586099514784e-05,-0.0023923444976075,7.170657154851738e-06,0.0,2.6701313744456013e-06,0.0004784688995216,2.0122729198720474e-06,0.0009569377990432,1.1106198615447646e-05,0.0014354066985646,1.1241640061977496e-05,0.0019138755980863,1.050638649510117e-05,1,1,1,2,2
1311,38,10:45:36,4,0.0,1040447.0,-0.0002392344497607,-0.0004784688995214,3.572558383895912e-06,-0.000956937799043,2.1999560672062672e-05,-0.0014354066985644,1.8961802514178909e-06,-0.001913875598086,1.3834376324120324e-05,-0.0023923444976075,7.190005932927431e-06,0.0,1.4898559118283427e-06,0.0004784688995216,3.6375702782302393e-06,0.0009569377990432,1.1299686396204572e-05,0.0014354066985646,1.1241640061977496e-05,0.0019138755980863,1.050638649510117e-05,1,1,1,2,2
1312,38,10:45:39,4,0.0,411672.0,-0.0002392344497607,-0.0004784688995214,3.224280378533442e-06,-0.000956937799043,1.894245373610321e-05,-0.0014354066985644,2.3992484813859025e-06,-0.001913875598086,1.3834376324120324e-05,-0.0023923444976075,8.737908178982851e-06,0.0,1.0835315722387947e-06,0.0004784688995216,4.050860177927036e-06,0.0009569377990432,1.8052409944621343e-05,0.0014354066985646,1.1241640061977496e-05,0.0019138755980863,1.0699874275858098e-05,1,1,1,2,2
1313,38,10:45:42,4,0.0,385295.0,-0.0002392344497607,-0.0004784688995214,1.3977557281880452e-06,-0.000956937799043,1.9019848848405983e-05,-0.0014354066985644,2.3992484813859025e-06,-0.001913875598086,1.3834376324120324e-05,-0.0023923444976075,8.58311795437731e-06,0.0,1.7413900268123485e-07,0.0004784688995216,9.836144822559171e-06,0.0009569377990432,1.8052409944621343e-05,0.0014354066985646,1.1048152281220569e-05,0.0019138755980863,1.0525735273176862e-05,1,1,1,2,2
1314,38,10:45:45,4,-0.0004784688995214,585012.0,-0.0007177033492823,-0.000956937799043,1.885035355246292e-05,-0.0014354066985644,2.3992484813859025e-06,-0.001913875598086,1.3834376324120324e-05,-0.0023923444976075,8.58311795437731e-06,-0.0028708133971291,5.727238310405057e-06,-0.0004784688995214,3.3666873851705405e-06,0.0,9.480901257089452e-07,0.0004784688995216,9.89419115678625e-06,0.0009569377990432,1.807175872269704e-05,0.0014354066985646,1.1048152281220569e-05,1,1,1,2,2
1315,38,10:45:48,4,0.0,463785.0,-0.0004784688995214,-0.000956937799043,1.8927748664765687e-05,-0.0014354066985644,2.3992484813859025e-06,-0.001913875598086,1.3834376324120324e-05,-0.0023923444976075,8.58311795437731e-06,-0.0028708133971291,5.727238310405057e-06,0.0,5.359611526966895e-06,0.0004784688995216,1.2370834750474923e-05,0.0009569377990432,1.814915383499981e-05,0.0014354066985646,1.1048152281220569e-05,0.0019138755980863,1.0525735273176862e-05,1,1,1,2,2
1316,38,10:45:51,4,-0.0004784688995214,1589391.0,-0.0002392344497607,-0.0004784688995214,5.742717332865612e-07,-0.000956937799043,1.8845709845724752e-05,-0.0014354066985644,2.3992484813859025e-06,-0.001913875598086,1.3834376324120324e-05,-0.0023923444976075,8.679861844755773e-06,0.0,6.385096764978611e-07,0.0004784688995216,4.592625964046434e-06,0.0009569377990432,1.814915383499981e-05,0.0014354066985646,1.1048152281220569e-05,0.0019138755980863,1.0525735273176862e-05,1,0,1,2,2
1317,38,10:45:54,4,0.0,589101.0,-0.0004784688995214,-0.000956937799043,1.7504452549517727e-05,-0.0014354066985644,2.3992484813859025e-06,-0.001913875598086,1.3834376324120324e-05,-0.0023923444976075,8.679861844755773e-06,-0.0028708133971291,5.727238310405057e-06,0.0,1.085466450046364e-05,0.0004784688995216,3.954116287548573e-06,0.0009569377990432,1.814915383499981e-05,0.0014354066985646,1.1048152281220569e-05,0.0019138755980863,1.071922305393379e-05,1,0,1,2,2
1318,38,10:45:57,4,0.0,315448.0,-0.0002392344497607,-0.0004784688995214,5.611145641950901e-07,-0.000956937799043,1.6653106314187246e-05,-0.0014354066985644,2.979711823656685e-06,-0.001913875598086,1.3834376324120324e-05,-0.0023923444976075,8.679861844755773e-06,0.0,1.1899498516551049e-05,0.0004784688995216,3.954116287548573e-06,0.0009569377990432,1.814915383499981e-05,0.0014354066985646,1.1028803503144876e-05,0.0019138755980863,1.071922305393379e-05,1,1,1,2,2
1319,38,10:46:00,4,0.0,242354.0,-0.0002392344497607,-0.0004784688995214,7.159047888006322e-07,-0.000956937799043,1.6711152648414325e-05,-0.0014354066985644,2.979711823656685e-06,-0.001913875598086,1.3834376324120324e-05,-0.0023923444976075,8.8733496255127e-06,0.0,1.3389354428379392e-05,0.0004784688995216,4.166952846381193e-06,0.0009569377990432,1.7955666054242884e-05,0.0014354066985646,1.1028803503144876e-05,0.0019138755980863,1.0757920610085176e-05,1,0,1,2,2
1320,38,10:46:03,4,-0.0004784688995214,382282.0,-0.0007177033492823,-0.000956937799043,1.5453482073494295e-05,-0.0014354066985644,2.4766435936886736e-06,-0.001913875598086,1.3834376324120324e-05,-0.0023923444976075,8.8733496255127e-06,-0.0028708133971291,5.727238310405057e-06,-0.0004784688995214,3.482780053624697e-07,0.0,1.2866937420335689e-05,0.0004784688995216,4.205650402532579e-06,0.0009569377990432,1.7955666054242884e-05,0.0014354066985646,1.1028803503144876e-05,1,1,1,2,2
1321,38,10:46:06,4,-0.0004784688995214,1959732.0,-0.0007177033492823,-0.000956937799043,1.106130945031204e-05,-0.0014354066985644,2.534689927915752e-06,-0.001913875598086,1.3834376324120324e-05,-0.0023923444976075,8.8733496255127e-06,-0.0028708133971291,5.727238310405057e-06,-0.0004784688995214,1.780087582963734e-06,0.0,3.869755615138553e-06,0.0004784688995216,4.205650402532579e-06,0.0009569377990432,1.7955666054242884e-05,0.0014354066985646,1.1164244949674724e-05,1,1,1,2,2
1322,38,10:46:09,4,-0.0004784688995214,284096.0,-0.0007177033492823,-0.000956937799043,1.1158053340690504e-05,-0.0014354066985644,2.534689927915752e-06,-0.001913875598086,1.3834376324120324e-05,-0.0023923444976075,8.8733496255127e-06,-0.0028708133971291,5.727238310405057e-06,-0.0004784688995214,8.842391580591592e-06,0.0,5.204821302361353e-06,0.0004784688995216,4.631323520197819e-06,0.0009569377990432,1.8052409944621343e-05,0.0014354066985646,1.1164244949674724e-05,1,1,2,2,2
1323,38,10:46:12,4,-0.0004784688995214,93967.0,-0.0007177033492823,-0.000956937799043,1.0500194886116948e-05,-0.0014354066985644,2.534689927915752e-06,-0.001913875598086,1.3834376324120324e-05,-0.0023923444976075,8.8733496255127e-06,-0.0028708133971291,5.727238310405057e-06,-0.0004784688995214,1.091271083469072e-05,0.0,5.707889532329365e-06,0.0004784688995216,4.650672298273512e-06,0.0009569377990432,1.2866937420335689e-05,0.0014354066985646,1.1164244949674724e-05,1,1,2,2,2
1324,38,10:46:15,4,-0.0004784688995214,564021.0,-0.0007177033492823,-0.000956937799043,1.044214855188987e-05,-0.0014354066985644,2.534689927915752e-06,-0.001913875598086,1.3640888543363398e-05,-0.0023923444976075,8.815303291285623e-06,-0.0028708133971291,5.727238310405057e-06,-0.0004784688995214,7.062303997627858e-06,0.0,7.081652775703551e-06,0.0004784688995216,4.650672298273512e-06,0.0009569377990432,1.2866937420335689e-05,0.0014354066985646,1.0970757168917796e-05,0,1,2,2,2
1325,38,10:46:18,4,-0.000956937799043,854172.0,-0.0007177033492823,-0.000956937799043,6.1854173752374624e-06,-0.0014354066985644,2.534689927915752e-06,-0.001913875598086,1.3640888543363398e-05,-0.0023923444976075,8.815303291285623e-06,-0.0028708133971291,5.727238310405057e-06,-0.0004784688995214,4.159987286273944e-06,0.0,7.2170942222334e-06,0.0004784688995216,4.650672298273512e-06,0.0009569377990432,1.2866937420335689e-05,0.0014354066985646,1.0970757168917796e-05,1,1,1,2,2
1326,38,10:46:21,4,-0.000956937799043,1217419.0,-0.0011961722488037,-0.0014354066985644,1.715849639752434e-06,-0.001913875598086,1.3640888543363398e-05,-0.0023923444976075,8.815303291285623e-06,-0.0028708133971291,5.727238310405057e-06,-0.0033492822966507,8.455416019077737e-06,-0.000956937799043,1.1028803503144874e-06,-0.0004784688995214,1.4511583556769572e-06,0.0,7.2170942222334e-06,0.0004784688995216,4.650672298273512e-06,0.0009569377990432,1.1880149738475356e-05,1,2,2,2,2
1327,38,10:46:24,4,-0.000956937799043,1021281.0,-0.0011961722488037,-0.0014354066985644,1.7932447520552051e-06,-0.001913875598086,1.3776329989893248e-05,-0.0023923444976075,8.815303291285623e-06,-0.0028708133971291,5.727238310405057e-06,-0.0033492822966507,8.455416019077737e-06,-0.000956937799043,1.3544144652984934e-07,-0.0004784688995214,1.3737632433741862e-06,0.0,7.219996538944754e-06,0.0004784688995216,5.48653951114344e-06,0.0009569377990432,1.1880149738475356e-05,1,2,2,2,2
1328,38,10:46:27,4,-0.0004784688995214,1806016.0,-0.0002392344497607,-0.0004784688995214,8.165184347942346e-06,-0.000956937799043,1.0003318265133158e-05,-0.001913875598086,1.309293114825978e-05,-0.0023923444976075,8.815303291285623e-06,-0.0028708133971291,5.727238310405057e-06,0.0,8.226132998880777e-06,0.0004784688995216,6.453978414928078e-06,0.0009569377990432,1.1880149738475356e-05,0.0014354066985646,1.0970757168917796e-05,0.0019138755980863,1.1357732730431653e-05,1,1,2,2,2
1329,38,10:46:30,4,-0.000956937799043,2027868.0,-0.0016746411483251,-0.001913875598086,1.309293114825978e-05,-0.0023923444976075,8.002654612106526e-06,-0.0028708133971291,5.727238310405057e-06,-0.0033492822966507,8.455416019077737e-06,-0.0038277511961721,5.211012911345575e-06,-0.0014354066985644,2.147714366401897e-06,-0.000956937799043,5.843330978859214e-06,-0.0004784688995214,2.9023167113539144e-07,0.0,8.458318335789091e-06,0.0004784688995216,6.415280858776692e-06,2,2,2,2,2
1330,38,10:46:33,4,-0.0004784688995214,1075216.0,-0.0007177033492823,-0.000956937799043,2.341202147158824e-06,-0.0014354066985644,6.191608984221684e-07,-0.001913875598086,1.309293114825978e-05,-0.0023923444976075,8.002654612106526e-06,-0.0028708133971291,5.727238310405057e-06,-0.0004784688995214,4.643706738166263e-07,0.0,7.5102282100801456e-06,0.0004784688995216,6.453978414928078e-06,0.0009569377990432,1.2847588642259994e-05,0.0014354066985646,1.0970757168917796e-05,1,2,2,2,2
1331,38,10:46:36,4,-0.0004784688995214,39684.0,-0.0007177033492823,-0.000956937799043,3.831058058987167e-06,-0.0014354066985644,1.5092046899040356e-06,-0.001913875598086,1.309293114825978e-05,-0.0023923444976075,8.002654612106526e-06,-0.0028708133971291,5.843330978859214e-06,-0.0004784688995214,7.159047888006322e-07,0.0,7.103903870490598e-06,0.0004784688995216,6.453978414928078e-06,0.0009569377990432,1.280889108610861e-05,0.0014354066985646,1.0970757168917796e-05,1,2,2,2,2
1332,38,10:46:39,4,-0.0004784688995214,578249.0,-0.0007177033492823,-0.000956937799043,2.381641093337022e-06,-0.0014354066985644,1.2363869190367676e-05,-0.001913875598086,1.3750789602833332e-05,-0.0023923444976075,8.215491170939146e-06,-0.0028708133971291,5.843330978859214e-06,-0.0004784688995214,8.319974572547888e-07,0.0,1.6758944130261287e-05,0.0004784688995216,1.0149595027385397e-05,0.0009569377990432,1.2770193529957223e-05,0.0014354066985646,1.0970757168917796e-05,1,2,2,2,2
1333,38,10:46:42,4,-0.000956937799043,1485757.0,-0.0007177033492823,-0.000956937799043,1.1046217403413e-06,-0.0014354066985644,1.2383217968443369e-05,-0.001913875598086,1.4331252945104116e-05,-0.0023923444976075,7.654376606744057e-06,-0.0028708133971291,5.843330978859214e-06,-0.0004784688995214,5.53375052964813e-06,0.0,6.117116188630267e-06,0.0004784688995216,1.0207641361612474e-05,0.0009569377990432,1.3079773979168307e-05,0.0014354066985646,1.0970757168917796e-05,1,2,2,2,2
1334,38,10:46:45,4,-0.0004784688995214,1432940.0,-0.0009569377990428,-0.0014354066985644,1.1707752125820934e-05,-0.001913875598086,1.4408648057406886e-05,-0.0023923444976075,7.751120497122521e-06,-0.0028708133971291,5.843330978859214e-06,-0.0033492822966507,8.455416019077737e-06,-0.0004784688995214,3.095804492110842e-07,0.0,6.368650303614273e-06,0.0004784688995216,1.0207641361612474e-05,0.0009569377990432,1.3118471535319694e-05,0.0014354066985646,1.0970757168917796e-05,2,2,2,2,2
1335,38,10:46:48,4,-0.0004784688995214,215126.0,-0.0002392344497607,-0.0004784688995214,3.424733719397619e-06,-0.000956937799043,6.849467438795238e-06,-0.0014354066985644,1.1378822898534157e-05,-0.001913875598086,1.4408648057406886e-05,-0.0023923444976075,7.751120497122521e-06,0.0,6.252557635160116e-06,0.0004784688995216,1.0362431586218015e-05,0.0009569377990432,1.3118471535319694e-05,0.0014354066985646,1.0970757168917796e-05,0.0019138755980863,1.5459673682478518e-05,1,1,2,2,2
1336,38,10:46:51,4,0.0,198457.0,-0.0002392344497607,-0.0004784688995214,5.514401751572438e-06,-0.000956937799043,1.0815966944312257e-05,-0.0014354066985644,1.0895103446641838e-05,-0.001913875598086,1.4408648057406886e-05,-0.0023923444976075,7.905910721728062e-06,0.0,7.568274544307224e-06,0.0004784688995216,1.0362431586218015e-05,0.0009569377990432,1.3215215425698156e-05,0.0014354066985646,1.0970757168917796e-05,0.0019138755980863,1.5072698120964662e-05,1,2,2,2,2
1337,38,10:46:54,4,-0.0004784688995214,319656.0,-0.0002392344497607,-0.0004784688995214,6.462491877281383e-06,-0.000956937799043,1.0815966944312257e-05,-0.0014354066985644,1.091445222471753e-05,-0.001913875598086,1.477627484084505e-05,-0.0023923444976075,8.002654612106526e-06,0.0,7.082233239045822e-06,0.0004784688995216,1.0362431586218015e-05,0.0009569377990432,1.4376142110239725e-05,0.0014354066985646,1.0970757168917796e-05,0.0019138755980863,1.4588978669072343e-05,2,2,2,2,2
1338,38,10:46:57,4,-0.0004784688995214,641073.0,-0.0002392344497607,-0.0004784688995214,2.905025540284511e-06,-0.000956937799043,1.1473825398885808e-05,-0.0014354066985644,1.0933801002793225e-05,-0.001913875598086,1.477627484084505e-05,-0.0023923444976075,8.002654612106526e-06,0.0,8.455996482420008e-06,0.0004784688995216,1.0323734030066633e-05,0.0009569377990432,1.5072698120964662e-05,0.0014354066985646,1.0970757168917796e-05,0.0019138755980863,1.4298746997936952e-05,2,2,2,2,2
1339,38,10:47:00,4,0.0004784688995216,1260165.0,0.0002392344497608,0.0,1.064182794163102e-06,-0.0004784688995214,1.7247500776672528e-06,-0.000956937799043,1.9774451193358e-05,-0.0014354066985644,1.0933801002793225e-05,-0.001913875598086,1.477627484084505e-05,0.0004784688995216,9.840595041516585e-06,0.0009569377990432,1.5072698120964662e-05,0.0014354066985646,1.0970757168917796e-05,0.0019138755980863,1.4105259217180023e-05,0.0023923444976077,0.0001063641028376,1,2,2,2,2
1340,38,10:47:03,4,0.0,196465.0,0.0002392344497608,0.0,2.128365588326204e-06,-0.0004784688995214,2.2278183076352647e-06,-0.000956937799043,2.0645146206764177e-05,-0.0014354066985644,1.0933801002793225e-05,-0.001913875598086,1.477627484084505e-05,0.0004784688995216,7.692880675114686e-06,0.0009569377990432,1.5072698120964662e-05,0.0014354066985646,1.0970757168917796e-05,0.0019138755980863,1.4105259217180023e-05,0.0023923444976077,0.0001063641028376,1,2,2,2,2
1341,38,10:47:06,4,0.0,636304.0,0.0002392344497608,0.0,1.3593677524858708e-05,-0.0004784688995214,2.82763042798174e-06,-0.000956937799043,2.101277299020234e-05,-0.0014354066985644,1.0933801002793225e-05,-0.001913875598086,1.477627484084505e-05,0.0004784688995216,7.2091612232223665e-06,0.0009569377990432,1.5169442011343124e-05,0.0014354066985646,1.0970757168917796e-05,0.0019138755980863,1.4105259217180023e-05,0.0023923444976077,0.0001062673589473,1,2,2,2,2
1342,38,10:47:09,4,0.0009569377990432,1988240.0,0.0004784688995216,0.0,8.969319564768138e-06,-0.0004784688995214,3.6983254413879145e-06,-0.000956937799043,2.0703192540991256e-05,-0.0014354066985644,1.0933801002793225e-05,-0.001913875598086,1.4698879728542276e-05,0.0009569377990432,1.2607470306340648e-05,0.0014354066985646,1.0970757168917796e-05,0.0019138755980863,1.4105259217180023e-05,0.0023923444976077,0.0001062673589473,0.0028708133971293,5.378960305042588e-06,2,2,2,2,2
1343,38,10:47:12,4,0.0004784688995216,662707.0,0.0007177033492822,0.0004784688995216,1.7413900268123485e-07,0.0,1.1832938719970664e-05,-0.0004784688995214,3.891813222144842e-06,-0.000956937799043,2.0703192540991256e-05,-0.0014354066985644,1.091445222471753e-05,0.0009569377990432,1.1620682624480315e-05,0.0014354066985646,1.1028803503144876e-05,0.0019138755980863,1.4105259217180023e-05,0.0023923444976077,0.0001062673589473,0.0028708133971293,5.378960305042588e-06,1,2,2,2,2
1344,38,10:47:15,4,0.0,606280.0,0.0007177033492822,0.0004784688995216,9.674389037846382e-07,0.0,1.1600753383062352e-05,-0.0004784688995214,4.007905890598999e-06,-0.000956937799043,2.4959923717643665e-05,-0.0014354066985644,1.1088591227398766e-05,0.0009569377990432,1.3845792103184985e-05,0.0014354066985646,1.1028803503144876e-05,0.0019138755980863,1.6562554032793006e-05,0.0023923444976077,0.0001062673589473,0.0028708133971293,5.378960305042588e-06,1,2,2,2,1
1345,38,10:47:18,4,0.0,1436017.0,0.0002392344497608,0.0,1.4318095776012643e-06,-0.0004784688995214,5.3429715778218e-06,-0.000956937799043,2.4805133493038123e-05,-0.0014354066985644,1.1088591227398766e-05,-0.001913875598086,1.5163250402358904e-05,0.0004784688995216,5.8046334227078287e-08,0.0009569377990432,1.2781609309021884e-05,0.0014354066985646,1.1028803503144876e-05,0.0019138755980863,1.6543205254717313e-05,0.0023923444976077,0.0001062673589473,2,2,2,2,2
1346,38,10:47:21,4,0.0009569377990432,1194495.0,0.0007177033492822,0.0004784688995216,2.51534114984006e-07,0.0,1.5092046899040356e-06,-0.0004784688995214,5.20753013129195e-06,-0.000956937799043,2.48631798272652e-05,-0.0014354066985644,1.0895103446641838e-05,0.0009569377990432,2.3332691481477904e-06,0.0014354066985646,1.112554739352334e-05,0.0019138755980863,1.6697995479322855e-05,0.0023923444976077,0.0001065575906184,0.0028708133971293,5.378960305042588e-06,2,2,2,2,1
1347,38,10:47:24,4,0.0009569377990432,331748.0,0.0011961722488038,0.0009569377990432,2.1169498092615453e-06,0.0004784688995216,8.12648679179096e-07,0.0,1.8574826952665047e-06,-0.0004784688995214,5.014042350535023e-06,-0.000956937799043,2.457294815612981e-05,0.0014354066985646,1.1222291283901805e-05,0.0019138755980863,1.6620600367020082e-05,0.0023923444976077,0.0001065575906184,0.0028708133971293,5.378960305042588e-06,0.0033492822966507,5.088728633907197e-06,1,2,2,2,1
1348,38,10:47:27,4,0.0009569377990432,182008.0,0.0011961722488038,0.0009569377990432,6.077451193575096e-07,0.0004784688995216,3.9664995055170165e-06,0.0,2.573387484067137e-06,-0.0004784688995214,5.091437462837793e-06,-0.000956937799043,2.457294815612981e-05,0.0014354066985646,1.352479587490924e-05,0.0019138755980863,1.681408814777701e-05,0.0023923444976077,0.0001065575906184,0.0028708133971293,5.378960305042588e-06,0.0033492822966507,5.088728633907197e-06,1,2,2,2,1
1349,38,10:47:30,4,0.0004784688995216,535561.0,0.0009569377990432,0.0004784688995216,5.3481957479022364e-06,0.0,4.1019409520468654e-06,-0.0004784688995214,5.962132476243968e-06,-0.000956937799043,2.4321414041145803e-05,-0.0014354066985644,1.0835315722387946e-05,0.0014354066985646,1.1531871733112889e-05,0.0019138755980863,1.681408814777701e-05,0.0023923444976077,0.0001065575906184,0.0028708133971293,5.378960305042588e-06,0.0033492822966507,5.088728633907197e-06,2,2,2,2,1
1350,38,10:47:33,4,0.0009569377990432,4319680.0,0.0016746411483254,0.0014354066985646,3.869755615138552e-08,0.0009569377990432,1.547902246055421e-07,0.0004784688995216,6.464426755088952e-07,0.0,9.674389037846382e-07,-0.0004784688995214,6.233015369303667e-06,0.0019138755980863,8.958484249045749e-06,0.0023923444976077,0.0001065575906184,0.0028708133971293,5.378960305042588e-06,0.0033492822966507,5.088728633907197e-06,0.0038277511961724,8.919786692894364e-06,1,1,2,2,1
1351,38,10:47:36,4,0.0014354066985646,1278840.0,0.0016746411483254,0.0014354066985646,8.900437914818671e-06,0.0009569377990432,1.1996242406929513e-06,0.0004784688995216,9.173255685685938e-07,0.0,1.1880149738475356e-05,-0.0004784688995214,6.155620257000895e-06,0.0019138755980863,4.140638508198252e-06,0.0023923444976077,0.0001065575906184,0.0028708133971293,5.378960305042588e-06,0.0033492822966507,5.088728633907197e-06,0.0038277511961724,8.919786692894364e-06,1,2,2,2,1
1352,38,10:47:39,4,0.0014354066985646,517045.0,0.0016746411483254,0.0014354066985646,2.544364316953598e-05,0.0009569377990432,2.225109478704668e-06,0.0004784688995216,1.555835245066455e-06,0.0,1.197689362885382e-05,-0.0004784688995214,6.155620257000895e-06,0.0019138755980863,3.3860361632462336e-06,0.0023923444976077,0.0001065575906184,0.0028708133971293,5.204821302361353e-06,0.0033492822966507,5.088728633907197e-06,0.0038277511961724,8.919786692894364e-06,1,2,2,2,0
1353,38,10:47:42,4,0.0019138755980863,506665.0,0.0016746411483254,0.0014354066985646,2.689480152521294e-05,0.0009569377990432,2.3218533690831315e-06,0.0004784688995216,2.484576592699708e-06,0.0,1.197689362885382e-05,-0.0004784688995214,6.252364147379359e-06,0.0019138755980863,1.9929241417963544e-06,0.0023923444976077,0.0001065575906184,0.0028708133971293,5.204821302361353e-06,0.0033492822966507,5.088728633907197e-06,0.0038277511961724,8.842391580591592e-06,1,2,2,2,1
1354,38,10:47:45,4,0.0014354066985646,952440.0,0.0021531100478469,0.0019138755980863,3.2892922728677695e-07,0.0014354066985646,2.078058765329403e-05,0.0009569377990432,2.72817770867268e-06,0.0004784688995216,2.523274148851093e-06,0.0,1.2479961858821832e-05,0.0023923444976077,0.0001066543345088,0.0028708133971293,5.204821302361353e-06,0.0033492822966507,5.088728633907197e-06,0.0038277511961724,8.842391580591592e-06,0.0043062200956938,5.2357793472824616e-05,1,2,2,1,0
1355,38,10:47:48,4,0.0019138755980863,1791182.0,0.0021531100478469,0.0019138755980863,9.240976408950864e-07,0.0014354066985646,1.6697995479322855e-05,0.0009569377990432,2.0896680321748184e-06,0.0004784688995216,2.523274148851093e-06,0.0,1.8903756179951828e-05,0.0023923444976077,9.6051204123354e-05,0.0028708133971293,5.204821302361353e-06,0.0033492822966507,5.088728633907197e-06,0.0038277511961724,8.842391580591592e-06,0.0043062200956938,5.237714225090031e-05,1,2,2,1,0
1356,38,10:47:51,4,0.0019138755980863,614915.0,0.0021531100478469,0.0019138755980863,7.1667873992366e-06,0.0014354066985646,1.622898109876806e-05,0.0009569377990432,1.8381339171908123e-06,0.0004784688995216,3.89703739222528e-06,0.0,1.8903756179951828e-05,0.0023923444976077,9.280060940663764e-05,0.0028708133971293,1.0061364599360235e-05,0.0033492822966507,5.088728633907197e-06,0.0038277511961724,8.842391580591592e-06,0.0043062200956938,5.237714225090031e-05,1,2,2,1,0
1357,38,10:47:54,4,0.0023923444976077,1271607.0,0.0021531100478469,0.0019138755980863,9.488640768319733e-06,0.0014354066985646,1.5416332419588966e-05,0.0009569377990432,1.8381339171908123e-06,0.0004784688995216,3.955083726452358e-06,0.0,1.8903756179951828e-05,0.0023923444976077,8.21781302430823e-05,0.0028708133971293,1.0061364599360235e-05,0.0033492822966507,5.088728633907197e-06,0.0038277511961724,8.939135470970056e-06,0.0043062200956938,5.237714225090031e-05,1,2,2,1,0
1358,38,10:47:57,4,0.0023923444976077,1717361.0,0.0021531100478469,0.0019138755980863,5.8123729339381055e-06,0.0014354066985646,1.5300239751134807e-05,0.0009569377990432,1.8381339171908123e-06,0.0004784688995216,3.76159594569543e-06,0.0,1.92520341853143e-05,0.0023923444976077,7.749572594876466e-05,0.0028708133971293,1.0061364599360235e-05,0.0033492822966507,5.088728633907197e-06,0.0038277511961724,8.939135470970056e-06,0.0043062200956938,5.229974713859754e-05,2,2,2,1,0
1359,38,10:48:00,4,0.0023923444976077,3705683.0,0.0021531100478469,0.0019138755980863,1.9395215143074427e-05,0.0014354066985646,1.5687215312648665e-05,0.0009569377990432,1.780087582963734e-06,0.0004784688995216,3.76159594569543e-06,0.0,1.92520341853143e-05,0.0023923444976077,5.054287808932463e-05,0.0028708133971293,1.0061364599360235e-05,0.0033492822966507,5.088728633907197e-06,0.0038277511961724,9.132623251726983e-06,0.0043062200956938,5.229974713859754e-05,2,2,2,1,0
1360,38,10:48:03,4,0.0023923444976077,1726198.0,0.0021531100478469,0.0019138755980863,1.8156893346230087e-05,0.0014354066985646,2.5419650684722125e-05,0.0009569377990432,1.799436361039427e-06,0.0004784688995216,3.8583398360738935e-06,0.0,2.010338042064478e-05,0.0023923444976077,3.61860847571606e-05,0.0028708133971293,1.0061364599360235e-05,0.0033492822966507,5.088728633907197e-06,0.0038277511961724,9.132623251726983e-06,0.0043062200956938,5.229974713859754e-05,2,2,2,1,0
1361,38,10:48:06,4,0.0028708133971293,5151610.0,0.0026315789473683,0.0023923444976077,1.384985534658088e-05,0.0019138755980863,1.2797281819263194e-05,0.0014354066985646,2.5419650684722125e-05,0.0009569377990432,1.780087582963734e-06,0.0004784688995216,2.9295984884406413e-06,0.0028708133971293,1.04289913827984e-05,0.0033492822966507,5.088728633907197e-06,0.0038277511961724,1.0293549936268547e-05,0.0043062200956938,5.2357793472824616e-05,0.0047846889952154,9.157544477888476e-05,2,2,2,1,0
1362,38,10:48:09,4,0.0028708133971293,310168.0,0.0026315789473683,0.0023923444976077,5.2702201722571946e-05,0.0019138755980863,1.3416442717685362e-05,0.0014354066985646,2.580662624623598e-05,0.0009569377990432,1.6639949145095776e-06,0.0004784688995216,3.819642279922508e-06,0.0028708133971293,8.33932335062358e-06,0.0033492822966507,5.088728633907197e-06,0.0038277511961724,1.0138759711663008e-05,0.0043062200956938,5.2357793472824616e-05,0.0047846889952154,9.157544477888476e-05,2,2,2,1,0
1363,38,10:48:12,4,0.0028708133971293,3345438.0,0.0035885167464115,0.0028708133971293,1.4453537222542494e-05,0.0023923444976077,5.798441813723607e-05,0.0019138755980863,1.376472072304783e-05,0.0014354066985646,2.5613138465479053e-05,0.0009569377990432,1.6639949145095776e-06,0.0043062200956938,4.575986014901338e-05,0.0047846889952154,9.138195699812784e-05,0.005263157894737,1.5006331812165036e-05,0.0057416267942584,2.196086311591129e-05,0.0062200956937801,1.1241640061977496e-05,2,1,1,0,0
1364,38,10:48:15,4,0.0038277511961724,2823732.0,0.0040669856459329,0.0038277511961724,5.8046334227078287e-08,0.0028708133971293,5.301565192739817e-06,0.0023923444976077,4.9664443564688185e-05,0.0019138755980863,1.424844017494015e-05,0.0014354066985646,2.4607002005543023e-05,0.0043062200956938,2.7262428308651103e-05,0.0047846889952154,9.010493764513211e-05,0.005263157894737,1.5006331812165036e-05,0.0057416267942584,2.196086311591129e-05,0.0062200956937801,1.1241640061977496e-05,1,2,1,0,0
1365,38,10:48:18,4,0.0028708133971293,509891.0,0.0033492822966507,0.0028708133971293,1.0042015821284544e-05,0.0023923444976077,4.887114366358478e-05,0.0019138755980863,1.4345184065318614e-05,0.0014354066985646,2.470374589592149e-05,0.0009569377990432,1.625297358358192e-06,0.0038277511961724,3.676267834381625e-07,0.0043062200956938,2.3992484813859025e-05,0.0047846889952154,8.900205729481763e-05,0.005263157894737,1.5006331812165036e-05,0.0057416267942584,2.196086311591129e-05,2,2,2,0,0
1366,38,10:48:21,4,0.0038277511961724,708863.0,0.0033492822966507,0.0028708133971293,9.73243537207346e-06,0.0023923444976077,4.776826331327029e-05,0.0019138755980863,1.4441927955697078e-05,0.0014354066985646,2.4529606893240258e-05,0.0009569377990432,1.6059485802824992e-06,0.0038277511961724,1.934877807569276e-08,0.0043062200956938,2.186411922553282e-05,0.0047846889952154,8.857638417715238e-05,0.005263157894737,1.5006331812165036e-05,0.0057416267942584,2.2115653340516827e-05,2,2,1,0,0
1367,38,10:48:24,4,0.0047846889952154,4477741.0,0.0045454545454544,0.0043062200956938,5.417657861193974e-07,0.0033492822966507,3.676267834381625e-07,0.0028708133971293,9.51959881324084e-06,0.0023923444976077,4.691691707793981e-05,0.0019138755980863,1.432583528724292e-05,0.0047846889952154,7.635124572558742e-05,0.005263157894737,1.5006331812165036e-05,0.0057416267942584,2.2115653340516827e-05,0.0062200956937801,1.1241640061977496e-05,0.0066985645933015,9.109791693597666e-06,1,1,1,0,0
1368,38,10:48:27,4,0.0043062200956938,2202852.0,0.0045454545454544,0.0043062200956938,2.0509704760234327e-06,0.0038277511961724,3.6182215001545462e-06,0.0033492822966507,6.269004096524455e-06,0.0028708133971293,6.8301186607195456e-06,0.0023923444976077,4.6084919620685024e-05,0.0047846889952154,5.677028231298635e-05,0.005263157894737,1.5006331812165036e-05,0.0057416267942584,2.2115653340516827e-05,0.0062200956937801,1.1241640061977496e-05,0.0066985645933015,9.109791693597666e-06,0,1,1,0,0
1369,38,10:48:30,4,0.0047846889952154,1588762.0,0.0045454545454544,0.0043062200956938,1.9348778075692766e-07,0.0038277511961724,3.579523944003161e-06,0.0033492822966507,6.365747986902919e-06,0.0028708133971293,9.983969487057465e-06,0.0023923444976077,4.780696086942168e-05,0.0047846889952154,5.301661936630196e-05,0.005263157894737,1.5006331812165036e-05,0.0057416267942584,2.2115653340516827e-05,0.0062200956937801,1.1241640061977496e-05,0.0066985645933015,9.109791693597666e-06,1,1,1,0,0
1370,38,10:48:33,4,0.0038277511961724,2404392.0,0.0040669856459329,0.0038277511961724,4.779148184696112e-06,0.0033492822966507,6.365747986902919e-06,0.0028708133971293,1.2112335075383667e-05,0.0023923444976077,4.151860799482153e-05,0.0019138755980863,1.3996906059956144e-05,0.0043062200956938,1.934877807569276e-08,0.0047846889952154,3.3126075504489794e-05,0.005263157894737,1.2877966223838832e-05,0.0057416267942584,2.196086311591129e-05,0.0062200956937801,1.1241640061977496e-05,2,1,1,0,0
1371,38,10:48:36,4,0.0043062200956938,996949.0,0.0040669856459329,0.0038277511961724,4.895240853150269e-06,0.0033492822966507,2.554038705991445e-06,0.0028708133971293,1.4182654329482796e-05,0.0023923444976077,4.136381777021599e-05,0.0019138755980863,1.382276705727491e-05,0.0043062200956938,7.720162452201413e-06,0.0047846889952154,3.3958072961744586e-05,0.005263157894737,1.307145400459576e-05,0.0057416267942584,2.186411922553282e-05,0.0062200956937801,1.1241640061977496e-05,2,1,1,0,0
1372,38,10:48:39,4,0.0047846889952154,2051173.0,0.0045454545454544,0.0043062200956938,1.3157169091471078e-06,0.0038277511961724,5.727238310405057e-06,0.0033492822966507,3.521477609776083e-06,0.0028708133971293,1.4202003107558489e-05,0.0023923444976077,3.660401836359557e-05,0.0047846889952154,1.5847616682896157e-05,0.005263157894737,1.307145400459576e-05,0.0057416267942584,2.170932900092728e-05,0.0062200956937801,1.1183593727750417e-05,0.0066985645933015,9.109791693597666e-06,1,1,0,0,0
1373,38,10:48:42,4,0.0038277511961724,1567586.0,0.0038277511961721,0.0033492822966507,2.128365588326204e-06,0.0028708133971293,1.6717344257398548e-05,0.0023923444976077,3.708773781548789e-05,0.0019138755980863,1.1423518575889008e-05,0.0014354066985646,2.3620214323682697e-05,0.0043062200956938,6.772072326492467e-07,0.0047846889952154,1.2403534185422846e-05,0.005263157894737,1.3942149018001934e-05,0.0057416267942584,2.170932900092728e-05,0.0062200956937801,1.1183593727750417e-05,2,2,1,0,0
1374,38,10:48:45,4,0.005263157894737,2893720.0,0.0050239234449762,0.0047846889952154,5.8046334227078287e-08,0.0043062200956938,1.0119410933587316e-05,0.0038277511961724,1.9348778075692766e-07,0.0033492822966507,1.547902246055421e-07,0.0028708133971293,1.638841503011177e-05,0.005263157894737,5.603793106282138e-06,0.0057416267942584,2.170932900092728e-05,0.0062200956937801,1.1183593727750417e-05,0.0066985645933015,8.974350247067816e-06,0.0071770334928231,3.058693535761663e-05,1,1,0,0,0
1375,38,10:48:48,4,0.005263157894737,693096.0,0.0050239234449762,0.0047846889952154,2.0625797428688484e-05,0.0043062200956938,1.8458734284210897e-05,0.0038277511961724,7.739511230277105e-07,0.0033492822966507,1.7413900268123485e-07,0.0028708133971293,1.638841503011177e-05,0.005263157894737,3.920449413696868e-06,0.0057416267942584,2.170932900092728e-05,0.0062200956937801,1.1183593727750417e-05,0.0066985645933015,8.974350247067816e-06,0.0071770334928231,3.058693535761663e-05,1,1,0,0,0
1376,38,10:48:51,4,0.0047846889952154,2081354.0,0.0050239234449762,0.0047846889952154,5.203466887896055e-06,0.0043062200956938,2.7900937985148964e-05,0.0038277511961724,1.3931120214498788e-06,0.0033492822966507,1.0448340160874092e-06,0.0028708133971293,1.638841503011177e-05,0.005263157894737,2.3918959457171395e-06,0.0057416267942584,2.170932900092728e-05,0.0062200956937801,1.1183593727750417e-05,0.0066985645933015,7.136216329877005e-06,0.0071770334928231,3.058693535761663e-05,1,0,0,0,0
1377,38,10:48:54,4,0.0047846889952154,1977970.0,0.0050239234449762,0.0047846889952154,4.073498248275597e-06,0.0043062200956938,4.9765057210681785e-05,0.0038277511961724,1.6446461364338848e-06,0.0033492822966507,2.0122729198720474e-06,0.0028708133971293,1.6988227150458247e-05,0.005263157894737,5.417657861193974e-07,0.0057416267942584,1.436878957457096e-05,0.0062200956937801,1.128033761812888e-05,0.0066985645933015,9.5548135893386e-06,0.0071770334928231,3.058693535761663e-05,1,0,0,0,0
1378,38,10:48:57,4,0.0047846889952154,1218026.0,0.0045454545454544,0.0043062200956938,4.691169290785937e-05,0.0038277511961724,1.6446461364338848e-06,0.0033492822966507,2.0122729198720474e-06,0.0028708133971293,1.6833436925852703e-05,0.0023923444976077,2.2715465460863305e-05,0.0047846889952154,3.3666873851705405e-06,0.005263157894737,5.998121203464756e-07,0.0057416267942584,1.8238545189709517e-05,0.0062200956937801,1.1822103404248278e-05,0.0066985645933015,1.0754437830031552e-05,1,1,0,0,0
1379,38,10:49:00,4,0.0047846889952154,566910.0,0.0045454545454544,0.0043062200956938,4.393198108420269e-05,0.0038277511961724,2.109016810250511e-06,0.0033492822966507,2.0122729198720474e-06,0.0028708133971293,1.6717344257398548e-05,0.0023923444976077,2.2715465460863305e-05,0.0047846889952154,6.617282101886925e-06,0.005263157894737,1.2363869190367676e-05,0.0057416267942584,1.8238545189709517e-05,0.0062200956937801,1.2209078965762133e-05,0.0066985645933015,1.0754437830031552e-05,1,0,0,0,0
1380,38,10:49:03,4,0.0047846889952154,2129258.0,0.0045454545454544,0.0043062200956938,3.851432322300871e-05,0.0038277511961724,2.5927362621428303e-06,0.0033492822966507,2.0122729198720474e-06,0.0028708133971293,1.6581902810868696e-05,0.0023923444976077,2.2715465460863305e-05,0.0047846889952154,1.9155290294935838e-06,0.005263157894737,1.867157084304352e-05,0.0057416267942584,1.816115007740674e-05,0.0062200956937801,1.2228427743837826e-05,0.0066985645933015,1.1605784065362034e-05,1,1,0,0,0
1381,38,10:49:06,4,0.0043062200956938,3220879.0,0.0045454545454544,0.0043062200956938,2.469929567696408e-05,0.0038277511961724,2.5927362621428303e-06,0.0033492822966507,2.0122729198720474e-06,0.0028708133971293,1.6581902810868696e-05,0.0023923444976077,2.250262890203068e-05,0.0047846889952154,1.780087582963734e-06,0.005263157894737,1.4337444554088337e-05,0.0057416267942584,1.816115007740674e-05,0.0062200956937801,1.1938196072702436e-05,0.0066985645933015,1.1741225511891882e-05,1,0,0,0,0
1382,38,10:49:09,4,0.0047846889952154,1595732.0,0.0045454545454544,0.0043062200956938,1.990079871419228e-05,0.0038277511961724,2.5927362621428303e-06,0.0033492822966507,2.0122729198720474e-06,0.0028708133971293,1.6485158920490234e-05,0.0023923444976077,2.2309141121273758e-05,0.0047846889952154,4.295428732803794e-06,0.005263157894737,2.149649244209466e-05,0.0057416267942584,1.816115007740674e-05,0.0062200956937801,1.1938196072702436e-05,0.0066985645933015,1.1450993840756493e-05,1,0,0,0,0
1383,38,10:49:12,4,0.0043062200956938,2765509.0,0.0045454545454544,0.0043062200956938,1.3457655614986588e-05,0.0038277511961724,2.109016810250511e-06,0.0033492822966507,2.0122729198720474e-06,0.0028708133971293,1.6485158920490234e-05,0.0023923444976077,2.240588501165222e-05,0.0047846889952154,3.869755615138552e-08,0.005263157894737,1.8594175730740745e-05,0.0057416267942584,1.816115007740674e-05,0.0062200956937801,1.1938196072702436e-05,0.0066985645933015,1.0096579375457998e-05,1,0,0,0,0
1384,38,10:49:15,4,0.0043062200956938,1639636.0,0.0045454545454544,0.0043062200956938,3.415639793702044e-06,0.0038277511961724,2.109016810250511e-06,0.0033492822966507,2.0122729198720474e-06,0.0028708133971293,1.6485158920490234e-05,0.0023923444976077,2.240588501165222e-05,0.0047846889952154,2.1748026557078665e-05,0.005263157894737,1.723976126544225e-05,0.0057416267942584,1.816115007740674e-05,0.0062200956937801,1.1938196072702436e-05,0.0066985645933015,1.2031457183027271e-05,0,0,0,0,0
1385,38,10:49:18,4,0.0047846889952154,1673599.0,0.0045454545454544,0.0043062200956938,2.448200889917405e-06,0.0038277511961724,2.5927362621428303e-06,0.0033492822966507,2.0122729198720474e-06,0.0028708133971293,1.6485158920490234e-05,0.0023923444976077,2.240588501165222e-05,0.0047846889952154,2.134170221748912e-05,0.005263157894737,1.729780759966933e-05,0.0057416267942584,1.816115007740674e-05,0.0062200956937801,1.1938196072702436e-05,0.0066985645933015,1.2128201073405738e-05,1,0,0,0,0
1386,38,10:49:21,4,0.0047846889952154,2594234.0,0.004306220095694,0.0038277511961724,2.5927362621428303e-06,0.0033492822966507,2.0122729198720474e-06,0.0028708133971293,1.6291671139733307e-05,0.0023923444976077,1.6446461364338848e-05,0.0019138755980863,1.1423518575889008e-05,0.0047846889952154,7.3809783725345185e-06,0.005263157894737,1.7491295380426257e-05,0.0057416267942584,1.767743062551442e-05,0.0062200956937801,1.1938196072702436e-05,0.0066985645933015,1.2128201073405738e-05,0,0,0,0,0
1387,38,10:49:24,4,0.0043062200956938,425993.0,0.0040669856459329,0.0038277511961724,5.804633422707829e-07,0.0033492822966507,2.0122729198720474e-06,0.0028708133971293,1.3099122757244e-05,0.0023923444976077,1.5962741912446528e-05,0.0019138755980863,1.1423518575889008e-05,0.0043062200956938,4.450218957409336e-06,0.0047846889952154,7.80665149019976e-06,0.005263157894737,2.439880915344857e-05,0.0057416267942584,1.767743062551442e-05,0.0062200956937801,1.0003318265133158e-05,0,0,0,0,0
1388,38,10:49:27,4,0.0038277511961724,1324454.0,0.0040669856459329,0.0038277511961724,7.159047888006322e-07,0.0033492822966507,2.0122729198720474e-06,0.0028708133971293,1.3099122757244e-05,0.0023923444976077,1.5962741912446528e-05,0.0019138755980863,1.1152635682829308e-05,0.0043062200956938,2.0683843762915563e-05,0.0047846889952154,1.1463570546505693e-05,0.005263157894737,1.4724420115602192e-05,0.0057416267942584,1.7909615962422734e-05,0.0062200956937801,1.0003318265133158e-05,0,0,0,0,0
1389,38,10:49:30,4,0.0043062200956938,885517.0,0.0038277511961721,0.0033492822966507,7.932999011034033e-07,0.0028708133971293,1.3099122757244e-05,0.0023923444976077,1.6156229693203455e-05,0.0019138755980863,1.095914790207238e-05,0.0014354066985646,2.3678260657909776e-05,0.0043062200956938,2.317983613467993e-05,0.0047846889952154,2.450464696952261e-05,0.005263157894737,1.4685722559450809e-05,0.0057416267942584,1.7909615962422734e-05,0.0062200956937801,1.0003318265133158e-05,0,0,0,0,0
1390,38,10:49:33,4,0.0038277511961724,451205.0,0.0040669856459329,0.0038277511961724,7.932999011034033e-07,0.0033492822966507,7.739511230277105e-07,0.0028708133971293,1.3099122757244e-05,0.0023923444976077,1.6156229693203455e-05,0.0019138755980863,1.095914790207238e-05,0.0043062200956938,2.6353035739093546e-05,0.0047846889952154,2.8490495253115323e-05,0.005263157894737,1.478246644982927e-05,0.0057416267942584,1.7909615962422734e-05,0.0062200956937801,1.0003318265133158e-05,0,0,0,0,0
1391,38,10:49:36,4,0.0038277511961724,669236.0,0.0035885167464115,0.0033492822966507,1.934877807569276e-08,0.0028708133971293,1.2692798417654453e-05,0.0023923444976077,1.6156229693203455e-05,0.0019138755980863,1.095914790207238e-05,0.0014354066985646,2.3678260657909776e-05,0.0038277511961724,8.203881904093731e-06,0.0043062200956938,2.7900937985148964e-05,0.0047846889952154,3.154760218907478e-05,0.005263157894737,1.6756041813549934e-05,0.0057416267942584,1.849007930469352e-05,0,0,0,0,0
1392,38,10:49:39,4,0.0038277511961724,390026.0,0.0033492822966507,0.0028708133971293,1.170601073579412e-05,0.0023923444976077,1.5962741912446528e-05,0.0019138755980863,1.095914790207238e-05,0.0014354066985646,2.3678260657909776e-05,0.0009569377990432,9.093925695575598e-07,0.0038277511961724,1.037094504857132e-05,0.0043062200956938,2.844270377126836e-05,0.0047846889952154,3.259243620516219e-05,0.005263157894737,1.694952959430686e-05,0.0057416267942584,1.849007930469352e-05,0,0,0,0,0
1393,38,10:49:42,4,0.0028708133971293,838522.0,0.0033492822966507,0.0028708133971293,1.0274201158192858e-05,0.0023923444976077,1.5962741912446528e-05,0.0019138755980863,1.095914790207238e-05,0.0014354066985646,2.3678260657909776e-05,0.0009569377990432,9.093925695575598e-07,0.0038277511961724,1.1686661957718428e-05,0.0043062200956938,3.0861301030729954e-05,0.0047846889952154,3.3405084884341285e-05,0.005263157894737,1.6852785703928396e-05,0.0057416267942584,1.8277242745860896e-05,0,0,0,0,0
1394,38,10:49:45,4,0.0028708133971293,129993.0,0.0031100478468899,0.0028708133971293,9.65504025977069e-06,0.0023923444976077,1.567251024131114e-05,0.0019138755980863,1.095914790207238e-05,0.0014354066985646,2.363956310175839e-05,0.0009569377990432,9.093925695575598e-07,0.0033492822966507,1.3737632433741862e-06,0.0038277511961724,1.4530932334845264e-05,0.0043062200956938,3.254464472331523e-05,0.0047846889952154,3.268376243767946e-05,0.005263157894737,1.681408814777701e-05,1,0,0,0,0
1395,38,10:49:48,4,0.0033492822966507,1136905.0,0.0031100478468899,0.0028708133971293,1.0351596270495628e-05,0.0023923444976077,1.567251024131114e-05,0.0019138755980863,1.095914790207238e-05,0.0014354066985646,2.363956310175839e-05,0.0009569377990432,9.093925695575598e-07,0.0033492822966507,2.3218533690831317e-07,0.0038277511961724,9.887225596679e-06,0.0043062200956938,3.2041576493347214e-05,0.0047846889952154,3.461864024524874e-05,0.005263157894737,1.681408814777701e-05,1,0,0,0,0
1396,38,10:49:51,4,0.0033492822966507,1343656.0,0.0028708133971293,0.0023923444976077,1.5807951687840987e-05,0.0019138755980863,1.095914790207238e-05,0.0014354066985646,2.3329982652547304e-05,0.0009569377990432,7.932999011034033e-07,0.0004784688995216,2.29108881194278e-06,0.0033492822966507,2.3218533690831317e-07,0.0038277511961724,1.0467688938949783e-05,0.0043062200956938,3.1906135046817366e-05,0.0047846889952154,3.508301091906536e-05,0.005263157894737,1.681408814777701e-05,0,0,0,0,0
1397,38,10:49:54,4,0.0028708133971293,1456200.0,0.0026315789473683,0.0023923444976077,5.282216414664124e-06,0.0019138755980863,1.1152635682829308e-05,0.0014354066985646,2.331063387447161e-05,0.0009569377990432,7.932999011034033e-07,0.0004784688995216,2.387832702321244e-06,0.0028708133971293,9.403506144786684e-06,0.0033492822966507,9.867876818603309e-07,0.0038277511961724,1.456962989099665e-05,0.0043062200956938,3.037758157883764e-05,0.0047846889952154,3.628263515975832e-05,1,0,0,0,0
1398,38,10:49:57,4,0.0028708133971293,2276256.0,0.0026315789473683,0.0023923444976077,5.66919197617798e-06,0.0019138755980863,1.1152635682829308e-05,0.0014354066985646,2.331063387447161e-05,0.0009569377990432,6.965560107249394e-07,0.0004784688995216,2.387832702321244e-06,0.0028708133971293,1.0448340160874092e-06,0.0033492822966507,1.4124607995255717e-06,0.0038277511961724,1.414395677333141e-05,0.0043062200956938,3.028083768845917e-05,0.0047846889952154,4.266773192473692e-05,1,0,0,0,0
1399,38,10:50:00,4,0.0028708133971293,471485.0,0.0026315789473683,0.0023923444976077,3.4634312755490046e-06,0.0019138755980863,1.200398191815979e-05,0.0014354066985646,2.3968492329045165e-05,0.0009569377990432,6.965560107249394e-07,0.0004784688995216,2.387832702321244e-06,0.0028708133971293,1.6794739369701316e-05,0.0033492822966507,1.5285534679797282e-06,0.0038277511961724,1.4879210340207734e-05,0.0043062200956938,2.99519084611724e-05,0.0047846889952154,4.663423143025394e-05,0,0,0,0,0
1400,38,10:50:03,4,0.0028708133971293,605554.0,0.0026315789473683,0.0023923444976077,7.546023449520178e-07,0.0019138755980863,1.2100725808538252e-05,0.0014354066985646,2.3968492329045165e-05,0.0009569377990432,6.965560107249394e-07,0.0004784688995216,2.387832702321244e-06,0.0028708133971293,1.5324232235948667e-05,0.0033492822966507,1.7413900268123486e-06,0.0038277511961724,1.3834376324120324e-05,0.0043062200956938,2.975842068041547e-05,0.0047846889952154,4.549265352378807e-05,0,0,0,0,0
1401,38,10:50:06,4,0.0023923444976077,232575.0,0.0021531100478469,0.0019138755980863,1.2100725808538252e-05,0.0014354066985646,2.3871748438666703e-05,0.0009569377990432,6.965560107249394e-07,0.0004784688995216,2.387832702321244e-06,0.0,1.4182654329482796e-05,0.0023923444976077,7.754990252737659e-07,0.0028708133971293,1.756869049272903e-05,0.0033492822966507,1.9348778075692764e-06,0.0038277511961724,1.3892422658347405e-05,0.0043062200956938,2.80750769878302e-05,1,0,0,0,0
1402,38,10:50:09,4,0.0023923444976077,1389402.0,0.0021531100478469,0.0019138755980863,1.2120074586613948e-05,0.0014354066985646,2.3871748438666703e-05,0.0009569377990432,6.772072326492467e-07,0.0004784688995216,2.128365588326204e-06,0.0,1.4182654329482796e-05,0.0023923444976077,1.2576705749200296e-06,0.0028708133971293,1.9408372312165897e-05,0.0033492822966507,2.2444582567803605e-06,0.0038277511961724,1.3969817770650175e-05,0.0043062200956938,2.7262428308651103e-05,1,0,0,0,0
1403,38,10:50:12,4,0.0023923444976077,1782376.0,0.0021531100478469,0.0019138755980863,2.387639214540487e-06,0.0014354066985646,2.3871748438666703e-05,0.0009569377990432,6.772072326492467e-07,0.0004784688995216,2.128365588326204e-06,0.0,1.4337444554088337e-05,0.0023923444976077,1.2576705749200296e-06,0.0028708133971293,1.998883565443668e-05,0.0033492822966507,2.844270377126836e-06,0.0038277511961724,1.3834376324120324e-05,0.0043062200956938,2.761070631401357e-05,1,0,0,0,0
1404,38,10:50:15,4,0.0019138755980863,891090.0,0.0016746411483254,0.0014354066985646,2.567118479970613e-05,0.0009569377990432,7.546023449520178e-07,0.0004784688995216,2.128365588326204e-06,0.0,1.4337444554088337e-05,-0.0004784688995214,4.43357900826424e-06,0.0019138755980863,3.095804492110842e-08,0.0023923444976077,2.186411922553282e-06,0.0028708133971293,2.0124277100966527e-05,0.0033492822966507,2.4379460375372883e-06,0.0038277511961724,1.3834376324120324e-05,1,0,0,0,0
1405,38,10:50:18,4,0.0014354066985646,200960.0,0.0016746411483254,0.0014354066985646,2.431677033440764e-05,0.0009569377990432,7.546023449520178e-07,0.0004784688995216,2.128365588326204e-06,0.0,1.435679333216403e-05,-0.0004784688995214,4.43357900826424e-06,0.0019138755980863,1.0622479163555326e-05,0.0023923444976077,3.0300186466534862e-06,0.0028708133971293,2.223329391121704e-05,0.0033492822966507,2.631433818294216e-06,0.0038277511961724,1.3099122757244e-05,1,0,0,0,0
1406,38,10:50:21,4,0.0019138755980863,887812.0,0.0016746411483254,0.0014354066985646,2.3523470433304235e-05,0.0009569377990432,7.546023449520178e-07,0.0004784688995216,2.0896680321748184e-06,0.0,1.435679333216403e-05,-0.0004784688995214,4.43357900826424e-06,0.0019138755980863,1.155122051118858e-05,0.0023923444976077,1.630328040657872e-05,0.0028708133971293,2.174957445932472e-05,0.0033492822966507,2.6507825963699087e-06,0.0038277511961724,1.2499310636897524e-05,0,0,0,0,0
1407,38,10:50:24,4,0.0019138755980863,244970.0,0.0016746411483254,0.0014354066985646,2.294300709103345e-05,0.0009569377990432,7.546023449520178e-07,0.0004784688995216,2.0896680321748184e-06,0.0,1.435679333216403e-05,-0.0004784688995214,4.43357900826424e-06,0.0019138755980863,1.1938196072702436e-05,0.0023923444976077,1.6841950388206007e-05,0.0028708133971293,2.1846318349703184e-05,0.0033492822966507,2.6507825963699087e-06,0.0038277511961724,1.2499310636897524e-05,0,0,0,0,0
1408,38,10:50:27,4,0.0019138755980863,1681002.0,0.0016746411483254,0.0014354066985646,1.3655593614700923e-05,0.0009569377990432,7.546023449520178e-07,0.0004784688995216,2.0896680321748184e-06,0.0,1.435679333216403e-05,-0.0004784688995214,4.43357900826424e-06,0.0019138755980863,9.364808588635297e-06,0.0023923444976077,2.3374097866559885e-05,0.0028708133971293,2.1846318349703184e-05,0.0033492822966507,1.9735753637206617e-06,0.0038277511961724,1.246061308074614e-05,0,0,0,0,0
1409,38,10:50:30,4,0.0019138755980863,1341837.0,0.0016746411483254,0.0014354066985646,5.006689814866259e-06,0.0009569377990432,7.546023449520178e-07,0.0004784688995216,2.0896680321748184e-06,0.0,1.4298746997936952e-05,-0.0004784688995214,4.530322898642704e-06,0.0019138755980863,5.765935866556444e-06,0.0023923444976077,2.3374097866559885e-05,0.0028708133971293,2.085953066784285e-05,0.0033492822966507,1.9735753637206617e-06,0.0038277511961724,1.2073637519232285e-05,0,0,0,0,0
1410,38,10:50:33,4,0.0014354066985646,1957125.0,0.0011961722488038,0.0009569377990432,7.546023449520178e-07,0.0004784688995216,2.0509704760234327e-06,0.0,1.4318095776012644e-05,-0.0004784688995214,4.530322898642704e-06,-0.000956937799043,2.141909732979189e-05,0.0014354066985646,6.602577030549398e-06,0.0023923444976077,2.8617616725072623e-05,0.0028708133971293,2.085953066784285e-05,0.0033492822966507,1.9735753637206617e-06,0.0038277511961724,1.2286474078064903e-05,0,0,0,0,0
1411,38,10:50:36,4,0.0014354066985646,299088.0,0.0009569377990432,0.0004784688995216,3.869755615138553e-07,0.0,1.4395490888315416e-05,-0.0004784688995214,4.530322898642704e-06,-0.000956937799043,2.141909732979189e-05,-0.0014354066985644,1.0196806045890084e-05,0.0014354066985646,2.314965204088185e-05,0.0019138755980863,3.676267834381625e-06,0.0023923444976077,2.8695011837375395e-05,0.0028708133971293,2.2484828026201045e-05,0.0033492822966507,2.9410142675053e-06,0,0,0,0,1
1412,38,10:50:39,4,0.0014354066985646,1165642.0,0.0004784688995216,0.0,1.3756981211817557e-05,-0.0004784688995214,4.530322898642704e-06,-0.000956937799043,2.141909732979189e-05,-0.0014354066985644,1.0196806045890084e-05,-0.001913875598086,1.2647909252518846e-05,0.0009569377990432,9.867876818603309e-07,0.0014354066985646,2.703875643409609e-05,0.0019138755980863,4.082592173971173e-06,0.0023923444976077,2.8714360615451088e-05,0.0028708133971293,2.2484828026201045e-05,0,0,0,0,1
1413,38,10:50:42,4,0.0009569377990432,146437.0,0.0007177033492822,0.0004784688995216,1.9348778075692766e-07,0.0,1.3756981211817557e-05,-0.0004784688995214,4.530322898642704e-06,-0.000956937799043,2.141909732979189e-05,-0.0014354066985644,1.0196806045890084e-05,0.0009569377990432,1.81878513911512e-06,0.0014354066985646,2.841251967747028e-05,0.0019138755980863,1.4182654329482796e-05,0.0023923444976077,2.2890378414667565e-05,0.0028708133971293,2.2388084135822583e-05,0,0,0,0,1
1414,38,10:50:45,4,0.0,872163.0,0.0004784688995216,0.0,1.0583781607403942e-05,-0.0004784688995214,4.530322898642704e-06,-0.000956937799043,2.141909732979189e-05,-0.0014354066985644,1.0196806045890084e-05,-0.001913875598086,1.2647909252518846e-05,0.0009569377990432,3.869755615138552e-08,0.0014354066985646,2.4097742166590797e-05,0.0019138755980863,1.427939821986126e-05,0.0023923444976077,2.2890378414667565e-05,0.0028708133971293,2.2175247576989963e-05,0,0,0,0,1
1415,38,10:50:48,4,0.0014354066985646,629816.0,0.0002392344497608,0.0,1.0042015821284544e-05,-0.0004784688995214,4.530322898642704e-06,-0.000956937799043,2.136105099556481e-05,-0.0014354066985644,1.0196806045890084e-05,-0.001913875598086,1.2647909252518846e-05,0.0004784688995216,3.869755615138552e-08,0.0014354066985646,2.581978341532745e-05,0.0019138755980863,1.4395490888315416e-05,0.0023923444976077,2.130377861246076e-05,0.0028708133971293,2.2117201242762883e-05,1,1,0,0,1
1416,38,10:50:51,4,0.0004784688995216,441356.0,0.0002392344497608,0.0,9.94527193090608e-06,-0.0004784688995214,6.46520070621198e-06,-0.000956937799043,2.136105099556481e-05,-0.0014354066985644,1.0196806045890084e-05,-0.001913875598086,1.2647909252518846e-05,0.0004784688995216,1.1802754626172586e-06,0.0009569377990432,7.971696567185417e-06,0.0014354066985646,2.560694685649483e-05,0.0019138755980863,1.4395490888315416e-05,0.0023923444976077,2.1226383500157987e-05,1,0,0,0,1
1417,38,10:50:54,4,0.0,2266513.0,-0.0002392344497607,-0.0004784688995214,6.194317813152281e-06,-0.000956937799043,2.136105099556481e-05,-0.0014354066985644,1.0196806045890084e-05,-0.001913875598086,1.2647909252518846e-05,-0.0023923444976075,1.1833712671093692e-05,0.0,7.739511230277106e-08,0.0004784688995216,2.03162169794774e-06,0.0009569377990432,6.578584545735539e-07,0.0014354066985646,2.5645644412646216e-05,0.0019138755980863,1.4453537222542494e-05,1,1,0,0,2
1418,38,10:50:57,4,0.0,1364184.0,-0.0002392344497607,-0.0004784688995214,1.547902246055421e-07,-0.000956937799043,1.867427967197411e-05,-0.0014354066985644,1.0196806045890084e-05,-0.001913875598086,1.2647909252518846e-05,-0.0023923444976075,1.1833712671093692e-05,0.0,3.676267834381625e-07,0.0004784688995216,4.218033620501022e-06,0.0009569377990432,1.1609266845415658e-06,0.0014354066985646,2.5510202966116365e-05,0.0019138755980863,1.4453537222542494e-05,1,1,0,0,2
1419,38,10:51:00,4,-0.0004784688995214,123303.0,-0.0004784688995214,-0.000956937799043,1.8480791891217184e-05,-0.0014354066985644,1.0196806045890084e-05,-0.001913875598086,1.2647909252518846e-05,-0.0023923444976075,1.173696878071523e-05,-0.0028708133971291,5.127426190058582e-06,0.0,5.262867636588431e-06,0.0004784688995216,6.365747986902919e-06,0.0009569377990432,1.1996242406929513e-06,0.0014354066985646,2.6496990647976694e-05,0.0019138755980863,1.4395490888315416e-05,1,0,0,0,2
1420,38,10:51:03,4,-0.0004784688995214,965482.0,-0.0002392344497607,-0.0004784688995214,1.745259782427487e-05,-0.000956937799043,1.851948944736857e-05,-0.0014354066985644,1.0196806045890084e-05,-0.001913875598086,1.274465314289731e-05,-0.0023923444976075,1.173696878071523e-05,0.0,2.534689927915752e-06,0.0004784688995216,6.714025992265389e-06,0.0009569377990432,1.1996242406929513e-06,0.0014354066985646,2.643894431374962e-05,0.0019138755980863,1.4395490888315416e-05,1,0,0,0,2
1421,38,10:51:06,4,-0.0004784688995214,1532036.0,0.0002392344497608,0.0,2.9023167113539144e-07,-0.0004784688995214,1.6117532137052072e-05,-0.000956937799043,1.857753578159565e-05,-0.0014354066985644,1.0196806045890084e-05,-0.001913875598086,1.274465314289731e-05,0.0004784688995216,4.2760799547281006e-06,0.0009569377990432,1.1996242406929513e-06,0.0014354066985646,2.643894431374962e-05,0.0019138755980863,1.44341884444668e-05,0.0023923444976077,1.542175007745016e-05,0,0,0,0,1
1422,38,10:51:09,4,-0.0004784688995214,2464932.0,-0.0002392344497607,-0.0004784688995214,3.676267834381625e-07,-0.000956937799043,1.5133453284122338e-05,-0.0014354066985644,1.0196806045890084e-05,-0.001913875598086,1.274465314289731e-05,-0.0023923444976075,1.2692798417654453e-05,0.0,1.3931120214498788e-06,0.0004784688995216,2.317983613467993e-05,0.0009569377990432,1.954226585644969e-06,0.0014354066985646,2.5839132193403143e-05,0.0019138755980863,1.44341884444668e-05,1,1,0,0,2
1423,38,10:51:12,4,-0.0004784688995214,1078549.0,-0.0007177033492823,-0.000956937799043,8.682764161467127e-06,-0.0014354066985644,1.0196806045890084e-05,-0.001913875598086,1.2647909252518846e-05,-0.0023923444976075,1.3737632433741862e-05,-0.0028708133971291,7.062303997627858e-06,-0.0004784688995214,9.674389037846382e-07,0.0004784688995216,2.341202147158824e-05,0.0009569377990432,2.360550925234517e-06,0.0014354066985646,2.5645644412646216e-05,0.0019138755980863,1.44341884444668e-05,1,0,1,0,2
1424,38,10:51:15,4,-0.000956937799043,185942.0,-0.0002392344497607,-0.0004784688995214,1.625297358358192e-06,-0.000956937799043,8.586020271088663e-06,-0.0014354066985644,1.0196806045890084e-05,-0.001913875598086,1.268660680867023e-05,-0.0023923444976075,1.4240700663709871e-05,0.0,4.546962847787799e-06,0.0004784688995216,2.360550925234517e-05,0.0009569377990432,2.360550925234517e-06,0.0014354066985646,2.5645644412646216e-05,0.0019138755980863,1.4395490888315416e-05,0,0,0,0,2
1425,38,10:51:18,4,-0.0004784688995214,359375.0,-0.0002392344497607,-0.0004784688995214,1.1609266845415657e-07,-0.000956937799043,9.05039094490529e-06,-0.0014354066985644,1.5904695578219452e-05,-0.001913875598086,1.2705955586745925e-05,-0.0023923444976075,1.4240700663709871e-05,0.0,4.140638508198252e-06,0.0004784688995216,2.360550925234517e-05,0.0009569377990432,2.9023167113539144e-06,0.0014354066985646,2.5219971294980972e-05,0.0019138755980863,1.4395490888315416e-05,0,0,0,1,2
1426,38,10:51:21,4,-0.0014354066985644,1139595.0,-0.0011961722488037,-0.0014354066985644,1.5730556575538214e-05,-0.001913875598086,1.2705955586745925e-05,-0.0023923444976075,1.4240700663709871e-05,-0.0028708133971291,7.062303997627858e-06,-0.0033492822966507,1.106750105929626e-05,-0.000956937799043,1.1077175448334109e-06,0.0,4.392172623182257e-06,0.0004784688995216,2.360550925234517e-05,0.0009569377990432,2.9023167113539144e-06,0.0014354066985646,2.5219971294980972e-05,1,0,1,1,2
1427,38,10:51:24,4,0.0004784688995216,1266315.0,0.0002392344497608,0.0,2.766875264824065e-06,-0.0004784688995214,4.406684206739027e-06,-0.000956937799043,2.128365588326204e-07,-0.0014354066985644,1.3079773979168307e-05,-0.001913875598086,1.2705955586745925e-05,0.0004784688995216,2.401183359193472e-05,0.0009569377990432,2.9023167113539144e-06,0.0014354066985646,2.5219971294980972e-05,0.0019138755980863,1.4395490888315416e-05,0.0023923444976077,1.547979641167724e-05,0,0,0,1,2
1428,38,10:51:27,4,-0.0004784688995214,986292.0,-0.0002392344497607,-0.0004784688995214,1.3302284927038774e-06,-0.000956937799043,4.06324339589548e-07,-0.0014354066985644,1.3079773979168307e-05,-0.001913875598086,1.2705955586745925e-05,-0.0023923444976075,1.625297358358192e-05,0.0,3.869755615138553e-07,0.0004784688995216,2.3431370249663936e-05,0.0009569377990432,2.689480152521294e-06,0.0014354066985646,2.5219971294980972e-05,0.0019138755980863,1.4395490888315416e-05,0,0,0,1,2
1429,38,10:51:30,4,-0.000956937799043,945304.0,-0.0011961722488037,-0.0014354066985644,1.1009454725069182e-05,-0.001913875598086,1.2705955586745925e-05,-0.0023923444976075,1.6446461364338848e-05,-0.0028708133971291,8.203881904093731e-06,-0.0033492822966507,1.106750105929626e-05,-0.000956937799043,4.068080590414403e-06,-0.0004784688995214,9.46155247901376e-06,0.0,4.140638508198252e-06,0.0004784688995216,2.3431370249663936e-05,0.0009569377990432,2.689480152521294e-06,1,0,1,1,2
1430,38,10:51:33,4,-0.000956937799043,632523.0,-0.0011961722488037,-0.0014354066985644,8.281277016396503e-06,-0.001913875598086,1.2705955586745925e-05,-0.0023923444976075,1.6349717473960386e-05,-0.0028708133971291,8.203881904093731e-06,-0.0033492822966507,1.218973018768644e-05,-0.000956937799043,9.722760983035613e-07,-0.0004784688995214,9.46155247901376e-06,0.0,6.346399208827226e-06,0.0004784688995216,2.292830201969592e-05,0.0009569377990432,2.689480152521294e-06,0,0,1,1,2
1431,38,10:51:36,4,-0.000956937799043,1339976.0,-0.0014354066985646,-0.001913875598086,1.14289362337502e-05,-0.0023923444976075,1.6407763808187462e-05,-0.0028708133971291,8.203881904093731e-06,-0.0033492822966507,1.2383217968443369e-05,-0.0038277511961721,3.6182215001545462e-06,-0.000956937799043,8.12648679179096e-07,-0.0004784688995214,1.2542845387567834e-05,0.0,1.3544144652984934e-05,0.0004784688995216,2.292830201969592e-05,0.0009569377990432,2.7862240428997576e-06,0,1,0,2,2
1432,38,10:51:39,4,-0.001913875598086,1066912.0,-0.0007177033492823,-0.000956937799043,1.934877807569276e-08,-0.001913875598086,1.0596938776495412e-05,-0.0023923444976075,1.6407763808187462e-05,-0.0028708133971291,8.203881904093731e-06,-0.0033492822966507,1.2383217968443369e-05,-0.0004784688995214,1.2581542943719218e-05,0.0,1.3815027546044632e-05,0.0004784688995216,2.292830201969592e-05,0.0009569377990432,2.7862240428997576e-06,0.0014354066985646,2.4813646955391428e-05,0,0,0,1,2
1433,38,10:51:42,4,-0.0014354066985644,444688.0,-0.0016746411483251,-0.001913875598086,9.648848650786468e-06,-0.0023923444976075,1.6794739369701316e-05,-0.0028708133971291,8.203881904093731e-06,-0.0033492822966507,1.2383217968443369e-05,-0.0038277511961721,3.6182215001545462e-06,-0.0014354066985644,5.224170080437046e-07,-0.000956937799043,3.095804492110842e-07,-0.0004784688995214,1.070471147037702e-05,0.0,1.5014651786737584e-05,0.0004784688995216,2.3373323915436856e-05,1,1,1,2,2
1434,38,10:51:45,4,-0.000956937799043,1373015.0,-0.0016746411483251,-0.001913875598086,5.198629693377132e-06,-0.0023923444976075,1.6794739369701316e-05,-0.0028708133971291,8.203881904093731e-06,-0.0033492822966507,1.2383217968443369e-05,-0.0038277511961721,3.6182215001545462e-06,-0.0014354066985644,2.534689927915752e-06,-0.000956937799043,5.9207260911619855e-06,-0.0004784688995214,1.0801455360755484e-05,0.0,1.540162734825144e-05,0.0004784688995216,2.3431370249663936e-05,0,1,1,2,2
1435,38,10:51:48,4,-0.001913875598086,2193129.0,-0.0021531100478467,-0.0023923444976075,1.660125158894439e-05,-0.0028708133971291,8.203881904093731e-06,-0.0033492822966507,1.2383217968443369e-05,-0.0038277511961721,3.8117092809114736e-06,-0.0043062200956938,1.8845709845724752e-05,-0.001913875598086,8.358672128699274e-06,-0.0004784688995214,5.293245218167269e-06,0.0,1.5537068794781287e-05,0.0004784688995216,2.3431370249663936e-05,0.0009569377990432,2.7862240428997576e-06,1,1,1,2,2
1436,38,10:51:51,4,-0.001913875598086,980173.0,-0.0021531100478467,-0.0023923444976075,1.1822103404248278e-05,-0.0028708133971291,8.203881904093731e-06,-0.0033492822966507,1.2383217968443369e-05,-0.0038277511961721,3.8117092809114736e-06,-0.0043062200956938,1.8845709845724752e-05,-0.001913875598086,9.268064698256831e-06,-0.0014354066985644,3.9452158496337545e-07,-0.000956937799043,1.625297358358192e-06,-0.0004784688995214,5.521560799460443e-06,0.0,1.3602190987212012e-05,2,1,1,2,2
1437,38,10:51:54,4,-0.000956937799043,1560243.0,-0.0016746411483251,-0.0023923444976075,8.397369684850658e-06,-0.0028708133971291,8.203881904093731e-06,-0.0033492822966507,1.2383217968443369e-05,-0.0038277511961721,3.8117092809114736e-06,-0.0043062200956938,1.8845709845724752e-05,-0.000956937799043,1.5167507133535556e-06,-0.0004784688995214,5.521560799460443e-06,0.0,1.422135188563418e-05,0.0004784688995216,2.3431370249663936e-05,0.0009569377990432,2.5927362621428303e-06,1,1,0,2,2
1438,38,10:51:57,4,-0.0023923444976075,379713.0,-0.0016746411483251,-0.0023923444976075,9.86787681860331e-06,-0.0028708133971291,8.203881904093731e-06,-0.0033492822966507,1.2383217968443369e-05,-0.0038277511961721,3.8117092809114736e-06,-0.0043062200956938,1.8845709845724752e-05,-0.000956937799043,1.3039141545209352e-06,-0.0004784688995214,5.502212021384751e-06,0.0,1.478246644982927e-05,0.0004784688995216,2.3431370249663936e-05,0.0009569377990432,2.5927362621428303e-06,1,1,0,2,2
1439,38,10:52:00,4,-0.0023923444976075,2054487.0,-0.0026315789473684,-0.0028708133971291,7.584721005671563e-06,-0.0033492822966507,1.2344520412291982e-05,-0.0038277511961721,3.8117092809114736e-06,-0.0043062200956938,1.8865058623800445e-05,-0.0047846889952152,4.0954204138353575e-05,-0.0023923444976075,2.495992371764366e-06,-0.001913875598086,5.611145641950901e-07,-0.000956937799043,1.6134946037320195e-06,-0.0004784688995214,5.308724240627824e-06,0.0,1.478246644982927e-05,2,1,1,2,2
1440,38,10:52:03,4,-0.0028708133971291,585877.0,-0.0026315789473684,-0.0028708133971291,9.983969487057465e-06,-0.0033492822966507,1.3408703206455085e-05,-0.0038277511961721,3.8117092809114736e-06,-0.0043062200956938,1.8865058623800445e-05,-0.0047846889952152,4.124443580948896e-05,-0.0023923444976075,3.869755615138553e-07,-0.001913875598086,1.8574826952665047e-06,-0.0014354066985644,1.934877807569276e-08,-0.000956937799043,4.244928422026235e-06,-0.0004784688995214,5.308724240627824e-06,2,1,1,2,2
1441,38,10:52:06,4,-0.000956937799043,381689.0,-0.0014354066985646,-0.001913875598086,1.4898559118283427e-06,-0.0023923444976075,1.934877807569276e-08,-0.0028708133971291,9.983969487057465e-06,-0.0033492822966507,1.534358101402436e-05,-0.0038277511961721,3.8117092809114736e-06,-0.000956937799043,5.19301854773518e-06,-0.0004784688995214,5.308724240627824e-06,0.0,1.5034000564813276e-05,0.0004784688995216,2.3237882468907008e-05,0.0009569377990432,2.5927362621428303e-06,1,0,1,2,2
1442,38,10:52:09,4,-0.000956937799043,498809.0,-0.0014354066985646,-0.001913875598086,3.4053849413219262e-06,-0.0023923444976075,1.1609266845415657e-07,-0.0028708133971291,1.04289913827984e-05,-0.0033492822966507,1.534358101402436e-05,-0.0038277511961721,5.843330978859214e-06,-0.000956937799043,3.0646529594089765e-06,-0.0004784688995214,4.8250047887355045e-06,0.0,1.5034000564813276e-05,0.0004784688995216,3.889104393214245e-06,0.0009569377990432,2.5927362621428303e-06,0,0,1,2,2
1443,38,10:52:12,4,-0.001913875598086,569686.0,-0.0014354066985646,-0.001913875598086,3.2892922728677695e-07,-0.0023923444976075,1.5672510241311135e-06,-0.0028708133971291,1.0622479163555326e-05,-0.0033492822966507,1.534358101402436e-05,-0.0038277511961721,5.862679756934907e-06,-0.000956937799043,1.0523800395369293e-06,-0.0004784688995214,5.115236459870896e-06,0.0,1.6988227150458247e-05,0.0004784688995216,3.889104393214245e-06,0.0009569377990432,2.5927362621428303e-06,0,0,0,2,2
1444,38,10:52:15,4,-0.001913875598086,160682.0,-0.0016746411483251,-0.001913875598086,3.869755615138553e-07,-0.0023923444976075,2.5153411498400597e-06,-0.0028708133971291,1.0622479163555326e-05,-0.0033492822966507,1.534358101402436e-05,-0.0038277511961721,5.862679756934907e-06,-0.0014354066985644,2.579772580832116e-06,-0.000956937799043,1.0523800395369293e-06,-0.0004784688995214,5.115236459870896e-06,0.0,1.6988227150458247e-05,0.0004784688995216,3.889104393214245e-06,1,0,0,2,2
1445,38,10:52:18,4,-0.001913875598086,225267.0,-0.0016746411483251,-0.001913875598086,5.243518858512739e-06,-0.0023923444976075,1.1822103404248278e-05,-0.0028708133971291,1.5227488345570205e-05,-0.0033492822966507,1.534358101402436e-05,-0.0038277511961721,5.862679756934907e-06,-0.0014354066985644,2.637818915059194e-06,-0.000956937799043,1.82633116256464e-06,-0.0004784688995214,5.115236459870896e-06,0.0,1.6407763808187462e-05,0.0004784688995216,3.889104393214245e-06,1,1,1,2,2
1446,38,10:52:21,4,-0.001913875598086,536459.0,-0.0016746411483251,-0.001913875598086,1.1384821019737622e-06,-0.0023923444976075,1.2499310636897524e-05,-0.0028708133971291,1.534358101402436e-05,-0.0033492822966507,1.5382278570175746e-05,-0.0038277511961721,6.191608984221684e-06,-0.0014354066985644,2.2314945754696464e-06,-0.000956937799043,2.6583286198194288e-06,-0.0004784688995214,5.115236459870896e-06,0.0,1.6407763808187462e-05,0.0004784688995216,3.889104393214245e-06,0,0,1,2,2
1447,38,10:52:24,4,-0.0023923444976075,571234.0,-0.0021531100478467,-0.0023923444976075,1.1957544850778128e-05,-0.0028708133971291,1.9213336629162917e-05,-0.0033492822966507,1.5382278570175746e-05,-0.0038277511961721,6.191608984221684e-06,-0.0043062200956938,2.091602909982388e-05,-0.001913875598086,1.1728455318361926e-05,-0.0014354066985644,2.8506554738918145e-06,-0.000956937799043,2.7550725101978924e-06,-0.0004784688995214,5.115236459870896e-06,0.0,1.6407763808187462e-05,1,0,2,2,2
1448,38,10:52:27,4,-0.001913875598086,859298.0,-0.0021531100478467,-0.0023923444976075,9.51959881324084e-06,-0.0028708133971291,2.0084031642569088e-05,-0.0033492822966507,1.5382278570175746e-05,-0.0038277511961721,6.191608984221684e-06,-0.0043062200956938,2.0954726655975263e-05,-0.001913875598086,9.30985805890033e-06,-0.0014354066985644,2.8506554738918145e-06,-0.000956937799043,2.793770066349278e-06,-0.0004784688995214,5.115236459870896e-06,0.0,1.660125158894439e-05,1,0,2,2,2
1449,38,10:52:30,4,-0.001913875598086,790493.0,-0.0021531100478467,-0.0023923444976075,8.184533126018038e-06,-0.0028708133971291,2.0122729198720478e-05,-0.0033492822966507,1.5382278570175746e-05,-0.0038277511961721,6.191608984221684e-06,-0.0043062200956938,2.0954726655975263e-05,-0.001913875598086,9.232462946597558e-06,-0.0014354066985644,2.8506554738918145e-06,-0.000956937799043,3.374233408620061e-06,-0.0004784688995214,5.115236459870896e-06,0.0,1.28282398641843e-05,1,1,2,2,2
1450,38,10:52:33,4,-0.001913875598086,946682.0,-0.0021531100478467,-0.0023923444976075,6.965560107249394e-07,-0.0028708133971291,2.0122729198720478e-05,-0.0033492822966507,1.5382278570175746e-05,-0.0038277511961721,6.191608984221684e-06,-0.0043062200956938,2.1051470546353725e-05,-0.001913875598086,7.684560700542138e-06,-0.0014354066985644,2.8506554738918145e-06,-0.000956937799043,3.122699293636055e-06,-0.0004784688995214,5.115236459870896e-06,0.0,1.275084475188153e-05,1,1,2,2,2
1451,38,10:52:36,4,-0.0028708133971291,1344532.0,-0.0026315789473684,-0.0028708133971291,1.4202003107558489e-05,-0.0033492822966507,1.5382278570175746e-05,-0.0038277511961721,6.733374770341081e-06,-0.0043062200956938,2.1051470546353725e-05,-0.0047846889952152,4.9854642053172246e-05,-0.0023923444976075,1.547902246055421e-07,-0.001913875598086,7.684560700542138e-06,-0.0014354066985644,2.8506554738918145e-06,-0.000956937799043,2.7357237321222e-06,-0.0004784688995214,5.115236459870896e-06,1,1,2,2,2
1452,38,10:52:39,4,-0.0023923444976075,419119.0,-0.0026315789473684,-0.0028708133971291,1.4163305551407104e-05,-0.0033492822966507,1.5382278570175746e-05,-0.0038277511961721,6.733374770341081e-06,-0.0043062200956938,2.1051470546353725e-05,-0.0047846889952152,5.140254429922767e-05,-0.0023923444976075,5.030682299680119e-06,-0.001913875598086,9.987065291549576e-06,-0.0014354066985644,2.8506554738918145e-06,-0.000956937799043,2.7357237321222e-06,-0.0004784688995214,5.115236459870896e-06,1,1,2,2,2
1453,38,10:52:42,4,-0.0023923444976075,596297.0,-0.0026315789473684,-0.0028708133971291,1.4105259217180023e-05,-0.0033492822966507,1.5382278570175746e-05,-0.0038277511961721,7.023606441476473e-06,-0.0043062200956938,2.078058765329403e-05,-0.0047846889952152,5.149928818960613e-05,-0.0023923444976075,4.817845740847498e-06,-0.001913875598086,9.987065291549576e-06,-0.0014354066985644,2.8506554738918145e-06,-0.000956937799043,2.774421288273585e-06,-0.0004784688995214,5.115236459870896e-06,1,1,2,2,2
1454,38,10:52:45,4,-0.0023923444976075,352332.0,-0.0026315789473684,-0.0028708133971291,1.3660237321439093e-05,-0.0033492822966507,1.5382278570175746e-05,-0.0038277511961721,7.2170942222334e-06,-0.0043062200956938,2.074189009714264e-05,-0.0047846889952152,5.149928818960613e-05,-0.0023923444976075,4.701753072393341e-06,-0.001913875598086,1.050948229959328e-05,-0.0014354066985644,1.9987287752190627e-07,-0.000956937799043,2.774421288273585e-06,-0.0004784688995214,5.037841347568125e-06,1,1,2,2,2
1455,38,10:52:48,4,-0.0028708133971291,2042875.0,-0.0021531100478467,-0.0023923444976075,1.547902246055421e-07,-0.0028708133971291,5.088728633907197e-06,-0.0033492822966507,1.5382278570175746e-05,-0.0038277511961721,7.507325893368792e-06,-0.0043062200956938,2.097407543405096e-05,-0.001913875598086,9.580740951960028e-06,-0.0014354066985644,1.9987287752190627e-07,-0.000956937799043,2.774421288273585e-06,-0.0004784688995214,5.037841347568125e-06,0.0,1.120294250582611e-05,1,2,2,2,2
1456,38,10:52:51,4,-0.0028708133971291,981663.0,-0.0031100478468898,-0.0033492822966507,1.5362929792100053e-05,-0.0038277511961721,7.546023449520177e-06,-0.0043062200956938,2.097407543405096e-05,-0.0047846889952152,5.1963658863422754e-05,-0.0052631578947368,3.676267834381625e-06,-0.0028708133971291,2.7049591749818483e-05,-0.0023923444976075,5.804633422707829e-07,-0.001913875598086,9.580740951960028e-06,-0.0014354066985644,1.9987287752190627e-07,-0.000956937799043,2.774421288273585e-06,2,2,2,2,2
1457,38,10:52:54,4,-0.0028708133971291,2108936.0,-0.0031100478468898,-0.0033492822966507,1.3969817770650175e-05,-0.0038277511961721,7.546023449520177e-06,-0.0043062200956938,2.097407543405096e-05,-0.0047846889952152,5.213779786610399e-05,-0.0052631578947368,3.676267834381625e-06,-0.0028708133971291,1.037094504857132e-05,-0.0023923444976075,5.804633422707829e-07,-0.001913875598086,9.483997061581565e-06,-0.0014354066985644,1.9987287752190627e-07,-0.000956937799043,2.774421288273585e-06,2,2,2,2,2
1458,38,10:52:57,4,-0.0028708133971291,618944.0,-0.0031100478468898,-0.0033492822966507,1.3892422658347405e-05,-0.0038277511961721,7.546023449520177e-06,-0.0043062200956938,2.097407543405096e-05,-0.0047846889952152,5.213779786610399e-05,-0.0052631578947368,3.676267834381625e-06,-0.0028708133971291,6.907513773022316e-06,-0.0023923444976075,2.109016810250511e-06,-0.001913875598086,1.2154128436027168e-05,-0.0014354066985644,1.9987287752190627e-07,-0.000956937799043,2.7550725101978924e-06,1,2,2,2,2
1459,38,10:53:00,4,-0.0023923444976075,1313273.0,-0.0021531100478467,-0.0023923444976075,2.9023167113539144e-07,-0.0028708133971291,9.674389037846383e-08,-0.0033492822966507,1.3931120214498787e-05,-0.0038277511961721,7.00425766340078e-06,-0.0043062200956938,2.097407543405096e-05,-0.001913875598086,9.987065291549576e-06,-0.0014354066985644,1.9987287752190627e-07,-0.000956937799043,2.7550725101978924e-06,-0.0004784688995214,4.708912120281348e-06,0.0,1.1396430286583035e-05,0,2,2,2,2
1460,38,10:53:03,4,-0.0023923444976075,275111.0,-0.0026315789473684,-0.0028708133971291,8.281277016396503e-06,-0.0033492822966507,1.3969817770650175e-05,-0.0038277511961721,7.391233224914635e-06,-0.0043062200956938,2.1167563214807883e-05,-0.0047846889952152,5.3260026994494166e-05,-0.0023923444976075,3.4827800536246973e-06,-0.001913875598086,9.638787286187106e-06,-0.0014354066985644,6.44314309920569e-08,-0.000956937799043,2.7550725101978924e-06,-0.0004784688995214,4.708912120281348e-06,2,2,2,2,2
1461,38,10:53:06,4,-0.001913875598086,1574295.0,-0.0021531100478467,-0.0023923444976075,1.8574826952665047e-06,-0.0028708133971291,7.720162452201413e-06,-0.0033492822966507,1.4047212882952946e-05,-0.0038277511961721,7.604069783747256e-06,-0.0043062200956938,2.1167563214807883e-05,-0.001913875598086,3.1182490746786458e-06,-0.0014354066985644,6.44314309920569e-08,-0.000956937799043,2.6583286198194288e-06,-0.0004784688995214,4.708912120281348e-06,0.0,1.1396430286583035e-05,2,2,2,2,2
1462,38,10:53:09,4,-0.0028708133971291,1429133.0,-0.0023923444976075,-0.0028708133971291,5.959423647313371e-06,-0.0033492822966507,1.4047212882952946e-05,-0.0038277511961721,7.70081367412572e-06,-0.0043062200956938,2.1032121768278032e-05,-0.0047846889952152,5.654931926736194e-05,-0.001913875598086,7.739511230277106e-08,-0.0004784688995214,2.6749685689645246e-06,0.0,1.1396430286583035e-05,0.0004784688995216,3.173199604413613e-06,0.0009569377990432,7.487977115293099e-06,2,2,2,2,2
1463,38,10:53:12,4,-0.0023923444976075,521307.0,-0.0026315789473684,-0.0028708133971291,7.159047888006322e-06,-0.0033492822966507,1.4124607995255716e-05,-0.0038277511961721,7.894301454882647e-06,-0.0043062200956938,2.1032121768278032e-05,-0.0047846889952152,5.654931926736194e-05,-0.0023923444976075,1.934877807569276e-08,-0.0004784688995214,2.6749685689645246e-06,0.0,1.1396430286583035e-05,0.0004784688995216,3.173199604413613e-06,0.0009569377990432,7.487977115293099e-06,2,2,2,2,2
1464,38,10:53:15,4,-0.0023923444976075,3887303.0,-0.0028708133971291,-0.0033492822966507,1.5092046899040356e-06,-0.0038277511961721,8.436067241002044e-06,-0.0043062200956938,2.109016810250511e-05,-0.0047846889952152,5.63945290427564e-05,-0.0052631578947368,3.579523944003161e-06,-0.0023923444976075,2.708828930596986e-06,-0.0004784688995214,2.1912491170722054e-06,0.0,1.1396430286583035e-05,0.0004784688995216,3.173199604413613e-06,0.0009569377990432,7.487977115293099e-06,2,2,2,2,2
1465,38,10:53:18,4,-0.001913875598086,369510.0,-0.0007177033492823,-0.000956937799043,2.708828930596987e-07,-0.001913875598086,3.1693298487984744e-06,-0.0023923444976075,6.539886989584154e-06,-0.0028708133971291,1.876831473342198e-06,-0.0033492822966507,1.5092046899040356e-06,-0.0004784688995214,2.15255156092082e-06,0.0,1.1396430286583035e-05,0.0004784688995216,3.173199604413613e-06,0.0009569377990432,7.487977115293099e-06,0.0014354066985646,9.547461053669837e-06,1,2,2,2,2
1466,38,10:53:21,4,0.0,825259.0,-0.000956937799043,-0.001913875598086,2.898446955738776e-06,-0.0023923444976075,8.358672128699274e-06,-0.0028708133971291,3.927801949365631e-06,-0.0033492822966507,2.824921599051144e-06,-0.0038277511961721,3.0861301030729954e-05,0.0,7.396070419433559e-06,0.0004784688995216,3.173199604413613e-06,0.0009569377990432,7.487977115293099e-06,0.0014354066985646,9.547461053669837e-06,0.0019138755980863,1.267344963957876e-05,2,2,2,2,2
1467,38,10:53:24,4,0.0,331978.0,-0.0007177033492823,-0.0014354066985644,1.1319035174280268e-05,-0.001913875598086,1.1237770306362356e-05,-0.0023923444976075,9.67438903784638e-06,-0.0028708133971291,4.469567735485028e-06,-0.0033492822966507,5.32091397081551e-06,0.0,6.873653411389854e-06,0.0004784688995216,3.173199604413613e-06,0.0009569377990432,7.487977115293099e-06,0.0014354066985646,9.547461053669837e-06,0.0019138755980863,1.267344963957876e-05,2,2,2,2,2
1468,38,10:53:27,4,-0.000956937799043,238101.0,-0.0004784688995214,-0.000956937799043,1.547902246055421e-06,-0.0014354066985644,1.0583781607403942e-05,-0.001913875598086,1.2185860432071302e-05,-0.0023923444976075,1.3776329989893248e-05,-0.0028708133971291,6.346399208827226e-06,0.0,5.848168173378137e-06,0.0004784688995216,3.173199604413613e-06,0.0009569377990432,7.487977115293099e-06,0.0014354066985646,9.547461053669837e-06,0.0019138755980863,1.267344963957876e-05,2,2,2,2,2
1469,38,10:53:30,4,0.0,296775.0,-0.0002392344497607,-0.0004784688995214,1.9348778075692766e-07,-0.000956937799043,1.547902246055421e-06,-0.0014354066985644,1.0603130385479636e-05,-0.001913875598086,1.2843718886644856e-05,-0.0023923444976075,1.3950468992574482e-05,0.0,3.681105028900548e-06,0.0004784688995216,2.9410142675053e-06,0.0009569377990432,7.487977115293099e-06,0.0014354066985646,9.547461053669837e-06,0.0019138755980863,1.267344963957876e-05,2,2,2,2,2
1470,38,10:53:33,4,0.0,549439.0,-0.0002392344497607,-0.0004784688995214,9.674389037846383e-08,-0.000956937799043,1.876831473342198e-06,-0.0014354066985644,1.0293549936268547e-05,-0.001913875598086,1.7448728068659733e-05,-0.0023923444976075,1.625297358358192e-05,0.0,8.36834651773712e-07,0.0004784688995216,2.9410142675053e-06,0.0009569377990432,7.487977115293099e-06,0.0014354066985646,9.547461053669837e-06,0.0019138755980863,1.2286474078064903e-05,1,2,2,2,2
1471,38,10:53:36,4,0.0,393007.0,0.0002392344497608,0.0,1.0061364599360235e-06,-0.0004784688995214,1.1609266845415657e-07,-0.000956937799043,1.934877807569276e-08,-0.0014354066985644,1.0487037717025478e-05,-0.001913875598086,1.7738959739795126e-05,0.0004784688995216,1.1851126571361817e-06,0.0009569377990432,7.487977115293099e-06,0.0014354066985646,9.547461053669837e-06,0.0019138755980863,1.2228427743837826e-05,0.0023923444976077,1.2198243650039744e-05,2,2,2,2,2
1472,38,10:53:39,4,0.0004784688995216,424284.0,0.0002392344497608,0.0,3.1345020482622275e-06,-0.0004784688995214,1.3157169091471078e-06,-0.000956937799043,2.457294815612981e-06,-0.0014354066985644,1.0680525497782404e-05,-0.001913875598086,1.7738959739795126e-05,0.0004784688995216,1.3012053255903382e-06,0.0009569377990432,7.487977115293099e-06,0.0014354066985646,9.547461053669837e-06,0.0019138755980863,1.2363869190367676e-05,0.0023923444976077,1.2198243650039744e-05,2,2,2,2,2
1473,38,10:53:42,4,0.0,702662.0,0.0002392344497608,0.0,3.831058058987167e-07,-0.0004784688995214,1.2770193529957225e-06,-0.000956937799043,4.334126288955179e-06,-0.0014354066985644,1.0680525497782404e-05,-0.001913875598086,1.8725747421655452e-05,0.0004784688995216,1.2238102132875672e-06,0.0009569377990432,7.487977115293099e-06,0.0014354066985646,9.547461053669837e-06,0.0019138755980863,1.2363869190367676e-05,0.0023923444976077,1.2198243650039744e-05,2,2,2,2,2
1474,38,10:53:45,4,0.0,733668.0,0.0004784688995216,0.0,4.779148184696112e-06,-0.0004784688995214,6.9462113291737015e-06,-0.000956937799043,1.4027864104877253e-05,-0.0014354066985644,1.0680525497782404e-05,-0.001913875598086,1.8725747421655452e-05,0.0009569377990432,3.3753943353046026e-06,0.0014354066985646,9.547461053669837e-06,0.0019138755980863,1.2363869190367676e-05,0.0023923444976077,1.2198243650039744e-05,0.0028708133971293,8.727846814383492e-06,2,2,2,2,2
1475,38,10:53:48,4,0.0,368148.0,0.0002392344497608,0.0,7.410582002990328e-06,-0.0004784688995214,7.023606441476473e-06,-0.000956937799043,1.569185901938683e-05,-0.0014354066985644,1.1260988840053187e-05,-0.001913875598086,1.8532259640898528e-05,0.0004784688995216,9.674389037846383e-08,0.0009569377990432,7.439605170103868e-07,0.0014354066985646,9.547461053669837e-06,0.0019138755980863,1.2363869190367676e-05,0.0023923444976077,1.2198243650039744e-05,2,2,2,2,2
1476,38,10:53:51,4,0.0004784688995216,401648.0,0.0011961722488038,0.0009569377990432,3.869755615138553e-06,0.0004784688995216,4.548897725595369e-05,0.0,9.442203700938067e-06,-0.0004784688995214,5.959423647313371e-06,-0.000956937799043,1.673669303547424e-05,0.0014354066985646,8.24045109465679e-06,0.0019138755980863,1.2363869190367676e-05,0.0023923444976077,1.2101499759661282e-05,0.0028708133971293,8.727846814383492e-06,0.0033492822966507,1.9735753637206617e-06,1,2,2,2,2
1477,38,10:53:54,4,0.0009569377990432,349471.0,0.0011961722488038,0.0009569377990432,7.739511230277106e-06,0.0004784688995216,4.862347930421591e-05,0.0,1.0274201158192858e-05,-0.0004784688995214,3.2892922728677695e-07,-0.000956937799043,1.6775390591625627e-05,0.0014354066985646,6.170131840557665e-06,0.0019138755980863,1.2363869190367676e-05,0.0023923444976077,1.2004755869282818e-05,0.0028708133971293,8.631102924005028e-06,0.0033492822966507,1.9735753637206617e-06,1,2,2,2,2
1478,38,10:53:57,4,0.0009569377990432,1579761.0,0.0011961722488038,0.0009569377990432,9.674389037846383e-08,0.0004784688995216,5.036486933102826e-05,0.0,8.436067241002044e-06,-0.0004784688995214,3.2892922728677695e-07,-0.000956937799043,2.631433818294216e-05,0.0014354066985646,1.4103324339372454e-06,0.0019138755980863,1.2363869190367676e-05,0.0023923444976077,1.2004755869282818e-05,0.0028708133971293,8.631102924005028e-06,0.0033492822966507,1.9735753637206617e-06,1,2,2,2,2
1479,38,10:54:00,4,0.0019138755980863,428884.0,0.0016746411483254,0.0014354066985646,7.373819324646512e-07,0.0009569377990432,4.159987286273944e-06,0.0004784688995216,5.29382568150954e-05,0.0,9.268064698256831e-06,-0.0004784688995214,8.900437914818671e-07,0.0019138755980863,1.04289913827984e-05,0.0023923444976077,1.2004755869282818e-05,0.0028708133971293,8.631102924005028e-06,0.0033492822966507,1.9735753637206617e-06,0.0038277511961724,9.86787681860331e-06,2,2,2,2,2
1480,38,10:54:03,4,0.0019138755980863,320249.0,0.0016746411483254,0.0014354066985646,9.674389037846383e-08,0.0009569377990432,5.729366675993384e-06,0.0004784688995216,5.303500070547386e-05,0.0,9.268064698256831e-06,-0.0004784688995214,8.900437914818671e-07,0.0019138755980863,9.17132080787837e-06,0.0023923444976077,1.2004755869282818e-05,0.0028708133971293,8.631102924005028e-06,0.0033492822966507,1.9735753637206617e-06,0.0038277511961724,9.86787681860331e-06,1,2,2,2,2
1481,38,10:54:06,4,0.0009569377990432,1119444.0,0.0011961722488038,0.0009569377990432,8.147770447674222e-07,0.0004784688995216,5.487313462266468e-05,0.0,9.46155247901376e-06,-0.0004784688995214,5.224170080437046e-07,-0.000956937799043,2.6952847859440017e-05,0.0014354066985646,9.480901257089452e-07,0.0019138755980863,8.997181805197135e-06,0.0023923444976077,1.181126808852589e-05,0.0028708133971293,8.631102924005028e-06,0.0033492822966507,1.9735753637206617e-06,2,2,2,2,2
1482,38,10:54:09,4,0.0019138755980863,1306466.0,0.0016746411483254,0.0014354066985646,1.8961802514178909e-06,0.0009569377990432,1.2791477185840483e-06,0.0004784688995216,5.537620285263269e-05,0.0,1.0525735273176862e-05,-0.0004784688995214,5.224170080437046e-07,0.0019138755980863,5.998121203464756e-07,0.0023923444976077,1.181126808852589e-05,0.0028708133971293,8.631102924005028e-06,0.0033492822966507,1.9735753637206617e-06,0.0038277511961724,9.46155247901376e-06,2,2,2,2,2
1483,38,10:54:12,4,0.0023923444976077,1818167.0,0.0016746411483254,0.0014354066985646,6.791421104568159e-06,0.0009569377990432,3.3107694165317886e-06,0.0004784688995216,4.953287187377348e-05,0.0,1.652385647664162e-05,-0.0004784688995214,5.224170080437046e-07,0.0019138755980863,6.655979658038312e-08,0.0028708133971293,8.631102924005028e-06,0.0033492822966507,1.9735753637206617e-06,0.0038277511961724,9.46155247901376e-06,0.0043062200956938,1.439897366836904e-05,2,2,2,2,2
1484,38,10:54:15,4,0.0028708133971293,321548.0,0.0023923444976079,0.0019138755980863,1.6941790083076583e-06,0.0014354066985646,1.1899498516551049e-05,0.0009569377990432,3.368815750758867e-06,0.0004784688995216,3.927801949365631e-05,0.0,1.8865058623800445e-05,0.0028708133971293,6.309249554921896e-06,0.0033492822966507,1.9735753637206617e-06,0.0038277511961724,9.46155247901376e-06,0.0043062200956938,1.439897366836904e-05,0.0047846889952154,0.0001229222066515,2,2,2,2,2
1485,38,10:54:18,4,0.0019138755980863,437692.0,0.0021531100478469,0.0019138755980863,1.7742829495410264e-05,0.0014354066985646,1.206512405687898e-05,0.0009569377990432,6.251783684037089e-06,0.0004784688995216,3.802034891873628e-05,0.0,1.5285534679797284e-05,0.0023923444976077,4.06324339589548e-07,0.0028708133971293,5.728786212651113e-06,0.0033492822966507,2.128365588326204e-06,0.0038277511961724,9.46155247901376e-06,0.0043062200956938,1.439897366836904e-05,2,2,2,2,2
1486,38,10:54:21,4,0.0023923444976077,301725.0,0.0026315789473683,0.0023923444976077,1.3640888543363398e-05,0.0019138755980863,2.033556575755309e-05,0.0014354066985646,1.20070777226519e-05,0.0009569377990432,6.851595804383564e-06,0.0004784688995216,3.803969769681197e-05,0.0028708133971293,4.819393643093553e-06,0.0033492822966507,2.128365588326204e-06,0.0038277511961724,9.46155247901376e-06,0.0043062200956938,1.5366412572153678e-05,0.0047846889952154,0.0001223610920873,2,2,2,2,2
1487,38,10:54:24,4,0.0023923444976077,312250.0,0.0026315789473683,0.0023923444976077,3.132567170454658e-05,0.0019138755980863,2.157388755439743e-05,0.0014354066985646,1.1136382709245726e-05,0.0009569377990432,6.851595804383564e-06,0.0004784688995216,3.747858313261688e-05,0.0028708133971293,3.155398728583976e-06,0.0033492822966507,2.128365588326204e-06,0.0038277511961724,9.46155247901376e-06,0.0043062200956938,1.5366412572153678e-05,0.0047846889952154,0.000122283696975,2,2,2,2,2
1488,38,10:54:27,4,0.0028708133971293,414970.0,0.0026315789473683,0.0023923444976077,3.480845175817128e-05,0.0019138755980863,2.430206526307011e-05,0.0014354066985646,1.1039638818867264e-05,0.0009569377990432,7.083781141291877e-06,0.0004784688995216,3.747858313261688e-05,0.0028708133971293,5.959423647313372e-08,0.0033492822966507,4.06324339589548e-06,0.0038277511961724,9.403506144786684e-06,0.0043062200956938,1.5463156462532144e-05,0.0047846889952154,0.0001216451872985,2,2,2,2,2
1489,38,10:54:30,4,0.0038277511961724,809517.0,0.0035885167464115,0.0033492822966507,2.3218533690831317e-07,0.0028708133971293,8.118747280560683e-07,0.0023923444976077,3.457626642126297e-05,0.0019138755980863,2.536624805723321e-05,0.0014354066985646,1.09428949284888e-05,0.0038277511961724,7.487977115293099e-06,0.0043062200956938,1.5463156462532144e-05,0.0047846889952154,0.0001216064897423,0.005263157894737,1.2363869190367676e-05,0.0057416267942584,1.85481256389206e-05,2,2,2,2,2
1490,38,10:54:33,4,0.0033492822966507,283159.0,0.0035885167464115,0.0033492822966507,5.224170080437046e-07,0.0028708133971293,1.5013877835614556e-05,0.0023923444976077,6.338659697596949e-05,0.0019138755980863,2.5695177284519988e-05,0.0014354066985646,1.0381780364293708e-05,0.0038277511961724,5.862679756934907e-06,0.0043062200956938,1.5598597909061992e-05,0.0047846889952154,0.0001215484434081,0.005263157894737,1.2363869190367676e-05,0.0057416267942584,1.85481256389206e-05,2,2,2,2,2
1491,38,10:54:36,4,0.0028708133971293,2878111.0,0.0033492822966507,0.0028708133971293,4.701753072393341e-06,0.0023923444976077,6.259252312374305e-05,0.0019138755980863,2.573387484067137e-05,0.0014354066985646,9.94527193090608e-06,0.0009569377990432,5.826110566371848e-06,0.0038277511961724,1.5672510241311135e-06,0.0043062200956938,1.85202633984916e-05,0.0047846889952154,0.000121258211737,0.005263157894737,1.2363869190367676e-05,0.0057416267942584,1.8896403644283068e-05,2,2,2,2,2
1492,38,10:54:39,4,0.0043062200956938,3156259.0,0.0040669856459329,0.0038277511961724,8.12648679179096e-07,0.0033492822966507,1.934877807569276e-08,0.0028708133971293,2.128365588326204e-07,0.0023923444976077,4.587517886634451e-05,0.0019138755980863,2.621759429256369e-05,0.0043062200956938,1.7804358609690965e-05,0.0047846889952154,0.0001188976608117,0.005263157894737,1.2363869190367676e-05,0.0057416267942584,1.8896403644283068e-05,0.0062200956937801,1.2092986297307976e-05,2,2,2,2,2
1493,38,10:54:42,4,0.0047846889952154,16937594.0,0.0050239234449762,0.0047846889952154,7.65795613068806e-05,0.0038277511961724,1.3737632433741862e-06,0.0033492822966507,5.804633422707829e-07,0.0023923444976077,3.029941251541184e-05,0.0019138755980863,2.621759429256369e-05,0.005263157894737,1.232517163421629e-05,0.0057416267942584,1.8896403644283068e-05,0.0062200956937801,1.1860800960399664e-05,0.0066985645933015,1.2786059527979293e-05,0.0071770334928231,3.730096134988202e-05,2,2,2,2,2
1494,38,10:54:45,4,0.005263157894737,4226128.0,0.0050239234449762,0.0047846889952154,6.783043083661384e-05,0.0043062200956938,1.9348778075692766e-07,0.0038277511961724,1.4898559118283427e-06,0.0033492822966507,6.965560107249394e-07,0.0023923444976077,3.029941251541184e-05,0.005263157894737,1.6833436925852705e-06,0.0057416267942584,1.8896403644283068e-05,0.0062200956937801,1.1860800960399664e-05,0.0066985645933015,1.2786059527979293e-05,0.0071770334928231,3.730096134988202e-05,2,2,2,2,2
1495,38,10:54:48,4,0.0047846889952154,1409352.0,0.0055023923444976,0.005263157894737,9.674389037846383e-08,0.0047846889952154,7.504752505884725e-05,0.0043062200956938,1.6059485802824992e-06,0.0038277511961724,2.149649244209466e-05,0.0033492822966507,9.867876818603309e-07,0.0057416267942584,1.8741613419677523e-05,0.0062200956937801,1.1860800960399664e-05,0.0066985645933015,1.2786059527979293e-05,0.0071770334928231,3.720421745950356e-05,0.0076555023923445,6.377163765967578e-06,2,2,2,2,2
1496,38,10:54:51,4,0.005263157894737,12826113.0,0.0064593301435407,0.0062200956937801,1.7413900268123485e-07,0.005263157894737,6.772072326492467e-07,0.0043062200956938,2.702443833832008e-06,0.0038277511961724,2.2231746008970985e-05,0.0033492822966507,1.7607388048880415e-06,0.0066985645933015,4.67156897859526e-06,0.0071770334928231,3.720421745950356e-05,0.0076555023923445,6.377163765967578e-06,0.0081339712918662,3.0841952252654262e-06,0.0086124401913876,1.536679954771519e-05,2,2,2,2,2
1497,38,10:54:54,4,0.0057416267942584,229217.0,0.0062200956937801,0.0057416267942584,1.4879210340207734e-05,0.005263157894737,3.289292272867769e-06,0.0047846889952154,2.128365588326204e-07,0.0043062200956938,2.818536502286165e-06,0.0038277511961724,2.4747087158811044e-05,0.0066985645933015,3.8008739651890863e-06,0.0071770334928231,3.720421745950356e-05,0.0076555023923445,6.377163765967578e-06,0.0081339712918662,3.0841952252654262e-06,0.0086124401913876,1.536679954771519e-05,2,2,2,2,2
1498,38,10:54:57,4,0.0057416267942584,471250.0,0.0062200956937801,0.0057416267942584,1.932942929761707e-05,0.005263157894737,3.985848283592709e-06,0.0047846889952154,2.51534114984006e-07,0.0043062200956938,2.8765828365132432e-06,0.0038277511961724,2.521145783262767e-05,0.0066985645933015,3.761402457914673e-07,0.0071770334928231,3.720421745950356e-05,0.0076555023923445,6.377163765967578e-06,0.0081339712918662,3.0841952252654262e-06,0.0086124401913876,1.536679954771519e-05,2,2,2,2,2
1499,38,10:55:00,4,0.0066985645933015,656531.0,0.0069377990430623,0.0066985645933015,1.1028803503144874e-06,0.0062200956937801,1.5788602909765294e-05,0.0057416267942584,2.079993643136972e-05,0.005263157894737,8.029742901412497e-06,0.0047846889952154,3.2892922728677695e-07,0.0071770334928231,3.3787997202459246e-05,0.0076555023923445,6.377163765967578e-06,0.0081339712918662,3.0841952252654262e-06,0.0086124401913876,1.536679954771519e-05,0.0090909090909092,6.354138720057504e-05,2,2,2,2,1
1500,38,10:55:03,4,0.0066985645933015,1974384.0,0.0069377990430623,0.0066985645933015,2.54049456133846e-05,0.0062200956937801,1.5788602909765294e-05,0.0057416267942584,2.228979234319806e-05,0.005263157894737,8.610206243683279e-06,0.0047846889952154,8.12648679179096e-07,0.0071770334928231,1.7747860177709942e-05,0.0076555023923445,4.442285958398301e-06,0.0081339712918662,3.0841952252654262e-06,0.0086124401913876,1.556028732847212e-05,0.0090909090909092,6.354138720057504e-05,2,2,2,2,2
1501,38,10:55:06,4,0.0076555023923445,2094950.0,0.0074162679425837,0.0071770334928231,4.232351716277035e-06,0.0066985645933015,2.681740641291017e-05,0.0062200956937801,1.6427112586263155e-05,0.0057416267942584,2.0761238875218332e-05,0.005263157894737,7.584721005671563e-06,0.0076555023923445,4.384239624171223e-06,0.0081339712918662,3.277683006022354e-06,0.0086124401913876,1.556028732847212e-05,0.0090909090909092,6.354138720057504e-05,0.0095693779904306,7.019930173642091e-05,2,2,2,2,1
1502,38,10:55:09,4,0.0081339712918662,1133102.0,0.0083732057416268,0.0081339712918662,2.8831614210589784e-06,0.0076555023923445,1.934877807569276e-08,0.0071770334928231,2.1936483655535917e-05,0.0066985645933015,2.9526235343507155e-05,0.0062200956937801,1.7259110043517943e-05,0.0086124401913876,1.577312388730474e-05,0.0090909090909092,6.354138720057504e-05,0.0095693779904306,7.000581395566398e-05,0.0100478468899523,5.32091397081551e-06,0.0105263157894737,9.016530583272828e-06,2,2,2,2,1
1503,38,10:55:12,4,0.0081339712918662,339347.0,0.0083732057416268,0.0081339712918662,2.089861519955575e-06,0.0076555023923445,3.9316717049807695e-05,0.0071770334928231,2.59803782733557e-05,0.0066985645933015,2.9661676790037007e-05,0.0062200956937801,1.694952959430686e-05,0.0086124401913876,1.3393224183994533e-05,0.0090909090909092,6.344464331019657e-05,0.0095693779904306,7.000581395566398e-05,0.0100478468899523,5.32091397081551e-06,0.0105263157894737,9.016530583272828e-06,2,2,2,1,1
1504,38,10:55:15,4,0.0086124401913876,503738.0,0.0083732057416268,0.0081339712918662,7.741446108084674e-07,0.0076555023923445,3.970369261132155e-05,0.0071770334928231,2.9734041220040097e-05,0.0066985645933015,3.066781324997303e-05,0.0062200956937801,1.6717344257398548e-05,0.0086124401913876,1.0297419691883689e-05,0.0090909090909092,6.321245797328826e-05,0.0095693779904306,6.988972128720983e-05,0.0100478468899523,5.32091397081551e-06,0.0105263157894737,8.745647690213128e-06,2,2,2,2,1
1505,38,10:55:18,4,0.0086124401913876,808449.0,0.0083732057416268,0.0081339712918662,1.3737632433741862e-06,0.0076555023923445,3.971181909811334e-05,0.0071770334928231,2.621256361026401e-05,0.0066985645933015,2.7920286763224657e-05,0.0062200956937801,1.6891483260079782e-05,0.0086124401913876,6.098734849458359e-06,0.0090909090909092,6.417989687707289e-05,0.0095693779904306,6.979297739683137e-05,0.0100478468899523,5.224170080437046e-06,0.0105263157894737,8.648903799834665e-06,2,2,2,2,1
1506,38,10:55:21,4,0.0086124401913876,875617.0,0.0088516746411484,0.0086124401913876,9.442203700938068e-07,0.0081339712918662,2.08579827655968e-06,0.0076555023923445,1.5092046899040356e-06,0.0071770334928231,1.8787663511497676e-05,0.0066985645933015,2.8790981776630832e-05,0.0090909090909092,6.412185054284582e-05,0.0095693779904306,6.925121161071196e-05,0.0100478468899523,5.262867636588431e-06,0.0105263157894737,8.648903799834665e-06,0.0110047846889951,2.675936007868309e-05,2,2,2,1,1
1507,38,10:55:24,4,0.0090909090909092,11010687.0,0.0093301435406698,0.0090909090909092,2.045165842600725e-05,0.0086124401913876,6.903644017407177e-06,0.0081339712918662,2.6662616188304625e-06,0.0076555023923445,1.1996242406929513e-06,0.0071770334928231,1.876831473342198e-05,0.0095693779904306,3.248853326689572e-05,0.0100478468899523,5.262867636588431e-06,0.0105263157894737,8.648903799834665e-06,0.0110047846889951,2.6836755190985866e-05,0.0114832535885167,2.3895740923480563e-05,2,1,2,1,0
1508,38,10:55:27,4,0.0090909090909092,907185.0,0.0093301435406698,0.0090909090909092,1.9639009746828158e-05,0.0086124401913876,1.6249103827966783e-05,0.0081339712918662,4.852673541383745e-06,0.0076555023923445,1.064182794163102e-06,0.0071770334928231,1.491790789635912e-05,0.0095693779904306,2.6335621838825415e-05,0.0100478468899523,4.8758920750745765e-06,0.0105263157894737,8.648903799834665e-06,0.0110047846889951,2.6836755190985866e-05,0.0114832535885167,2.3895740923480563e-05,2,2,2,1,0
1509,38,10:55:30,4,0.0090909090909092,2511957.0,0.0093301435406698,0.0090909090909092,9.480901257089452e-07,0.0086124401913876,2.919343636060524e-05,0.0081339712918662,7.48410735967796e-06,0.0076555023923445,9.093925695575598e-07,0.0071770334928231,1.3950468992574482e-05,0.0095693779904306,2.2678702782519488e-05,0.0100478468899523,4.8758920750745765e-06,0.0105263157894737,8.648903799834665e-06,0.0110047846889951,2.6836755190985866e-05,0.0114832535885167,2.3895740923480563e-05,2,2,2,1,0
1510,38,10:55:33,4,0.0095693779904306,2382721.0,0.0093301435406698,0.0090909090909092,9.261873089272612e-06,0.0086124401913876,3.426281621643674e-05,0.0081339712918662,7.348665913148111e-06,0.0076555023923445,9.287413476332526e-07,0.0071770334928231,1.0100062155511622e-05,0.0095693779904306,4.413456279065519e-06,0.0100478468899523,5.262867636588431e-06,0.0105263157894737,8.552159909456201e-06,0.0110047846889951,2.6836755190985866e-05,0.0114832535885167,2.3895740923480563e-05,2,2,2,1,1
1511,38,10:55:36,4,0.0105263157894737,1623431.0,0.0102870813397131,0.0100478468899523,1.133838395235596e-05,0.0095693779904306,1.3561558553253057e-05,0.0090909090909092,1.051954366419264e-05,0.0086124401913876,4.355022969276927e-05,0.0081339712918662,7.445409803526575e-06,0.0105263157894737,5.74658708848075e-06,0.0110047846889951,2.6933499081364324e-05,0.0114832535885167,2.3895740923480563e-05,0.0119617224880381,5.282274460998351e-05,0.0124401913875598,1.7201063709290868e-05,2,2,1,1,0
1512,38,10:55:39,4,0.0100478468899523,1860539.0,0.0105263157894737,0.0100478468899523,4.059373640280341e-06,0.0095693779904306,2.141716245198432e-05,0.0090909090909092,1.2570514140216072e-05,0.0086124401913876,3.730057437432051e-05,0.0081339712918662,6.8455976831801e-06,0.0110047846889951,2.6933499081364324e-05,0.0114832535885167,2.3702253142723635e-05,0.0119617224880381,5.282274460998351e-05,0.0124401913875598,1.681408814777701e-05,0.0129186602870814,1.338509769720274e-05,0,2,1,0,0
1513,38,10:55:42,4,0.0095693779904306,1017613.0,0.0100478468899523,0.0095693779904306,4.08781634405161e-05,0.0090909090909092,1.373144082475764e-05,0.0086124401913876,3.5443091679054e-05,0.0081339712918662,6.8455976831801e-06,0.0076555023923445,8.12648679179096e-07,0.0105263157894737,5.050031077755811e-06,0.0110047846889951,2.4766435936886737e-05,0.0114832535885167,2.376029947695071e-05,0.0119617224880381,5.293883727843767e-05,0.0124401913875598,1.681408814777701e-05,2,2,1,1,0
1514,38,10:55:45,4,0.0105263157894737,1169955.0,0.0102870813397131,0.0100478468899523,1.9348778075692766e-07,0.0095693779904306,5.629913956684324e-05,0.0090909090909092,1.4621484616239509e-05,0.0086124401913876,3.478523322448045e-05,0.0081339712918662,6.8455976831801e-06,0.0105263157894737,1.1222291283901802e-06,0.0110047846889951,2.670131374445601e-05,0.0114832535885167,2.366355558657225e-05,0.0119617224880381,5.293883727843767e-05,0.0124401913875598,1.681408814777701e-05,2,2,1,0,0
1515,38,10:55:48,4,0.0114832535885167,3614961.0,0.0112440191387559,0.0110047846889951,1.4898559118283427e-06,0.0105263157894737,2.6507825963699087e-06,0.0100478468899523,6.578584545735539e-07,0.0095693779904306,5.546714210958844e-05,0.0090909090909092,1.415711394242288e-05,0.0114832535885167,2.358616047426948e-05,0.0119617224880381,5.384822984799523e-05,0.0124401913875598,1.681408814777701e-05,0.0129186602870814,1.338509769720274e-05,0.0133971291866028,4.02595830054362e-05,2,1,0,0,0
1516,38,10:55:51,4,0.0110047846889951,2892787.0,0.0112440191387559,0.0110047846889951,9.674389037846383e-08,0.0105263157894737,3.869755615138552e-08,0.0100478468899523,2.9023167113539144e-07,0.0095693779904306,5.662806879413001e-05,0.0090909090909092,1.3557301822076405e-05,0.0114832535885167,1.1802754626172583e-05,0.0119617224880381,5.380953229184384e-05,0.0124401913875598,1.673669303547424e-05,0.0129186602870814,1.3772073258716594e-05,0.0133971291866028,4.02595830054362e-05,1,1,0,0,0
1517,38,10:55:54,4,0.0100478468899523,1763733.0,0.0098086124401914,0.0095693779904306,6.051717318734426e-05,0.0090909090909092,1.3402511597470864e-05,0.0086124401913876,3.290840175113825e-05,0.0081339712918662,6.981039129709949e-06,0.0076555023923445,8.12648679179096e-07,0.0100478468899523,4.082592173971173e-06,0.0105263157894737,2.3218533690831317e-07,0.0110047846889951,9.46348735682133e-07,0.0114832535885167,1.6639949145095775e-05,0.0119617224880381,5.3654742067238303e-05,2,2,1,0,0
1518,38,10:55:57,4,0.0119617224880381,10011304.0,0.0122009569377992,0.0119617224880381,1.2343939948949712e-05,0.0114832535885167,1.1435127842734423e-05,0.0110047846889951,9.674389037846383e-08,0.0105263157894737,9.269806088283646e-06,0.0100478468899523,1.1106198615447646e-05,0.0124401913875598,1.665929792317147e-05,0.0129186602870814,1.3830119592943672e-05,0.0133971291866028,4.02595830054362e-05,0.0138755980861244,7.69286132633661e-05,0.0143540669856458,0.0001066181522938,1,0,0,0,0
1519,38,10:56:00,4,0.0119617224880381,2064397.0,0.0122009569377992,0.0119617224880381,8.822462339173629e-06,0.0114832535885167,1.783957338578873e-05,0.0110047846889951,8.12648679179096e-07,0.0105263157894737,1.2249517911940332e-05,0.0100478468899523,1.267344963957876e-05,0.0124401913875598,1.3621539765287703e-05,0.0129186602870814,1.3830119592943672e-05,0.0133971291866028,4.045307078619313e-05,0.0138755980861244,7.683186937298763e-05,0.0143540669856458,0.0001065214084034,1,0,0,0,0
1520,38,10:56:03,4,0.0119617224880381,1688199.0,0.0122009569377992,0.0119617224880381,1.8762510099999277e-06,0.0114832535885167,1.975510241528231e-05,0.0110047846889951,1.2383217968443368e-06,0.0105263157894737,1.4784207839856083e-05,0.0100478468899523,2.809442576590589e-05,0.0124401913875598,3.408016375140221e-05,0.0129186602870814,1.3830119592943672e-05,0.0133971291866028,4.029828056158759e-05,0.0138755980861244,7.683186937298763e-05,0.0143540669856458,0.0001066181522938,1,0,0,0,0
1521,38,10:56:06,4,0.0124401913875598,1051155.0,0.0117224880382775,0.0114832535885167,2.927412076518088e-05,0.0110047846889951,1.1802754626172583e-05,0.0105263157894737,1.372002504569298e-05,0.0100478468899523,3.31444568436617e-05,0.0095693779904306,6.030433662851164e-05,0.0119617224880381,3.869755615138552e-08,0.0124401913875598,3.437039542253759e-05,0.0129186602870814,1.9305823788364725e-05,0.0133971291866028,4.070460490117714e-05,0.0138755980861244,7.683186937298763e-05,1,0,0,0,0
1522,38,10:56:09,4,0.0119617224880381,5850743.0,0.0117224880382775,0.0114832535885167,2.942891098978642e-05,0.0110047846889951,1.4085910439104332e-05,0.0105263157894737,1.3661978711465902e-05,0.0100478468899523,2.010338042064478e-05,0.0095693779904306,5.53317006630586e-05,0.0119617224880381,3.037758157883764e-06,0.0124401913875598,2.9023167113539144e-07,0.0129186602870814,1.0826415284473128e-05,0.0133971291866028,4.070460490117714e-05,0.0138755980861244,7.793474972330212e-05,1,0,0,0,0
1523,38,10:56:12,4,0.0124401913875598,4062709.0,0.0119617224880381,0.0114832535885167,1.7123088133645823e-05,0.0110047846889951,1.3640888543363398e-05,0.0105263157894737,1.372002504569298e-05,0.0100478468899523,2.0548402316385715e-05,0.0095693779904306,3.642794448310677e-05,0.0124401913875598,3.563657945981093e-06,0.0129186602870814,1.1310134736365448e-05,0.0133971291866028,4.070460490117714e-05,0.0138755980861244,7.793474972330212e-05,0.0143540669856458,0.0001047219720424,0,0,0,0,0
1524,38,10:56:15,4,0.0119617224880381,2916669.0,0.0117224880382775,0.0114832535885167,1.2131103390117092e-05,0.0110047846889951,1.646581014241454e-05,0.0105263157894737,1.2017332575032018e-05,0.0100478468899523,2.0548402316385715e-05,0.0095693779904306,3.613771281197137e-05,0.0119617224880381,1.0061364599360235e-06,0.0124401913875598,6.407928323107929e-06,0.0129186602870814,6.743823110501956e-06,0.0133971291866028,4.0511117120420206e-05,0.0138755980861244,7.801214483560489e-05,1,0,0,0,0
1525,38,10:56:18,4,0.0114832535885167,2190979.0,0.0117224880382775,0.0114832535885167,8.880508673400708e-06,0.0110047846889951,1.4588978669072343e-05,0.0105263157894737,1.2017332575032018e-05,0.0100478468899523,2.0200124311023243e-05,0.0095693779904306,3.6311851814652605e-05,0.0119617224880381,5.804633422707829e-07,0.0124401913875598,3.465017875351212e-05,0.0129186602870814,8.194981466178913e-06,0.0133971291866028,4.0511117120420206e-05,0.0138755980861244,7.801214483560489e-05,1,0,0,0,0
1526,38,10:56:21,4,0.0119617224880381,4167332.0,0.0117224880382775,0.0114832535885167,3.250014253374113e-06,0.0110047846889951,1.379567876796894e-05,0.0105263157894737,1.2249517911940332e-05,0.0100478468899523,2.018077553294755e-05,0.0095693779904306,3.741473216496709e-05,0.0119617224880381,1.01581084897387e-05,0.0124401913875598,1.2960198530660529e-05,0.0129186602870814,1.4734868455763066e-05,0.0133971291866028,4.089809268193406e-05,0.0138755980861244,7.801214483560489e-05,0,0,0,0,0
1527,38,10:56:24,4,0.0114832535885167,5292700.0,0.0112440191387559,0.0110047846889951,1.352479587490924e-05,0.0105263157894737,1.2249517911940332e-05,0.0100478468899523,2.0045334086417705e-05,0.0095693779904306,3.083614761923156e-05,0.0090909090909092,1.1661121570658514e-05,0.0114832535885167,9.558876832734496e-06,0.0119617224880381,5.769805622171582e-07,0.0124401913875598,5.417657861193974e-07,0.0129186602870814,1.6476258482575414e-05,0.0133971291866028,4.089809268193406e-05,1,0,0,0,0
1528,38,10:56:27,4,0.0114832535885167,3359370.0,0.0112440191387559,0.0110047846889951,1.1396430286583035e-05,0.0105263157894737,1.2152774021561868e-05,0.0100478468899523,1.990989263988785e-05,0.0095693779904306,3.0739403728853095e-05,0.0090909090909092,1.1661121570658514e-05,0.0114832535885167,1.954226585644969e-06,0.0119617224880381,1.3773427673181893e-05,0.0124401913875598,3.076455714035149e-06,0.0129186602870814,1.6553653594878186e-05,0.0133971291866028,4.1188324353069454e-05,1,0,0,0,0
1529,38,10:56:30,4,0.0114832535885167,3460483.0,0.0112440191387559,0.0110047846889951,2.0896680321748184e-06,0.0105263157894737,1.2056030131183404e-05,0.0100478468899523,2.0587099872537094e-05,0.0095693779904306,3.0739403728853095e-05,0.0090909090909092,1.1254797231068966e-05,0.0114832535885167,7.255791778384786e-06,0.0119617224880381,1.6869232165292735e-05,0.0124401913875598,9.210018364029755e-06,0.0129186602870814,1.6747141375635114e-05,0.0133971291866028,4.200097303224855e-05,0,0,0,0,0
1530,38,10:56:33,4,0.0114832535885167,3488680.0,0.0112440191387559,0.0110047846889951,2.128365588326204e-07,0.0105263157894737,1.1997983796956323e-05,0.0100478468899523,1.5904695578219452e-05,0.0095693779904306,3.422218378247779e-05,0.0090909090909092,1.1448285011825894e-05,0.0114832535885167,5.688540754253672e-06,0.0119617224880381,3.886202076502892e-06,0.0124401913875598,9.65504025977069e-06,0.0129186602870814,1.684388526601358e-05,0.0133971291866028,4.200097303224855e-05,0,0,0,0,0
1531,38,10:56:36,4,0.0114832535885167,1006044.0,0.0107655502392345,0.0105263157894737,1.134012534238277e-05,0.0100478468899523,1.5711207797462525e-05,0.0095693779904306,3.300321076370915e-05,0.0090909090909092,1.1448285011825894e-05,0.0086124401913876,6.284483118985009e-06,0.0110047846889951,2.46116457122812e-07,0.0114832535885167,1.04289913827984e-05,0.0119617224880381,6.343496892115872e-06,0.0124401913875598,1.0815966944312257e-05,0.0129186602870814,1.6979326712543427e-05,0,1,0,0,0
1532,38,10:56:39,4,0.0110047846889951,1963576.0,0.0107655502392345,0.0105263157894737,1.1881891128502168e-05,0.0100478468899523,1.3853725102196018e-05,0.0095693779904306,3.296451320755776e-05,0.0090909090909092,1.1448285011825894e-05,0.0086124401913876,6.284483118985009e-06,0.0110047846889951,1.0545084051252555e-05,0.0114832535885167,1.2300405198279404e-05,0.0119617224880381,7.368208179004561e-06,0.0124401913875598,1.1435127842734423e-05,0.0129186602870814,1.889485574203701e-05,1,0,0,0,1
1533,38,10:56:42,4,0.0129186602870814,8203923.0,0.0107655502392345,0.0105263157894737,5.109818802009702e-06,0.0100478468899523,1.3756981211817557e-05,0.0095693779904306,2.932694292932752e-05,0.0090909090909092,1.1448285011825894e-05,0.0086124401913876,5.998121203464756e-06,0.0110047846889951,5.030682299680119e-07,0.0129186602870814,1.9346262734542924e-05,0.0133971291866028,4.225250714723256e-05,0.0138755980861244,7.816693506021044e-05,0.0143540669856458,0.0001066181522938,1,0,0,0,0
1534,38,10:56:45,4,0.0100478468899523,3664559.0,0.0102870813397131,0.0100478468899523,4.200426232452142e-06,0.0095693779904306,2.932694292932752e-05,0.0090909090909092,1.1448285011825894e-05,0.0086124401913876,5.74658708848075e-06,0.0081339712918662,3.401515185706788e-06,0.0105263157894737,9.674389037846383e-08,0.0110047846889951,4.817845740847498e-06,0.0114832535885167,2.494444469518311e-05,0.0119617224880381,1.5865998022068066e-06,0.0124401913875598,6.385096764978611e-07,1,1,0,0,1
1535,38,10:56:48,4,0.0100478468899523,1083462.0,0.0098086124401914,0.0095693779904306,2.88432234774352e-05,0.0090909090909092,1.1448285011825894e-05,0.0086124401913876,5.74658708848075e-06,0.0081339712918662,3.5950029664637152e-06,0.0076555023923445,5.804633422707829e-07,0.0100478468899523,4.854801906972071e-06,0.0105263157894737,4.68046941651008e-05,0.0110047846889951,9.480901257089452e-07,0.0114832535885167,2.618276649202745e-05,0.0119617224880381,3.347338607094848e-06,1,1,1,0,0
1536,38,10:56:51,4,0.0105263157894737,819203.0,0.0100478468899523,0.0095693779904306,2.7701645570969327e-05,0.0090909090909092,1.1448285011825894e-05,0.0086124401913876,5.823982200783522e-06,0.0081339712918662,3.5950029664637152e-06,0.0076555023923445,5.804633422707829e-07,0.0105263157894737,4.535527719945065e-05,0.0110047846889951,1.17640570700212e-05,0.0114832535885167,2.8698107641867505e-05,0.0119617224880381,3.444082497473312e-06,0.0124401913875598,1.9155290294935838e-06,1,0,0,0,0
1537,38,10:56:54,4,0.0105263157894737,1480334.0,0.0102870813397131,0.0100478468899523,3.869755615138553e-07,0.0095693779904306,2.7024438338320083e-05,0.0090909090909092,1.1448285011825894e-05,0.0086124401913876,5.823982200783522e-06,0.0081339712918662,5.433136883654528e-06,0.0105263157894737,3.5738934495831346e-05,0.0110047846889951,1.253800819304891e-05,0.0114832535885167,2.87174564199432e-05,0.0119617224880381,3.579523944003161e-06,0.0124401913875598,1.9155290294935838e-06,1,0,0,0,0
1538,38,10:56:57,4,0.0100478468899523,537935.0,0.0102870813397131,0.0100478468899523,3.4827800536246973e-06,0.0095693779904306,2.553845218210688e-05,0.0090909090909092,1.1448285011825894e-05,0.0086124401913876,5.940074869237678e-06,0.0081339712918662,5.433136883654528e-06,0.0105263157894737,3.394336789040706e-05,0.0110047846889951,1.304107642301692e-05,0.0114832535885167,2.8930292978775815e-05,0.0119617224880381,7.2170942222334e-06,0.0124401913875598,2.418597259461595e-06,0,0,0,0,1
1539,38,10:57:00,4,0.0100478468899523,1376234.0,0.0098086124401914,0.0095693779904306,2.0836699109713532e-05,0.0090909090909092,1.1448285011825894e-05,0.0086124401913876,6.249655318448763e-06,0.0081339712918662,5.433136883654528e-06,0.0076555023923445,5.804633422707829e-07,0.0100478468899523,5.8046334227078287e-08,0.0105263157894737,3.318876554545504e-05,0.0110047846889951,1.2866937420335689e-05,0.0114832535885167,2.956880265527368e-05,0.0119617224880381,2.6836755190985866e-05,1,0,0,0,1
1540,38,10:57:03,4,0.0095693779904306,1348572.0,0.0098086124401914,0.0095693779904306,1.379374389016137e-05,0.0090909090909092,1.1448285011825894e-05,0.0086124401913876,5.649843198102287e-06,0.0081339712918662,5.433136883654528e-06,0.0076555023923445,5.804633422707829e-07,0.0100478468899523,3.540826387851776e-06,0.0105263157894737,3.3227463101606425e-05,0.0110047846889951,1.2866937420335689e-05,0.0114832535885167,2.962684898950076e-05,0.0119617224880381,3.1054788811486884e-05,1,1,1,0,1
1541,38,10:57:06,4,0.0110047846889951,6734353.0,0.0102870813397131,0.0095693779904306,5.10614253417532e-06,0.0090909090909092,1.1622424014507128e-05,0.0086124401913876,5.649843198102287e-06,0.0081339712918662,5.046161322140673e-06,0.0076555023923445,5.804633422707829e-07,0.0110047846889951,1.16342267691333e-05,0.0114832535885167,2.964619776757645e-05,0.0119617224880381,3.157720581953059e-05,0.0124401913875598,2.3218533690831315e-06,0.0129186602870814,2.1917328365240977e-05,0,0,0,1,0
1542,38,10:57:09,4,0.0095693779904306,1243568.0,0.0098086124401914,0.0095693779904306,5.0093986437968565e-06,0.0090909090909092,1.1467633789901588e-05,0.0086124401913876,5.649843198102287e-06,0.0081339712918662,5.046161322140673e-06,0.0076555023923445,5.804633422707829e-07,0.0100478468899523,6.481840655357075e-06,0.0110047846889951,1.1092460983013904e-05,0.0114832535885167,3.04882565894306e-05,0.0119617224880381,3.2351156942558297e-05,0.0124401913875598,2.37989970331021e-06,1,1,1,1,1
1543,38,10:57:12,4,0.0095693779904306,1128811.0,0.0093301435406698,0.0090909090909092,1.0614352676763536e-05,0.0086124401913876,5.514401751572438e-06,0.0081339712918662,4.852673541383745e-06,0.0076555023923445,5.804633422707829e-07,0.0071770334928231,4.488916513560721e-06,0.0095693779904306,1.1609266845415658e-06,0.0100478468899523,8.919786692894364e-06,0.0105263157894737,1.1609266845415657e-07,0.0110047846889951,1.1285948763770833e-05,0.0114832535885167,3.104937115362569e-05,1,1,1,1,1
1544,38,10:57:15,4,0.0095693779904306,1057346.0,0.0098086124401914,0.0095693779904306,1.547902246055421e-07,0.0090909090909092,1.057565512061215e-05,0.0086124401913876,5.514401751572438e-06,0.0081339712918662,4.392172623182257e-06,0.0076555023923445,5.804633422707829e-07,0.0100478468899523,4.810493205178735e-06,0.0105263157894737,5.030682299680119e-07,0.0110047846889951,1.2350131557933931e-05,0.0114832535885167,3.0991324819398614e-05,0.0119617224880381,3.326054951211586e-05,0,0,0,1,1
1545,38,10:57:18,4,0.0105263157894737,1086151.0,0.0102870813397131,0.0100478468899523,2.588866506527692e-07,0.0095693779904306,3.869755615138552e-08,0.0090909090909092,4.334126288955179e-06,0.0086124401913876,6.423794321129997e-06,0.0081339712918662,4.392172623182257e-06,0.0105263157894737,6.965560107249394e-07,0.0110047846889951,1.2504921782539476e-05,0.0114832535885167,2.0562333436600214e-05,0.0119617224880381,3.329924706826725e-05,0.0124401913875598,3.192548382489306e-06,0,0,0,1,0
1546,38,10:57:21,4,0.0095693779904306,659404.0,0.0093301435406698,0.0090909090909092,4.1019409520468654e-06,0.0086124401913876,6.520538211508461e-06,0.0081339712918662,4.392172623182257e-06,0.0076555023923445,6.191608984221684e-07,0.0071770334928231,4.488916513560721e-06,0.0095693779904306,8.397369684850658e-06,0.0100478468899523,6.311571408290979e-07,0.0110047846889951,1.267906078522071e-05,0.0114832535885167,2.0562333436600214e-05,0.0119617224880381,3.173199604413613e-05,1,0,1,1,0
1547,38,10:57:24,4,0.0095693779904306,1377711.0,0.0093301435406698,0.0090909090909092,1.799436361039427e-06,0.0086124401913876,6.578584545735539e-06,0.0081339712918662,4.392172623182257e-06,0.0076555023923445,5.611145641950901e-07,0.0071770334928231,4.527614069712106e-06,0.0095693779904306,7.739511230277106e-08,0.0100478468899523,1.2309692611755736e-06,0.0105263157894737,5.804633422707829e-07,0.0110047846889951,1.64520725099808e-05,0.0114832535885167,1.837592151404693e-05,1,0,0,1,0
1548,38,10:57:27,4,0.0095693779904306,1033826.0,0.0093301435406698,0.0090909090909092,1.547902246055421e-07,0.0086124401913876,6.597933323811232e-06,0.0081339712918662,4.392172623182257e-06,0.0076555023923445,6.578584545735539e-07,0.0071770334928231,1.4202003107558489e-05,0.0095693779904306,1.799436361039427e-05,0.0100478468899523,2.914312953760844e-06,0.0105263157894737,7.739511230277105e-07,0.0110047846889951,1.660686273458634e-05,0.0114832535885167,1.822113128944139e-05,1,1,0,1,0
1549,38,10:57:30,4,0.0095693779904306,489452.0,0.0088516746411484,0.0086124401913876,6.597933323811232e-06,0.0081339712918662,4.430870179333643e-06,0.0076555023923445,6.578584545735539e-07,0.0071770334928231,1.4298746997936952e-05,0.0066985645933015,5.282216414664124e-06,0.0090909090909092,2.302504591007439e-06,0.0095693779904306,1.9077895182633065e-05,0.0100478468899523,3.2045446248962355e-06,0.0105263157894737,1.780087582963734e-06,0.0110047846889951,1.6916443183797426e-05,1,0,1,1,0
1550,38,10:57:33,4,0.0095693779904306,1099133.0,0.0093301435406698,0.0090909090909092,1.547902246055421e-06,0.0086124401913876,7.546023449520177e-06,0.0081339712918662,4.430870179333643e-06,0.0076555023923445,6.249655318448763e-06,0.0071770334928231,1.4298746997936952e-05,0.0095693779904306,1.302172764494123e-05,0.0100478468899523,5.313561435146746e-06,0.0105263157894737,1.876831473342198e-06,0.0110047846889951,1.7671045528749442e-05,0.0114832535885167,1.7988945952533076e-05,1,1,1,1,0
1551,38,10:57:36,4,0.0095693779904306,4279053.0,0.0093301435406698,0.0090909090909092,5.378960305042588e-06,0.0086124401913876,7.546023449520177e-06,0.0081339712918662,4.430870179333643e-06,0.0076555023923445,6.249655318448763e-06,0.0071770334928231,1.4395490888315416e-05,0.0095693779904306,3.066781324997303e-05,0.0100478468899523,6.66797590044524e-06,0.0105263157894737,2.341202147158824e-06,0.0110047846889951,1.8116067424490376e-05,0.0114832535885167,1.8182433733290003e-05,0,0,0,1,0
1552,38,10:57:39,4,0.0090909090909092,875450.0,0.0093301435406698,0.0090909090909092,2.128365588326204e-06,0.0086124401913876,7.604069783747256e-06,0.0081339712918662,4.469567735485028e-06,0.0076555023923445,6.249655318448763e-06,0.0071770334928231,1.4395490888315416e-05,0.0095693779904306,2.9659935400010198e-05,0.0100478468899523,7.36453191117018e-06,0.0105263157894737,3.347338607094848e-06,0.0110047846889951,1.8444996651777155e-05,0.0114832535885167,1.8182433733290003e-05,0,1,1,1,0
1553,38,10:57:42,4,0.0095693779904306,1571221.0,0.0093301435406698,0.0090909090909092,1.934877807569276e-08,0.0086124401913876,4.334126288955179e-06,0.0081339712918662,4.469567735485028e-06,0.0076555023923445,6.249655318448763e-06,0.0071770334928231,1.4395490888315416e-05,0.0095693779904306,3.283313500442381e-05,0.0100478468899523,8.56415615186313e-06,0.0105263157894737,4.121289730122559e-06,0.0110047846889951,2.1792335258872e-05,0.0114832535885167,1.8182433733290003e-05,1,0,0,1,1
1554,38,10:57:45,4,0.0086124401913876,1008216.0,0.0088516746411484,0.0086124401913876,2.2444582567803605e-06,0.0081339712918662,4.430870179333643e-06,0.0076555023923445,6.249655318448763e-06,0.0071770334928231,1.4395490888315416e-05,0.0066985645933015,5.282216414664124e-06,0.0090909090909092,9.364808588635297e-06,0.0095693779904306,4.219794359305911e-05,0.0100478468899523,9.163968272209606e-06,0.0105263157894737,4.218033620501022e-06,0.0110047846889951,2.1670631444775893e-05,0,0,1,1,1
1555,38,10:57:48,4,0.0090909090909092,906858.0,0.0088516746411484,0.0086124401913876,2.03162169794774e-06,0.0081339712918662,4.430870179333643e-06,0.0076555023923445,7.604069783747256e-06,0.0071770334928231,1.4395490888315416e-05,0.0066985645933015,5.282216414664124e-06,0.0090909090909092,6.385096764978612e-06,0.0095693779904306,4.482937741135332e-05,0.0100478468899523,9.163968272209606e-06,0.0105263157894737,4.1019409520468654e-06,0.0110047846889951,2.0703192540991256e-05,1,1,1,1,0
1556,38,10:57:51,4,0.0086124401913876,3775591.0,0.0083732057416268,0.0081339712918662,3.540826387851776e-06,0.0076555023923445,7.604069783747256e-06,0.0071770334928231,1.4395490888315416e-05,0.0066985645933015,5.282216414664124e-06,0.0062200956937801,7.932999011034033e-07,0.0086124401913876,7.739511230277106e-08,0.0090909090909092,7.584721005671563e-06,0.0095693779904306,2.6022365121779957e-05,0.0100478468899523,9.163968272209606e-06,0.0105263157894737,4.1019409520468654e-06,1,1,1,1,0
1557,38,10:57:54,4,0.0081339712918662,792681.0,0.0086124401913876,0.0081339712918662,1.3737632433741862e-06,0.0076555023923445,7.604069783747256e-06,0.0071770334928231,1.4395490888315416e-05,0.0066985645933015,5.282216414664124e-06,0.0062200956937801,7.932999011034033e-07,0.0090909090909092,7.720162452201413e-06,0.0095693779904306,2.7144594250170132e-05,0.0100478468899523,9.202665828360992e-06,0.0105263157894737,4.1019409520468654e-06,0.0110047846889951,2.0703192540991256e-05,1,0,0,1,0
1558,38,10:57:57,4,0.0090909090909092,653441.0,0.0088516746411484,0.0086124401913876,2.3218533690831317e-07,0.0076555023923445,7.604069783747256e-06,0.0071770334928231,1.4395490888315416e-05,0.0066985645933015,5.282216414664124e-06,0.0062200956937801,7.932999011034033e-07,0.0090909090909092,2.112093265964546e-05,0.0095693779904306,2.7434825921305525e-05,0.0100478468899523,9.241363384512376e-06,0.0105263157894737,4.140638508198252e-06,0.0110047846889951,2.0703192540991256e-05,1,0,1,1,0
1559,38,10:58:00,4,0.0081339712918662,912325.0,0.0078947368421051,0.0076555023923445,3.540826387851776e-06,0.0071770334928231,1.4395490888315416e-05,0.0066985645933015,5.282216414664124e-06,0.0062200956937801,7.932999011034033e-07,0.0057416267942584,1.0448340160874092e-06,0.0081339712918662,1.2963681310714152e-06,0.0086124401913876,3.676267834381625e-07,0.0090909090909092,2.8067143988819163e-05,0.0095693779904306,2.7783103926668e-05,0.0100478468899523,8.989829269528372e-06,1,1,1,1,1
1560,38,10:58:03,4,0.0086124401913876,2952193.0,0.0088516746411484,0.0086124401913876,3.15385082633792e-06,0.0081339712918662,1.2576705749200296e-06,0.0076555023923445,4.508265291636414e-06,0.0071770334928231,1.4511583556769573e-05,0.0066985645933015,5.282216414664124e-06,0.0090909090909092,8.892504915807638e-06,0.0095693779904306,3.1768952210260705e-05,0.0100478468899523,8.293273258803431e-06,0.0105263157894737,3.753662946684396e-06,0.0110047846889951,2.072254131906695e-05,1,1,1,1,0
1561,38,10:58:06,4,0.0086124401913876,750591.0,0.0083732057416268,0.0081339712918662,2.6507825963699087e-06,0.0076555023923445,4.508265291636414e-06,0.0071770334928231,1.4511583556769573e-05,0.0066985645933015,5.282216414664124e-06,0.0062200956937801,7.932999011034033e-07,0.0086124401913876,4.643706738166263e-07,0.0090909090909092,9.127399081646548e-06,0.0095693779904306,3.194309121294194e-05,0.0100478468899523,7.538670913851414e-06,0.0105263157894737,3.6956166124573177e-06,1,1,1,1,1
1562,38,10:58:09,4,0.0086124401913876,644937.0,0.0088516746411484,0.0086124401913876,1.0835315722387947e-06,0.0081339712918662,8.12648679179096e-07,0.0076555023923445,4.701753072393341e-06,0.0071770334928231,1.4511583556769573e-05,0.0066985645933015,5.282216414664124e-06,0.0090909090909092,8.817818632435463e-06,0.0095693779904306,3.186569610063917e-05,0.0100478468899523,7.538670913851414e-06,0.0105263157894737,3.889104393214245e-06,0.0110047846889951,2.0683843762915563e-05,0,1,1,1,0
1563,38,10:58:12,4,0.0086124401913876,813490.0,0.0083732057416268,0.0081339712918662,4.4502189574093364e-07,0.0076555023923445,4.430870179333643e-06,0.0071770334928231,1.4511583556769573e-05,0.0066985645933015,5.282216414664124e-06,0.0062200956937801,7.932999011034033e-07,0.0086124401913876,1.1802754626172586e-06,0.0090909090909092,1.1991018236849076e-05,0.0095693779904306,3.196243999101763e-05,0.0100478468899523,7.538670913851414e-06,0.0105263157894737,3.889104393214245e-06,0,1,1,1,0
1564,38,10:58:15,4,0.0076555023923445,1304018.0,0.0078947368421051,0.0076555023923445,7.159047888006322e-07,0.0071770334928231,1.5246837123645898e-05,0.0066985645933015,5.727238310405057e-06,0.0062200956937801,7.932999011034033e-07,0.0057416267942584,1.0448340160874092e-06,0.0081339712918662,1.934877807569276e-08,0.0090909090909092,1.1302201737354413e-05,0.0095693779904306,3.196243999101763e-05,0.0100478468899523,7.538670913851414e-06,0.0105263157894737,3.947150727441323e-06,1,1,2,1,0
1565,38,10:58:18,4,0.0090909090909092,1594153.0,0.0086124401913876,0.0081339712918662,1.7026924706609631e-06,0.0076555023923445,7.159047888006322e-07,0.0071770334928231,1.5246837123645898e-05,0.0066985645933015,5.727238310405057e-06,0.0062200956937801,7.932999011034033e-07,0.0090909090909092,7.377689080261651e-07,0.0095693779904306,3.1981788769093326e-05,0.0100478468899523,6.493836897764005e-06,0.0105263157894737,4.140638508198252e-06,0.0110047846889951,2.049035598215864e-05,1,1,2,1,0
1566,38,10:58:21,4,0.0086124401913876,2801123.0,0.0088516746411484,0.0086124401913876,2.3218533690831317e-07,0.0076555023923445,7.159047888006322e-07,0.0071770334928231,1.526618590172159e-05,0.0066985645933015,5.727238310405057e-06,0.0062200956937801,1.1802754626172586e-06,0.0090909090909092,4.256731176652408e-07,0.0095693779904306,1.4493008729816906e-05,0.0100478468899523,6.513185675839698e-06,0.0105263157894737,4.140638508198252e-06,0.0110047846889951,2.049035598215864e-05,0,0,2,1,0
1567,38,10:58:24,4,0.0076555023923445,2159698.0,0.0074162679425837,0.0071770334928231,1.0467688938949783e-05,0.0066985645933015,5.727238310405057e-06,0.0062200956937801,1.1802754626172586e-06,0.0057416267942584,1.0448340160874092e-06,0.005263157894737,5.998121203464756e-06,0.0076555023923445,1.722041248736656e-06,0.0081339712918662,1.9348778075692766e-07,0.0090909090909092,5.572448085799515e-06,0.0095693779904306,1.47832404009523e-05,0.0100478468899523,6.513185675839698e-06,2,1,2,1,0
1568,38,10:58:27,4,0.0076555023923445,1654373.0,0.0074162679425837,0.0071770334928231,9.983969487057465e-06,0.0066985645933015,5.727238310405057e-06,0.0062200956937801,1.1802754626172586e-06,0.0057416267942584,3.2892922728677695e-07,0.005263157894737,5.998121203464756e-06,0.0076555023923445,1.3737632433741862e-06,0.0086124401913876,1.1164244949674724e-05,0.0090909090909092,6.539886989584154e-06,0.0095693779904306,1.515086718439046e-05,0.0100478468899523,6.2810003389313846e-06,1,2,2,1,0
1569,38,10:58:30,4,0.0076555023923445,982135.0,0.0078947368421051,0.0076555023923445,9.287413476332526e-07,0.0071770334928231,9.983969487057465e-06,0.0066985645933015,5.727238310405057e-06,0.0062200956937801,1.1802754626172586e-06,0.0057416267942584,3.2892922728677695e-07,0.0081339712918662,5.804633422707829e-07,0.0086124401913876,2.120626077095927e-05,0.0090909090909092,7.758860008352799e-06,0.0095693779904306,1.5189564740541848e-05,0.0100478468899523,6.164907670477228e-06,1,1,1,1,0
1570,38,10:58:33,4,0.0081339712918662,1060240.0,0.0083732057416268,0.0081339712918662,6.578584545735539e-07,0.0076555023923445,9.287413476332526e-07,0.0071770334928231,1.0003318265133158e-05,0.0066985645933015,5.727238310405057e-06,0.0062200956937801,1.1802754626172586e-06,0.0086124401913876,1.4376142110239725e-05,0.0090909090909092,8.010394123336804e-06,0.0095693779904306,1.5189564740541848e-05,0.0100478468899523,6.164907670477228e-06,0.0105263157894737,4.469567735485028e-06,1,1,1,0,0
1571,38,10:58:36,4,0.0081339712918662,478187.0,0.0081339712918662,0.0076555023923445,1.2654100861503068e-05,0.0071770334928231,9.983969487057465e-06,0.0066985645933015,5.727238310405057e-06,0.0062200956937801,1.1802754626172586e-06,0.0057416267942584,3.2892922728677695e-07,0.0086124401913876,1.456962989099665e-05,0.0090909090909092,8.552159909456201e-06,0.0095693779904306,1.5170215962466154e-05,0.0100478468899523,6.164907670477228e-06,0.0105263157894737,4.469567735485028e-06,1,2,2,1,0
1572,38,10:58:39,4,0.0081339712918662,712026.0,0.0083732057416268,0.0081339712918662,2.7862240428997576e-06,0.0076555023923445,1.0525735273176862e-05,0.0071770334928231,1.1783405848096892e-05,0.0066985645933015,5.727238310405057e-06,0.0062200956937801,1.1802754626172586e-06,0.0086124401913876,1.3776329989893248e-05,0.0090909090909092,8.726298912137435e-06,0.0095693779904306,1.5305657408996002e-05,0.0100478468899523,5.913373555493222e-06,0.0105263157894737,4.469567735485028e-06,0,2,2,1,0
1573,38,10:58:42,4,0.0076555023923445,1751295.0,0.0078947368421051,0.0076555023923445,1.0564432829328249e-05,0.0071770334928231,1.2363869190367676e-05,0.0066985645933015,5.727238310405057e-06,0.0062200956937801,1.1802754626172586e-06,0.0057416267942584,3.2892922728677695e-07,0.0081339712918662,2.708828930596987e-07,0.0086124401913876,5.9013773130862925e-06,0.0090909090909092,9.055228139424213e-06,0.0095693779904306,1.520891351861754e-05,0.0100478468899523,4.28807619713503e-06,2,2,1,1,0
1574,38,10:58:45,4,0.0076555023923445,293034.0,0.0078947368421051,0.0076555023923445,1.0659822305241414e-05,0.0071770334928231,1.2305822856140596e-05,0.0066985645933015,5.727238310405057e-06,0.0062200956937801,1.1802754626172586e-06,0.0057416267942584,3.2892922728677695e-07,0.0081339712918662,1.2344520412291982e-05,0.0086124401913876,6.2109577622973765e-06,0.0090909090909092,8.242579460245117e-06,0.0095693779904306,1.520891351861754e-05,0.0100478468899523,4.28807619713503e-06,1,2,2,1,0
1575,38,10:58:48,4,0.0086124401913876,3508008.0,0.0083732057416268,0.0081339712918662,2.9023167113539144e-07,0.0076555023923445,1.6045941658172008e-06,0.0071770334928231,1.2402566746519062e-05,0.0066985645933015,5.727238310405057e-06,0.0062200956937801,1.1802754626172586e-06,0.0086124401913876,5.611145641950901e-07,0.0090909090909092,8.668252577910358e-06,0.0095693779904306,1.5460447633601546e-05,0.0100478468899523,4.28807619713503e-06,0.0105263157894737,4.488916513560721e-06,1,2,1,0,0
1576,38,10:58:51,4,0.0081339712918662,861479.0,0.0076555023923445,0.0071770334928231,1.3099122757244e-05,0.0066985645933015,5.727238310405057e-06,0.0062200956937801,1.1802754626172586e-06,0.0057416267942584,3.2892922728677695e-07,0.005263157894737,6.017469981540449e-06,0.0081339712918662,3.289292272867769e-06,0.0086124401913876,2.141909732979189e-07,0.0090909090909092,8.668252577910358e-06,0.0095693779904306,1.5673284192434167e-05,0.0100478468899523,4.28807619713503e-06,2,2,1,1,0
1577,38,10:58:54,4,0.0076555023923445,2408920.0,0.0074162679425837,0.0071770334928231,1.120294250582611e-05,0.0066985645933015,5.727238310405057e-06,0.0062200956937801,1.1802754626172586e-06,0.0057416267942584,5.224170080437046e-07,0.005263157894737,5.649843198102287e-06,0.0076555023923445,9.674389037846383e-08,0.0081339712918662,3.095804492110842e-07,0.0086124401913876,1.7413900268123485e-07,0.0095693779904306,1.5248965489234225e-05,0.0100478468899523,4.3461225313621086e-06,2,2,2,1,0
1578,38,10:58:57,4,0.0086124401913876,379318.0,0.0090909090909092,0.0086124401913876,7.932999011034033e-07,0.0081339712918662,2.708828930596987e-07,0.0076555023923445,2.8636191552025287e-06,0.0071770334928231,1.120294250582611e-05,0.0066985645933015,5.727238310405057e-06,0.0095693779904306,1.544245326999115e-05,0.0100478468899523,4.3461225313621086e-06,0.0105263157894737,4.488916513560721e-06,0.0110047846889951,1.848679001242065e-05,0.0114832535885167,1.870485074133371e-05,1,1,1,0,0
1579,38,10:59:00,4,0.0071770334928231,1238543.0,0.0078947368421051,0.0076555023923445,1.547902246055421e-07,0.0071770334928231,5.2396491028976e-06,0.0066985645933015,5.727238310405057e-06,0.0062200956937801,1.1802754626172586e-06,0.0057416267942584,5.417657861193974e-07,0.0081339712918662,1.8574826952665047e-06,0.0086124401913876,3.2892922728677695e-07,0.0095693779904306,1.2907763342075398e-05,0.0100478468899523,6.2810003389313846e-06,0.0105263157894737,4.682404294317648e-06,2,2,1,1,0
1580,38,10:59:03,4,0.0081339712918662,626109.0,0.0083732057416268,0.0081339712918662,1.9580963412601075e-05,0.0076555023923445,1.1257312572218806e-05,0.0071770334928231,5.2396491028976e-06,0.0066985645933015,5.8820285350106e-06,0.0062200956937801,1.1802754626172586e-06,0.0086124401913876,7.938803644456741e-07,0.0090909090909092,2.3218533690831315e-06,0.0095693779904306,1.312059990090802e-05,0.0100478468899523,6.493836897764005e-06,0.0105263157894737,4.682404294317648e-06,2,2,1,1,0
1581,38,10:59:06,4,0.0090909090909092,826788.0,0.0093301435406698,0.0090909090909092,3.191967919147035e-06,0.0086124401913876,2.37989970331021e-06,0.0081339712918662,2.074189009714264e-05,0.0076555023923445,1.5320555968114285e-05,0.0071770334928231,5.2396491028976e-06,0.0095693779904306,1.2365997555956e-05,0.0100478468899523,6.2810003389313846e-06,0.0105263157894737,4.682404294317648e-06,0.0110047846889951,1.848679001242065e-05,0.0114832535885167,1.870485074133371e-05,2,1,1,0,0
1582,38,10:59:09,4,0.0086124401913876,832976.0,0.0090909090909092,0.0086124401913876,1.3544144652984934e-07,0.0081339712918662,2.261872157048484e-05,0.0076555023923445,2.6117174134350847e-05,0.0071770334928231,5.452485661730221e-06,0.0066985645933015,5.8820285350106e-06,0.0095693779904306,1.0470397767880382e-05,0.0100478468899523,6.2810003389313846e-06,0.0105263157894737,4.1019409520468654e-06,0.0110047846889951,9.044586311482582e-06,0.0114832535885167,1.870485074133371e-05,1,2,1,0,0
1583,38,10:59:12,4,0.0086124401913876,3052627.0,0.0088516746411484,0.0086124401913876,1.1686661957718428e-05,0.0081339712918662,2.1999560672062672e-05,0.0076555023923445,2.7142659372362563e-05,0.0071770334928231,9.186799830338924e-06,0.0066985645933015,5.8820285350106e-06,0.0090909090909092,1.9348778075692766e-07,0.0095693779904306,9.674389037846383e-08,0.0105263157894737,4.619714253352404e-06,0.0110047846889951,9.044586311482582e-06,0.0114832535885167,1.870485074133371e-05,1,1,1,0,0
1584,38,10:59:15,4,0.0090909090909092,2541572.0,0.0100478468899523,0.0095693779904306,1.8381339171908123e-06,0.0090909090909092,7.35253566876325e-07,0.0086124401913876,1.4840512784056348e-05,0.0081339712918662,2.4340762819221496e-05,0.0076555023923445,2.73167983750438e-05,0.0105263157894737,4.1359948014600845e-06,0.0110047846889951,9.044586311482582e-06,0.0114832535885167,1.870485074133371e-05,0.0119617224880381,3.9548902386716005e-05,0.0124401913875598,3.687877101227041e-06,0,1,0,0,0
1585,38,10:59:18,4,0.0095693779904306,178523.0,0.0100478468899523,0.0095693779904306,1.1558960022418856e-05,0.0090909090909092,2.766875264824065e-06,0.0086124401913876,1.6910832038155475e-05,0.0081339712918662,2.4050531148086104e-05,0.0076555023923445,2.8477725059585365e-05,0.0105263157894737,2.6074413334803568e-06,0.0110047846889951,9.044586311482582e-06,0.0114832535885167,1.870485074133371e-05,0.0119617224880381,3.9548902386716005e-05,0.0124401913875598,3.784620991605504e-06,0,0,1,0,0
1586,38,10:59:21,4,0.0095693779904306,922075.0,0.0100478468899523,0.0095693779904306,6.160650939300576e-06,0.0090909090909092,4.392172623182257e-06,0.0086124401913876,1.9232685407238606e-05,0.0081339712918662,2.424401892884303e-05,0.0076555023923445,2.940646640721862e-05,0.0105263157894737,2.665487667707435e-06,0.0110047846889951,8.967191199179811e-06,0.0114832535885167,1.870485074133371e-05,0.0119617224880381,3.9548902386716005e-05,0.0124401913875598,3.784620991605504e-06,1,0,0,0,0
1587,38,10:59:24,4,0.0095693779904306,2349711.0,0.0090909090909092,0.0086124401913876,1.6163969204433734e-05,0.0081339712918662,2.424401892884303e-05,0.0076555023923445,2.9696698078354008e-05,0.0071770334928231,1.0541214295637418e-05,0.0066985645933015,5.301565192739817e-06,0.0095693779904306,1.7007575928533937e-05,0.0105263157894737,1.2320527927478123e-05,0.0110047846889951,8.967191199179811e-06,0.0114832535885167,1.870485074133371e-05,0.0119617224880381,3.962629749901878e-05,2,1,0,0,0
1588,38,10:59:27,4,0.0086124401913876,1187219.0,0.0090909090909092,0.0086124401913876,1.1500913688191778e-05,0.0081339712918662,2.4050531148086104e-05,0.0076555023923445,2.977409319065678e-05,0.0071770334928231,1.0541214295637418e-05,0.0066985645933015,5.301565192739817e-06,0.0095693779904306,2.101277299020234e-05,0.0100478468899523,4.837194518923191e-07,0.0105263157894737,1.4294103291198786e-05,0.0110047846889951,9.10263264570966e-06,0.0114832535885167,1.8762897075560785e-05,1,1,0,0,0
1589,38,10:59:30,4,0.0086124401913876,1271842.0,0.0088516746411484,0.0086124401913876,8.772735979519099e-06,0.0081339712918662,2.395378725770764e-05,0.0076555023923445,3.0025627305640787e-05,0.0071770334928231,1.0541214295637418e-05,0.0066985645933015,5.301565192739817e-06,0.0090909090909092,2.418597259461595e-06,0.0095693779904306,1.751064415850195e-05,0.0100478468899523,6.772072326492467e-07,0.0105263157894737,1.439084718157725e-05,0.0110047846889951,8.909144864952733e-06,2,1,0,0,0
1590,38,10:59:33,4,0.0095693779904306,3990359.0,0.0090909090909092,0.0086124401913876,3.241307303240052e-06,0.0081339712918662,2.3624858030420863e-05,0.0076555023923445,2.640740580548624e-05,0.0071770334928231,1.0541214295637418e-05,0.0066985645933015,5.301565192739817e-06,0.0095693779904306,3.7149653905330095e-06,0.0100478468899523,7.35253566876325e-07,0.0105263157894737,1.748665167368809e-05,0.0110047846889951,9.10263264570966e-06,0.0114832535885167,1.880159463171217e-05,0,1,0,0,0
1591,38,10:59:36,4,0.0081339712918662,5228149.0,0.0095693779904306,0.0086124401913876,7.739511230277106e-08,0.0081339712918662,1.5168087596877829e-05,0.0076555023923445,2.427904021716004e-05,0.0071770334928231,9.825309506836786e-06,0.0066985645933015,5.301565192739817e-06,0.0105263157894737,9.031235654610352e-06,0.0110047846889951,8.928493643028425e-06,0.0114832535885167,1.907247752477187e-05,0.0119617224880381,4.0187412063213866e-05,0.0124401913875598,4.074852662740896e-06,0,0,0,0,0
1592,38,10:59:39,4,0.0095693779904306,560963.0,0.0100478468899523,0.0095693779904306,2.708828930596987e-07,0.0086124401913876,6.191608984221684e-07,0.0081339712918662,1.5148738818802135e-05,0.0076555023923445,1.6272322361657614e-05,0.0071770334928231,9.883355841063863e-06,0.0105263157894737,8.876445430004812e-06,0.0110047846889951,8.928493643028425e-06,0.0114832535885167,1.913052385899895e-05,0.0119617224880381,4.0187412063213866e-05,0.0124401913875598,4.074852662740896e-06,0,0,0,0,0
1593,38,10:59:42,4,0.0090909090909092,744740.0,0.0088516746411484,0.0086124401913876,4.508265291636414e-06,0.0081339712918662,1.4800460813439664e-05,0.0076555023923445,1.6272322361657614e-05,0.0071770334928231,9.883355841063863e-06,0.0066985645933015,5.301565192739817e-06,0.0090909090909092,6.44314309920569e-06,0.0095693779904306,1.0254852380117164e-06,0.0100478468899523,3.115153270186535e-06,0.0105263157894737,1.2881642491673214e-05,0.0110047846889951,8.928493643028425e-06,1,1,1,0,0
1594,38,10:59:45,4,0.0095693779904306,2330139.0,0.0098086124401914,0.0095693779904306,1.3698934877590476e-05,0.0086124401913876,1.9348778075692766e-07,0.0081339712918662,1.187879532401006e-05,0.0076555023923445,1.6311019917809e-05,0.0071770334928231,1.0270331402577718e-05,0.0100478468899523,3.3086410509434626e-06,0.0105263157894737,1.2900991269748909e-05,0.0110047846889951,1.8989858242388664e-05,0.0114832535885167,2.102670411041684e-05,0.0119617224880381,4.0187412063213866e-05,0,0,0,0,0
1595,38,10:59:48,4,0.0090909090909092,2275813.0,0.0083732057416268,0.0081339712918662,6.9061593585570176e-06,0.0076555023923445,1.6311019917809e-05,0.0071770334928231,1.0386424071031876e-05,0.0066985645933015,5.301565192739817e-06,0.0062200956937801,1.3737632433741862e-06,0.0086124401913876,8.958484249045749e-06,0.0090909090909092,9.674389037846383e-08,0.0095693779904306,1.253800819304891e-05,0.0100478468899523,2.708828930596986e-06,0.0105263157894737,1.3674942392776616e-05,2,2,0,0,0
1596,38,10:59:51,4,0.0086124401913876,1150909.0,0.0083732057416268,0.0081339712918662,5.80327900824253e-06,0.0076555023923445,1.6311019917809e-05,0.0071770334928231,1.0386424071031876e-05,0.0066985645933015,5.301565192739817e-06,0.0062200956937801,1.3737632433741862e-06,0.0086124401913876,1.7413900268123485e-07,0.0090909090909092,9.674389037846383e-08,0.0095693779904306,1.3834376324120324e-05,0.0100478468899523,5.727238310405057e-06,0.0105263157894737,1.3868430173533544e-05,1,1,0,0,0
1597,38,10:59:54,4,0.0095693779904306,3215431.0,0.0090909090909092,0.0086124401913876,1.934877807569276e-08,0.0076555023923445,1.609818335897638e-05,0.0071770334928231,1.0386424071031876e-05,0.0066985645933015,5.301565192739817e-06,0.0062200956937801,1.3737632433741862e-06,0.0095693779904306,1.1072725229376697e-05,0.0100478468899523,5.340262748891203e-06,0.0105263157894737,8.102494306977101e-06,0.0110047846889951,2.3014404082132755e-05,0.0114832535885167,2.1703911343066085e-05,1,0,0,0,0
1598,38,10:59:57,4,0.0095693779904306,579632.0,0.0093301435406698,0.0090909090909092,1.9348778075692766e-07,0.0086124401913876,4.473437491100167e-06,0.0081339712918662,3.0629115693821644e-05,0.0076555023923445,1.5440324904402825e-05,0.0071770334928231,1.0386424071031876e-05,0.0095693779904306,2.1056694716434163e-05,0.0100478468899523,9.790481706300536e-06,0.0105263157894737,8.102494306977101e-06,0.0110047846889951,2.3014404082132755e-05,0.0114832535885167,2.1703911343066085e-05,1,0,0,0,0
1599,38,11:00:00,4,0.0090909090909092,442793.0,0.0088516746411484,0.0086124401913876,3.699486368072456e-06,0.0081339712918662,3.117088147994104e-05,0.0076555023923445,1.534358101402436e-05,0.0071770334928231,1.0386424071031876e-05,0.0066985645933015,5.301565192739817e-06,0.0090909090909092,8.12648679179096e-07,0.0095693779904306,2.2314365291354192e-05,0.0100478468899523,8.590857465607587e-06,0.0105263157894737,8.141191863128487e-06,0.0110047846889951,2.3033752860208448e-05,1,0,0,0,0
1600,38,11:00:03,4,0.0086124401913876,4082356.0,0.0093301435406698,0.0090909090909092,2.0896680321748184e-06,0.0086124401913876,5.611145641950901e-07,0.0081339712918662,1.9449391721686365e-05,0.0076555023923445,1.4240700663709871e-05,0.0071770334928231,1.0386424071031876e-05,0.0095693779904306,1.2388442138523803e-05,0.0100478468899523,8.842391580591592e-06,0.0105263157894737,8.779701539626348e-06,0.0110047846889951,2.3033752860208448e-05,0.0114832535885167,2.1781306455368857e-05,1,0,0,0,0
1601,38,11:00:06,4,0.0090909090909092,2035882.0,0.0088516746411484,0.0086124401913876,2.109016810250511e-06,0.0081339712918662,1.954613561206483e-05,0.0076555023923445,1.4240700663709871e-05,0.0071770334928231,1.0386424071031876e-05,0.0066985645933015,5.301565192739817e-06,0.0090909090909092,5.804633422707829e-07,0.0095693779904306,5.055255247836248e-06,0.0100478468899523,8.842391580591592e-06,0.0105263157894737,8.779701539626348e-06,0.0110047846889951,2.3033752860208448e-05,0,0,0,0,0
1602,38,11:00:09,4,0.0090909090909092,1216909.0,0.0093301435406698,0.0090909090909092,3.444082497473312e-06,0.0086124401913876,3.4827800536246973e-06,0.0081339712918662,1.954613561206483e-05,0.0076555023923445,1.4240700663709871e-05,0.0071770334928231,1.0541214295637418e-05,0.0095693779904306,2.5893889235357357e-05,0.0100478468899523,8.648903799834665e-06,0.0105263157894737,8.779701539626348e-06,0.0110047846889951,2.3033752860208448e-05,0.0114832535885167,2.1781306455368857e-05,0,0,0,0,0
1603,38,11:00:12,4,0.0090909090909092,1713074.0,0.0093301435406698,0.0090909090909092,5.8046334227078287e-08,0.0086124401913876,5.66919197617798e-06,0.0081339712918662,1.954613561206483e-05,0.0076555023923445,1.4240700663709871e-05,0.0071770334928231,1.063795818601588e-05,0.0095693779904306,2.293352618977636e-05,0.0100478468899523,8.455416019077737e-06,0.0105263157894737,8.799050317702041e-06,0.0110047846889951,2.3033752860208448e-05,0.0114832535885167,2.1781306455368857e-05,0,0,0,0,0
1604,38,11:00:15,4,0.0090909090909092,1233589.0,0.0088516746411484,0.0086124401913876,3.2118971605649985e-06,0.0081339712918662,1.954613561206483e-05,0.0076555023923445,1.4240700663709871e-05,0.0071770334928231,1.069600452024296e-05,0.0066985645933015,3.3666873851705405e-06,0.0090909090909092,9.635691481694996e-06,0.0095693779904306,2.341724564166868e-05,0.0100478468899523,8.668252577910358e-06,0.0105263157894737,9.186025879215896e-06,0.0110047846889951,2.3033752860208448e-05,0,1,0,0,0
1605,38,11:00:18,4,0.0095693779904306,3026458.0,0.0090909090909092,0.0086124401913876,9.210018364029755e-06,0.0081339712918662,1.954613561206483e-05,0.0076555023923445,1.422135188563418e-05,0.0071770334928231,1.0579911851788802e-05,0.0066985645933015,3.3666873851705405e-06,0.0095693779904306,2.729474076803751e-05,0.0100478468899523,1.834264161575674e-05,0.0105263157894737,9.9793257803193e-06,0.0110047846889951,2.28983114136786e-05,0.0114832535885167,2.1781306455368857e-05,0,0,0,0,0
1606,38,11:00:21,4,0.0071770334928231,5741144.0,0.0078947368421051,0.0071770334928231,7.874952676806954e-06,0.0066985645933015,3.3666873851705405e-06,0.0062200956937801,1.3737632433741862e-06,0.0057416267942584,1.064182794163102e-06,0.005263157894737,4.914589631225962e-06,0.0086124401913876,2.341202147158824e-06,0.0090909090909092,6.017469981540449e-06,0.0095693779904306,2.9763644850495907e-05,0.0100478468899523,1.834264161575674e-05,0.0105263157894737,1.0134116004924842e-05,1,0,0,0,0
1607,38,11:00:24,4,0.0086124401913876,149626.0,0.0076555023923445,0.0071770334928231,7.604069783747256e-06,0.0066985645933015,3.3666873851705405e-06,0.0062200956937801,1.3737632433741862e-06,0.0057416267942584,1.064182794163102e-06,0.005263157894737,4.914589631225962e-06,0.0081339712918662,1.3544144652984934e-07,0.0086124401913876,4.605009182014878e-06,0.0090909090909092,1.1609266845415658e-05,0.0095693779904306,3.237572989071443e-05,0.0100478468899523,1.4105259217180023e-05,1,0,0,0,0
1608,38,11:00:27,4,0.0071770334928231,796501.0,0.0076555023923445,0.0071770334928231,5.940074869237678e-06,0.0066985645933015,3.3666873851705405e-06,0.0062200956937801,1.3737632433741862e-06,0.0057416267942584,1.064182794163102e-06,0.005263157894737,4.914589631225962e-06,0.0081339712918662,8.745647690213128e-06,0.0086124401913876,4.256731176652408e-07,0.0090909090909092,2.288960446354454e-05,0.0095693779904306,4.297886027619407e-05,0.0100478468899523,1.4105259217180023e-05,2,0,0,0,0
1609,38,11:00:30,4,0.0071770334928231,357974.0,0.0076555023923445,0.0071770334928231,4.06324339589548e-06,0.0066985645933015,3.3666873851705405e-06,0.0062200956937801,1.3737632433741862e-06,0.0057416267942584,1.064182794163102e-06,0.005263157894737,4.817845740847498e-06,0.0081339712918662,9.03587936134852e-06,0.0086124401913876,3.889104393214245e-06,0.0090909090909092,2.559843339414153e-05,0.0095693779904306,4.4178484516887016e-05,0.0100478468899523,1.3776329989893248e-05,2,1,0,0,0
1610,38,11:00:33,4,0.0066985645933015,660953.0,0.0069377990430623,0.0066985645933015,3.076455714035149e-06,0.0062200956937801,1.3737632433741862e-06,0.0057416267942584,1.064182794163102e-06,0.005263157894737,5.108077411982889e-06,0.0047846889952154,2.3915089701556256e-05,0.0071770334928231,5.456355417345359e-06,0.0081339712918662,9.113274473651292e-06,0.0086124401913876,5.030682299680119e-06,0.0090909090909092,2.670131374445601e-05,0.0095693779904306,4.663577933249999e-05,1,1,0,0,0
1611,38,11:00:36,4,0.0071770334928231,1736721.0,0.0076555023923445,0.0071770334928231,2.4959923717643665e-05,0.0066985645933015,3.656919056305932e-06,0.0062200956937801,1.3737632433741862e-06,0.0057416267942584,1.064182794163102e-06,0.005263157894737,5.204821302361353e-06,0.0081339712918662,8.706950134061744e-06,0.0086124401913876,5.53375052964813e-06,0.0090909090909092,2.670131374445601e-05,0.0095693779904306,4.489438930568765e-05,0.0100478468899523,1.4608327447148036e-05,0,1,0,0,0
1612,38,11:00:39,4,0.0071770334928231,347395.0,0.0076555023923445,0.0071770334928231,2.364420680849656e-05,0.0066985645933015,4.082592173971173e-06,0.0062200956937801,9.674389037846382e-07,0.0057416267942584,1.3350656872228009e-06,0.005263157894737,5.204821302361353e-06,0.0081339712918662,9.422854922862376e-06,0.0086124401913876,5.611145641950901e-06,0.0090909090909092,2.4379460375372883e-05,0.0095693779904306,4.3984996736130085e-05,0.0100478468899523,1.4550281112920956e-05,0,0,0,0,0
1613,38,11:00:42,4,0.0081339712918662,3221910.0,0.0083732057416268,0.0081339712918662,4.2760799547281006e-06,0.0071770334928231,6.752723548416774e-06,0.0066985645933015,4.082592173971173e-06,0.0062200956937801,1.064182794163102e-06,0.0057416267942584,1.3350656872228009e-06,0.0086124401913876,5.978772425389064e-06,0.0090909090909092,2.4379460375372883e-05,0.0095693779904306,4.294016272004268e-05,0.0100478468899523,1.4550281112920956e-05,0.0105263157894737,8.992538098458969e-06,0,0,0,0,0
1614,38,11:00:45,4,0.0081339712918662,1291364.0,0.0083732057416268,0.0081339712918662,2.9023167113539144e-07,0.0076555023923445,7.739511230277106e-08,0.0071770334928231,4.798496962771805e-06,0.0066985645933015,3.50212883170039e-06,0.0062200956937801,1.064182794163102e-06,0.0086124401913876,5.127426190058582e-06,0.0090909090909092,2.445685548767565e-05,0.0095693779904306,4.245644326815036e-05,0.0100478468899523,1.4550281112920956e-05,0.0105263157894737,9.766489221486678e-06,0,0,0,0,0
1615,38,11:00:48,4,0.0071770334928231,770405.0,0.0069377990430623,0.0066985645933015,1.2034939963080898e-05,0.0062200956937801,1.2963681310714152e-06,0.0057416267942584,2.302504591007439e-06,0.005263157894737,8.281277016396503e-06,0.0047846889952154,2.494057493956797e-05,0.0071770334928231,1.5420976126327132e-05,0.0076555023923445,9.67438903784638e-06,0.0081339712918662,2.708828930596987e-07,0.0086124401913876,6.0561675376918345e-06,0.0090909090909092,2.488639836095603e-05,1,1,0,0,0
1616,38,11:00:51,4,0.0071770334928231,2043892.0,0.0069377990430623,0.0066985645933015,1.0815966944312257e-05,0.0062200956937801,1.2963681310714152e-06,0.0057416267942584,1.197689362885382e-05,0.005263157894737,8.281277016396503e-06,0.0047846889952154,2.5172760276476285e-05,0.0071770334928231,1.6833436925852705e-06,0.0076555023923445,1.17640570700212e-05,0.0081339712918662,2.5153411498400597e-06,0.0086124401913876,6.481840655357075e-06,0.0090909090909092,2.585383726474067e-05,1,0,0,0,0
1617,38,11:00:54,4,0.0071770334928231,1547640.0,0.0069377990430623,0.0066985645933015,1.0738571832009485e-05,0.0062200956937801,1.2963681310714152e-06,0.0057416267942584,1.197689362885382e-05,0.005263157894737,8.281277016396503e-06,0.0047846889952154,2.5172760276476285e-05,0.0071770334928231,2.338880293789741e-06,0.0076555023923445,5.998121203464756e-06,0.0081339712918662,1.323456420377385e-05,0.0086124401913876,1.0077811060724577e-05,0.0090909090909092,2.5757093374362205e-05,1,0,0,0,0
1618,38,11:00:57,4,0.0062200956937801,1365582.0,0.0064593301435407,0.0062200956937801,1.2576705749200296e-06,0.0057416267942584,1.197689362885382e-05,0.005263157894737,8.281277016396503e-06,0.0047846889952154,2.5172760276476285e-05,0.0043062200956938,4.469567735485028e-06,0.0066985645933015,5.649843198102287e-06,0.0071770334928231,3.17087775104453e-06,0.0076555023923445,5.998121203464756e-06,0.0081339712918662,2.288960446354454e-05,0.0086124401913876,1.0077811060724577e-05,1,1,0,0,0
1619,38,11:01:00,4,0.0071770334928231,3576133.0,0.0074162679425837,0.0071770334928231,4.115717282036759e-05,0.0062200956937801,5.8046334227078287e-08,0.0057416267942584,1.2770193529957225e-06,0.005263157894737,8.281277016396503e-06,0.0047846889952154,2.4843831049189503e-05,0.0076555023923445,5.74658708848075e-06,0.0081339712918662,2.403118237001041e-05,0.0086124401913876,1.10839475206606e-05,0.0090909090909092,2.598927871127052e-05,0.0095693779904306,3.99411021183103e-05,0,0,0,0,0
1620,38,11:01:03,4,0.0071770334928231,3022819.0,0.0074162679425837,0.0071770334928231,1.5113717530485133e-05,0.0062200956937801,1.323456420377385e-05,0.0057416267942584,1.2770193529957225e-06,0.005263157894737,8.494113575229124e-06,0.0047846889952154,2.5017970051870744e-05,0.0076555023923445,4.991984743528732e-06,0.0081339712918662,2.4050531148086104e-05,0.0086124401913876,8.35576981198792e-06,0.0090909090909092,2.627951038240591e-05,0.0095693779904306,4.021198501137e-05,0,0,0,0,0
1621,38,11:01:06,4,0.0071770334928231,406301.0,0.0074162679425837,0.0071770334928231,1.3585164062505402e-05,0.0066985645933015,4.4502189574093364e-07,0.0062200956937801,1.3253912981849542e-05,0.0057416267942584,1.2770193529957225e-06,0.005263157894737,8.494113575229124e-06,0.0076555023923445,4.779148184696112e-06,0.0081339712918662,2.56564797283686e-05,0.0086124401913876,8.665350261199004e-06,0.0090909090909092,2.618276649202745e-05,0.0095693779904306,4.0192636233294304e-05,0,0,0,0,0
1622,38,11:01:09,4,0.0066985645933015,1770538.0,0.0064593301435407,0.0062200956937801,1.5014651786737584e-05,0.0057416267942584,1.2770193529957225e-06,0.005263157894737,8.823042802515899e-06,0.0047846889952154,2.3508765361966708e-05,0.0043062200956938,4.469567735485028e-06,0.0066985645933015,2.128365588326204e-07,0.0071770334928231,7.988723491892027e-06,0.0076555023923445,4.508265291636414e-06,0.0081339712918662,2.5695177284519988e-05,0.0086124401913876,8.858838041955932e-06,1,0,0,0,0
1623,38,11:01:12,4,0.0062200956937801,1262057.0,0.0066985645933015,0.0062200956937801,6.017469981540449e-06,0.0057416267942584,1.2770193529957225e-06,0.005263157894737,7.507325893368792e-06,0.0047846889952154,2.32572312469827e-05,0.0043062200956938,4.469567735485028e-06,0.0071770334928231,1.965603667153476e-05,0.0076555023923445,1.071922305393379e-05,0.0081339712918662,2.2231746008970985e-05,0.0086124401913876,8.91688437618301e-06,0.0090909090909092,2.618276649202745e-05,0,0,0,0,0
1624,38,11:01:15,4,0.005263157894737,1662827.0,0.0062200956937801,0.005263157894737,8.513462353304816e-07,0.0047846889952154,2.354746291811809e-05,0.0043062200956938,4.469567735485028e-06,0.0038277511961724,2.0625797428688484e-05,0.0033492822966507,2.302504591007439e-06,0.0071770334928231,4.477075061378397e-05,0.0076555023923445,1.0757920610085176e-05,0.0081339712918662,2.507601638609782e-05,0.0086124401913876,9.2071160473184e-06,0.0090909090909092,2.618276649202745e-05,1,0,0,0,0
1625,38,11:01:18,4,0.0066985645933015,431244.0,0.0064593301435407,0.0062200956937801,1.934877807569276e-08,0.005263157894737,4.643706738166263e-07,0.0047846889952154,2.3837694589253483e-05,0.0043062200956938,4.469567735485028e-06,0.0038277511961724,2.0625797428688484e-05,0.0066985645933015,2.225109478704668e-06,0.0071770334928231,4.540926029028183e-05,0.0076555023923445,1.0796618166236562e-05,0.0081339712918662,2.488252860534089e-05,0.0086124401913876,1.0755018293373822e-05,0,0,0,0,0
1626,38,11:01:21,4,0.0062200956937801,506725.0,0.0055023923444976,0.0047846889952154,2.288960446354454e-05,0.0043062200956938,4.469567735485028e-06,0.0038277511961724,2.081928520944541e-05,0.0033492822966507,2.302504591007439e-06,0.0028708133971293,5.611145641950901e-07,0.0062200956937801,1.1609266845415657e-07,0.0066985645933015,3.676267834381625e-07,0.0071770334928231,4.79052526620462e-05,0.0076555023923445,1.0796618166236562e-05,0.0081339712918662,2.1128865658656497e-05,1,1,1,0,1
1627,38,11:01:24,4,0.0062200956937801,483456.0,0.005980861244019,0.0057416267942584,6.559235767659847e-06,0.005263157894737,3.873625370753691e-05,0.0047846889952154,2.3276580025058394e-05,0.0043062200956938,4.469567735485028e-06,0.0038277511961724,2.081928520944541e-05,0.0062200956937801,2.101277299020234e-05,0.0066985645933015,4.740450628544727e-06,0.0071770334928231,4.798264777434897e-05,0.0076555023923445,1.1435127842734423e-05,0.0081339712918662,2.0761238875218332e-05,1,0,0,0,1
1628,38,11:01:27,4,0.0057416267942584,273324.0,0.005980861244019,0.0057416267942584,5.475704195421052e-06,0.005263157894737,3.8755602485612606e-05,0.0047846889952154,2.2657419126636223e-05,0.0043062200956938,4.082592173971173e-06,0.0038277511961724,2.081928520944541e-05,0.0062200956937801,2.6856103969061555e-05,0.0066985645933015,1.17640570700212e-05,0.0071770334928231,4.757632343475942e-05,0.0076555023923445,1.14931741769615e-05,0.0081339712918662,2.0761238875218332e-05,1,0,0,0,1
1629,38,11:01:30,4,0.0062200956937801,590686.0,0.005980861244019,0.0057416267942584,5.030682299680119e-07,0.005263157894737,3.885234637599107e-05,0.0047846889952154,2.261872157048484e-05,0.0043062200956938,4.082592173971173e-06,0.0038277511961724,2.081928520944541e-05,0.0062200956937801,3.434408108435465e-05,0.0066985645933015,1.344740076260647e-05,0.0071770334928231,4.8098740442803126e-05,0.0076555023923445,1.218973018768644e-05,0.0081339712918662,1.3466749540682162e-05,1,0,0,0,1
1630,38,11:01:33,4,0.005263157894737,876198.0,0.0055023923444976,0.005263157894737,3.250594716716384e-05,0.0047846889952154,2.252197768010637e-05,0.0043062200956938,4.082592173971173e-06,0.0038277511961724,2.081928520944541e-05,0.0033492822966507,2.302504591007439e-06,0.0057416267942584,5.224170080437046e-06,0.0062200956937801,3.478910298009559e-05,0.0066985645933015,1.400851532680156e-05,0.0071770334928231,4.755697465668373e-05,0.0076555023923445,1.1570569289264271e-05,1,1,0,0,1
1631,38,11:01:36,4,0.005263157894737,1117897.0,0.0055023923444976,0.005263157894737,2.6372384517169235e-05,0.0047846889952154,2.277351179509038e-05,0.0043062200956938,4.082592173971173e-06,0.0038277511961724,2.081928520944541e-05,0.0033492822966507,2.302504591007439e-06,0.0057416267942584,7.70081367412572e-06,0.0062200956937801,3.923932193750492e-05,0.0066985645933015,1.400851532680156e-05,0.0071770334928231,4.531251639990336e-05,0.0076555023923445,1.1570569289264271e-05,1,1,0,0,1
1632,38,11:01:39,4,0.0057416267942584,1939964.0,0.0055023923444976,0.005263157894737,2.882967933278221e-05,0.0047846889952154,2.2792860573166078e-05,0.0043062200956938,4.082592173971173e-06,0.0038277511961724,2.081928520944541e-05,0.0033492822966507,2.302504591007439e-06,0.0057416267942584,9.635691481694996e-06,0.0062200956937801,4.001327306053263e-05,0.0066985645933015,1.4105259217180023e-05,0.0071770334928231,4.531251639990336e-05,0.0076555023923445,1.0216154823965778e-05,1,0,0,0,1
1633,38,11:01:42,4,0.005263157894737,1344682.0,0.0055023923444976,0.005263157894737,1.762673682695611e-05,0.0047846889952154,2.3373323915436856e-05,0.0043062200956938,4.082592173971173e-06,0.0038277511961724,2.081928520944541e-05,0.0033492822966507,2.302504591007439e-06,0.0057416267942584,9.190669585954062e-06,0.0062200956937801,3.631765644807531e-05,0.0066985645933015,1.3892422658347405e-05,0.0071770334928231,4.46740067234055e-05,0.0076555023923445,1.0216154823965778e-05,1,0,0,0,1
1634,38,11:01:45,4,0.005263157894737,1136855.0,0.0055023923444976,0.005263157894737,1.799436361039427e-05,0.0047846889952154,2.376029947695071e-05,0.0043062200956938,1.3756981211817557e-05,0.0038277511961724,2.081928520944541e-05,0.0033492822966507,2.302504591007439e-06,0.0057416267942584,7.487977115293099e-06,0.0062200956937801,3.63757027823024e-05,0.0066985645933015,1.267344963957876e-05,0.0071770334928231,4.428703116189165e-05,0.0076555023923445,1.0216154823965778e-05,1,0,0,0,1
1635,38,11:01:48,4,0.005263157894737,903945.0,0.0055023923444976,0.005263157894737,1.5030130809198138e-05,0.0047846889952154,2.376029947695071e-05,0.0043062200956938,1.3756981211817557e-05,0.0038277511961724,2.081928520944541e-05,0.0033492822966507,2.302504591007439e-06,0.0057416267942584,6.346399208827226e-06,0.0062200956937801,3.15385082633792e-05,0.0066985645933015,1.2479961858821832e-05,0.0071770334928231,4.434507749611873e-05,0.0076555023923445,1.0216154823965778e-05,1,0,0,0,1
1636,38,11:01:51,4,0.005263157894737,1556869.0,0.0055023923444976,0.005263157894737,1.660125158894439e-06,0.0047846889952154,2.376029947695071e-05,0.0043062200956938,1.3756981211817557e-05,0.0038277511961724,2.081928520944541e-05,0.0033492822966507,2.302504591007439e-06,0.0057416267942584,1.04289913827984e-05,0.0062200956937801,3.151915948530351e-05,0.0066985645933015,1.008071337743593e-05,0.0071770334928231,4.430637993996735e-05,0.0076555023923445,1.037094504857132e-05,1,0,0,0,1
1637,38,11:01:54,4,0.0047846889952154,2931824.0,0.0050239234449762,0.0047846889952154,3.927801949365631e-05,0.0043062200956938,2.3431370249663936e-05,0.0038277511961724,2.081928520944541e-05,0.0033492822966507,2.302504591007439e-06,0.0028708133971293,9.287413476332526e-07,0.005263157894737,2.353198389565754e-05,0.0057416267942584,3.3279898290191552e-06,0.0062200956937801,2.207695578436544e-05,0.0066985645933015,9.887225596679e-06,0.0071770334928231,4.424833360574026e-05,1,1,0,1,1
1638,38,11:01:57,4,0.005263157894737,117631.0,0.0050239234449762,0.0047846889952154,4.109680463277143e-05,0.0043062200956938,2.3431370249663936e-05,0.0038277511961724,2.081928520944541e-05,0.0033492822966507,2.302504591007439e-06,0.0028708133971293,2.8636191552025287e-06,0.005263157894737,3.13875877943888e-05,0.0057416267942584,6.617282101886925e-06,0.0062200956937801,2.1883468003608517e-05,0.0066985645933015,9.771132928224844e-06,0.0071770334928231,4.434507749611873e-05,1,0,0,1,1
1639,38,11:02:00,4,0.0047846889952154,441096.0,0.0050239234449762,0.0047846889952154,3.883299759791538e-05,0.0043062200956938,2.3431370249663936e-05,0.0038277511961724,2.081928520944541e-05,0.0033492822966507,2.302504591007439e-06,0.0028708133971293,2.8636191552025287e-06,0.005263157894737,3.686329198980985e-05,0.0057416267942584,7.197745444157708e-06,0.0062200956937801,2.24639313458793e-05,0.0066985645933015,7.758860008352799e-06,0.0071770334928231,4.46740067234055e-05,1,0,0,1,2
1640,38,11:02:03,4,0.005263157894737,707923.0,0.0050239234449762,0.0047846889952154,3.654984178498363e-05,0.0043062200956938,2.3431370249663936e-05,0.0038277511961724,2.087733154367249e-05,0.0033492822966507,2.302504591007439e-06,0.0028708133971293,2.8636191552025287e-06,0.005263157894737,3.32450704896553e-05,0.0057416267942584,8.842391580591592e-06,0.0062200956937801,2.24639313458793e-05,0.0066985645933015,5.823982200783522e-06,0.0071770334928231,4.46740067234055e-05,1,0,0,1,2
1641,38,11:02:06,4,0.0047846889952154,3941756.0,0.0050239234449762,0.0047846889952154,6.249655318448763e-06,0.0043062200956938,2.3431370249663936e-05,0.0038277511961724,2.087733154367249e-05,0.0033492822966507,4.237382398576715e-06,0.0028708133971293,2.8636191552025287e-06,0.005263157894737,3.62054335352363e-05,0.0057416267942584,7.681464896050026e-06,0.0062200956937801,2.240588501165222e-05,0.0066985645933015,5.823982200783522e-06,0.0071770334928231,4.46740067234055e-05,1,0,0,1,2
1642,38,11:02:09,4,0.0047846889952154,1392166.0,0.0045454545454544,0.0043062200956938,1.9561614634525385e-05,0.0038277511961724,2.109016810250511e-05,0.0033492822966507,4.237382398576715e-06,0.0028708133971293,2.8636191552025287e-06,0.0023923444976077,7.4098080518673e-06,0.0047846889952154,6.481840655357075e-06,0.005263157894737,3.5470179968359975e-05,0.0057416267942584,8.04909167948819e-06,0.0062200956937801,2.2734814238938995e-05,0.0066985645933015,5.862679756934907e-06,1,1,1,1,2
1643,38,11:02:12,4,0.0047846889952154,247757.0,0.0045454545454544,0.0043062200956938,1.9116592738784448e-05,0.0038277511961724,2.0896680321748184e-05,0.0033492822966507,4.237382398576715e-06,0.0028708133971293,2.8636191552025287e-06,0.0023923444976077,7.4098080518673e-06,0.0047846889952154,4.180632432480708e-05,0.005263157894737,3.6050643310630754e-05,0.0057416267942584,8.068440457563883e-06,0.0062200956937801,2.2734814238938995e-05,0.0066985645933015,6.423794321129997e-06,1,0,1,1,2
1644,38,11:02:15,4,0.0043062200956938,321245.0,0.0045454545454544,0.0043062200956938,1.809110750077273e-05,0.0038277511961724,2.079993643136972e-05,0.0033492822966507,4.334126288955179e-06,0.0028708133971293,2.8636191552025287e-06,0.0023923444976077,7.4098080518673e-06,0.0047846889952154,4.869448931975371e-05,0.005263157894737,3.630217742561476e-05,0.0057416267942584,7.867213165576678e-06,0.0062200956937801,2.19221655597599e-05,0.0066985645933015,6.30770165267584e-06,1,0,1,1,2
1645,38,11:02:18,4,0.0043062200956938,289686.0,0.0045454545454544,0.0043062200956938,1.588534680014376e-05,0.0038277511961724,2.079993643136972e-05,0.0033492822966507,4.334126288955179e-06,0.0028708133971293,2.8636191552025287e-06,0.0023923444976077,7.4098080518673e-06,0.0047846889952154,6.719192116011599e-05,0.005263157894737,3.585715552987383e-05,0.0057416267942584,7.867213165576678e-06,0.0062200956937801,2.19221655597599e-05,0.0066985645933015,6.30770165267584e-06,1,0,1,1,2
1646,38,11:02:21,4,0.0043062200956938,1324537.0,0.0045454545454544,0.0043062200956938,4.991984743528732e-06,0.0038277511961724,2.087733154367249e-05,0.0033492822966507,4.334126288955179e-06,0.0028708133971293,2.8636191552025287e-06,0.0023923444976077,8.145061618743625e-06,0.0047846889952154,6.71725723820403e-05,0.005263157894737,3.382553383192609e-05,0.0057416267942584,7.654376606744057e-06,0.0062200956937801,2.182542166938144e-05,0.0066985645933015,6.30770165267584e-06,1,0,1,1,2
1647,38,11:02:24,4,0.0047846889952154,358962.0,0.0045454545454544,0.0043062200956938,2.341202147158824e-06,0.0038277511961724,2.087733154367249e-05,0.0033492822966507,4.334126288955179e-06,0.0028708133971293,2.8636191552025287e-06,0.0023923444976077,8.145061618743625e-06,0.0047846889952154,6.750150160932708e-05,0.005263157894737,3.338051193618516e-05,0.0057416267942584,7.654376606744057e-06,0.0062200956937801,2.182542166938144e-05,0.0066985645933015,6.30770165267584e-06,1,0,0,1,2
1648,38,11:02:27,4,0.0043062200956938,652937.0,0.0040669856459329,0.0038277511961724,2.0529053538310025e-05,0.0033492822966507,4.334126288955179e-06,0.0028708133971293,2.8636191552025287e-06,0.0023923444976077,8.145061618743625e-06,0.0019138755980863,1.3157169091471078e-06,0.0043062200956938,9.287413476332526e-06,0.0047846889952154,6.881334876285904e-05,0.005263157894737,3.61860847571606e-05,0.0057416267942584,7.576981494441286e-06,0.0062200956937801,2.182542166938144e-05,1,1,1,1,2
1649,38,11:02:30,4,0.0043062200956938,1779432.0,0.0040669856459329,0.0038277511961724,1.0467688938949783e-05,0.0033492822966507,4.334126288955179e-06,0.0028708133971293,2.8636191552025287e-06,0.0023923444976077,8.145061618743625e-06,0.0019138755980863,1.3157169091471078e-06,0.0043062200956938,1.0796618166236562e-05,0.0047846889952154,6.902618532169165e-05,0.005263157894737,3.608934086678214e-05,0.0057416267942584,7.576981494441286e-06,0.0062200956937801,2.182542166938144e-05,1,1,1,1,2
1650,38,11:02:33,4,0.0038277511961724,365079.0,0.0040669856459329,0.0038277511961724,7.623418561822949e-06,0.0033492822966507,4.334126288955179e-06,0.0028708133971293,2.8636191552025287e-06,0.0023923444976077,8.338549399500552e-06,0.0019138755980863,1.3157169091471078e-06,0.0043062200956938,2.039361209178017e-05,0.0047846889952154,6.743958551948486e-05,0.005263157894737,3.45994849549538e-05,0.0057416267942584,7.635027828668364e-06,0.0062200956937801,2.182542166938144e-05,1,1,1,1,2
1651,38,11:02:36,4,0.0043062200956938,673688.0,0.0040669856459329,0.0038277511961724,5.862679756934907e-06,0.0033492822966507,4.334126288955179e-06,0.0028708133971293,2.8636191552025287e-06,0.0023923444976077,8.725524961014409e-06,0.0019138755980863,1.3157169091471078e-06,0.0043062200956938,1.838559590308478e-05,0.0047846889952154,6.81167927521341e-05,0.005263157894737,3.423185817151564e-05,0.0057416267942584,7.635027828668364e-06,0.0062200956937801,2.178672411323005e-05,0,1,1,2,2
1652,38,11:02:39,4,0.0038277511961724,524541.0,0.0040669856459329,0.0038277511961724,1.8574826952665047e-06,0.0033492822966507,4.334126288955179e-06,0.0028708133971293,2.8636191552025287e-06,0.0023923444976077,8.996407854074107e-06,0.0019138755980863,1.3157169091471078e-06,0.0043062200956938,2.7866497160174232e-05,0.0047846889952154,6.78459098590744e-05,0.005263157894737,3.4618833733029494e-05,0.0057416267942584,7.635027828668364e-06,0.0062200956937801,2.178672411323005e-05,1,1,1,2,2
1653,38,11:02:42,4,0.0038277511961724,375579.0,0.0035885167464115,0.0033492822966507,4.140638508198252e-06,0.0028708133971293,2.8636191552025287e-06,0.0023923444976077,8.648129848711637e-06,0.0019138755980863,1.3157169091471078e-06,0.0014354066985646,3.2118971605649985e-06,0.0038277511961724,4.585660403939185e-06,0.0043062200956938,2.71505923713736e-05,0.0047846889952154,7.750095011884509e-05,0.005263157894737,3.4522089842651025e-05,0.0057416267942584,7.635027828668364e-06,1,1,1,2,2
1654,38,11:02:45,4,0.0038277511961724,211898.0,0.0035885167464115,0.0033492822966507,4.585660403939185e-06,0.0028708133971293,2.8636191552025287e-06,0.0023923444976077,8.648129848711637e-06,0.0019138755980863,1.3157169091471078e-06,0.0014354066985646,3.2118971605649985e-06,0.0038277511961724,6.849467438795238e-06,0.0043062200956938,2.8621099505126248e-05,0.0047846889952154,8.104177650669687e-05,0.005263157894737,3.413511428113717e-05,0.0057416267942584,7.635027828668364e-06,1,1,1,2,2
1655,38,11:02:48,4,0.0038277511961724,1348099.0,0.0035885167464115,0.0033492822966507,1.934877807569276e-08,0.0023923444976077,8.551385958333173e-06,0.0019138755980863,1.3157169091471078e-06,0.0014354066985646,3.2118971605649985e-06,0.0009569377990432,3.097932857699168e-06,0.0038277511961724,8.358672128699274e-06,0.0043062200956938,4.0946271139342536e-05,0.0047846889952154,8.082893994786425e-05,0.005263157894737,3.2974187596595606e-05,0.0057416267942584,7.635027828668364e-06,1,1,1,2,2
1656,38,11:02:51,4,0.0023923444976077,224291.0,0.0026315789473683,0.0023923444976077,7.816132391456848e-06,0.0019138755980863,1.3157169091471078e-06,0.0014354066985646,3.2118971605649985e-06,0.0009569377990432,3.097932857699168e-06,0.0004784688995216,3.1809391156438904e-05,0.0028708133971293,3.869755615138552e-08,0.0033492822966507,3.2892922728677695e-07,0.0038277511961724,1.0312898714344242e-05,0.0043062200956938,4.042385413129883e-05,0.0047846889952154,8.082893994786425e-05,2,2,2,2,2
1657,38,11:02:54,4,0.0033492822966507,342240.0,0.0035885167464115,0.0033492822966507,5.546907698739601e-05,0.0028708133971293,1.547902246055421e-07,0.0023923444976077,5.93930091811465e-06,0.0019138755980863,1.3157169091471078e-06,0.0014354066985646,3.2118971605649985e-06,0.0038277511961724,1.3350656872228009e-05,0.0043062200956938,4.053994679975299e-05,0.0047846889952154,7.415361151175025e-05,0.005263157894737,3.316767537735254e-05,0.0057416267942584,7.596330272516978e-06,1,1,1,2,2
1658,38,11:02:57,4,0.0038277511961724,448827.0,0.0035885167464115,0.0033492822966507,5.2702201722571946e-05,0.0028708133971293,4.06324339589548e-07,0.0023923444976077,4.101167000923838e-06,0.0019138755980863,1.3157169091471078e-06,0.0014354066985646,3.2118971605649985e-06,0.0038277511961724,1.267344963957876e-05,0.0043062200956938,3.59736351738895e-05,0.0047846889952154,7.403751884329608e-05,0.005263157894737,3.026535866599862e-05,0.0057416267942584,7.789818053273906e-06,1,1,1,2,2
1659,38,11:03:00,4,0.0033492822966507,123723.0,0.0035885167464115,0.0033492822966507,5.159932137225746e-05,0.0028708133971293,4.06324339589548e-07,0.0023923444976077,4.217259669377995e-06,0.0019138755980863,1.5092046899040356e-06,0.0014354066985646,3.50212883170039e-06,0.0038277511961724,7.429930781066021e-06,0.0043062200956938,3.5373823053543026e-05,0.0047846889952154,7.866187680338666e-05,0.005263157894737,3.026535866599862e-05,0.0057416267942584,7.720162452201413e-06,1,1,1,2,2
1660,38,11:03:03,4,0.0038277511961724,467662.0,0.0035885167464115,0.0033492822966507,4.786500720364876e-05,0.0028708133971293,1.6059485802824992e-06,0.0023923444976077,4.217259669377995e-06,0.0019138755980863,1.5092046899040356e-06,0.0014354066985646,3.50212883170039e-06,0.0038277511961724,6.9655601072493945e-06,0.0043062200956938,3.5373823053543026e-05,0.0047846889952154,7.829425001994849e-05,0.005263157894737,3.026535866599862e-05,0.0057416267942584,7.720162452201413e-06,1,1,1,2,2
1661,38,11:03:06,4,0.0038277511961724,549465.0,0.0035885167464115,0.0033492822966507,4.384046136390466e-05,0.0028708133971293,1.8961802514178909e-06,0.0023923444976077,4.217259669377995e-06,0.0019138755980863,1.8961802514178909e-06,0.0014354066985646,3.50212883170039e-06,0.0038277511961724,5.959423647313371e-06,0.0043062200956938,3.665084240653875e-05,0.0047846889952154,8.048066194250178e-05,0.005263157894737,3.011056844139308e-05,0.0057416267942584,7.720162452201413e-06,1,1,1,2,2
1662,38,11:03:09,4,0.0033492822966507,453024.0,0.0035885167464115,0.0033492822966507,4.1054237321004906e-05,0.0028708133971293,1.8961802514178909e-06,0.0023923444976077,4.314003559756458e-06,0.0019138755980863,1.9155290294935838e-06,0.0014354066985646,3.50212883170039e-06,0.0038277511961724,7.936868766649171e-06,0.0043062200956938,4.005622734786067e-05,0.0047846889952154,7.852643535685681e-05,0.005263157894737,3.011056844139308e-05,0.0057416267942584,7.681464896050026e-06,1,1,1,2,2
1663,38,11:03:12,4,0.0033492822966507,3103870.0,0.0035885167464115,0.0033492822966507,1.8629003531276997e-05,0.0028708133971293,1.9348778075692764e-06,0.0023923444976077,4.642932787043236e-06,0.0019138755980863,1.9155290294935838e-06,0.0014354066985646,2.360550925234517e-05,0.0038277511961724,2.345071902773963e-06,0.0043062200956938,3.994013467940652e-05,0.0047846889952154,7.837164513225126e-05,0.005263157894737,3.011056844139308e-05,0.0057416267942584,4.97263596545304e-06,1,1,1,2,2
1664,38,11:03:15,4,0.0038277511961724,241217.0,0.0035885167464115,0.0033492822966507,2.15506690207066e-05,0.0028708133971293,1.722041248736656e-06,0.0023923444976077,4.623584008967543e-06,0.0019138755980863,1.9735753637206617e-06,0.0014354066985646,2.360550925234517e-05,0.0038277511961724,1.3002378866865535e-06,0.0043062200956938,3.978534445480097e-05,0.0047846889952154,7.761781673842228e-05,0.005263157894737,2.95107563210466e-05,0.0057416267942584,5.0113335216044255e-06,1,1,1,2,2
1665,38,11:03:18,4,0.0033492822966507,285249.0,0.0035885167464115,0.0033492822966507,2.064127645114904e-05,0.0028708133971293,1.722041248736656e-06,0.0023923444976077,4.623584008967543e-06,0.0019138755980863,2.4766435936886736e-06,0.0014354066985646,2.2947650797771612e-05,0.0038277511961724,1.76460856050318e-06,0.0043062200956938,3.939836889328712e-05,0.0047846889952154,7.773390940687643e-05,0.005263157894737,2.9375314874516752e-05,0.0057416267942584,5.0113335216044255e-06,1,1,1,2,2
1666,38,11:03:21,4,0.0033492822966507,1709436.0,0.0038277511961721,0.0033492822966507,1.1837582426708831e-05,0.0028708133971293,1.9155290294935838e-06,0.0023923444976077,4.81707178972447e-06,0.0019138755980863,2.6507825963699087e-06,0.0014354066985646,2.2947650797771612e-05,0.0043062200956938,3.737061695095451e-05,0.0047846889952154,7.815958252454167e-05,0.005263157894737,2.9375314874516752e-05,0.0057416267942584,5.108077411982889e-06,0.0062200956937801,1.6775390591625627e-05,0,1,1,2,2
1667,38,11:03:24,4,0.0033492822966507,2657033.0,0.0031100478468899,0.0028708133971293,1.9155290294935838e-06,0.0023923444976077,6.364974035779891e-06,0.0019138755980863,2.6507825963699087e-06,0.0014354066985646,2.2947650797771612e-05,0.0009569377990432,2.364633517408488e-05,0.0033492822966507,4.488916513560721e-07,0.0043062200956938,3.479722946688738e-05,0.0047846889952154,7.815958252454167e-05,0.005263157894737,2.9375314874516752e-05,0.0057416267942584,5.224170080437046e-06,1,2,2,2,2
1668,38,11:03:27,4,0.0033492822966507,341956.0,0.0031100478468899,0.0028708133971293,1.9155290294935838e-06,0.0023923444976077,6.829344709596517e-06,0.0019138755980863,2.6507825963699087e-06,0.0014354066985646,2.2947650797771612e-05,0.0009569377990432,2.364633517408488e-05,0.0033492822966507,1.7800875829637345e-07,0.0043062200956938,3.4081324678086745e-05,0.0047846889952154,7.798544352186044e-05,0.005263157894737,2.9181827093759825e-05,0.0057416267942584,5.224170080437046e-06,1,2,2,2,2
1669,38,11:03:30,4,0.0028708133971293,251570.0,0.0031100478468899,0.0028708133971293,5.611145641950901e-07,0.0023923444976077,6.84869348767221e-06,0.0019138755980863,2.708828930596986e-06,0.0014354066985646,2.2947650797771612e-05,0.0009569377990432,2.364633517408488e-05,0.0033492822966507,1.261927306096682e-05,0.0038277511961724,2.8055728209754507e-06,0.0043062200956938,3.4081324678086745e-05,0.0047846889952154,8.47768646264286e-05,0.005263157894737,2.9181827093759825e-05,2,2,2,2,2
1670,38,11:03:33,4,0.0033492822966507,645800.0,0.0031100478468899,0.0028708133971293,5.127426190058582e-06,0.0023923444976077,7.042181268429138e-06,0.0019138755980863,3.192548382489306e-06,0.0014354066985646,2.3218533690831315e-05,0.0009569377990432,2.364633517408488e-05,0.0033492822966507,1.2232297499452964e-05,0.0038277511961724,3.927801949365631e-06,0.0043062200956938,3.4061975900011055e-05,0.0047846889952154,8.47768646264286e-05,0.005263157894737,2.9181827093759825e-05,2,2,2,2,2
1671,38,11:03:36,4,0.0028708133971293,1394481.0,0.0031100478468899,0.0028708133971293,5.437006639269666e-06,0.0023923444976077,7.835481169532541e-06,0.0019138755980863,3.192548382489306e-06,0.0014354066985646,2.3218533690831315e-05,0.0009569377990432,2.360763761793349e-05,0.0033492822966507,1.2851458397875134e-05,0.0038277511961724,7.623418561822949e-06,0.0043062200956938,3.4061975900011055e-05,0.0047846889952154,8.415770372800642e-05,0.005263157894737,2.9181827093759825e-05,2,2,2,2,2
1672,38,11:03:39,4,0.0028708133971293,857493.0,0.0031100478468899,0.0028708133971293,2.2444582567803605e-06,0.0023923444976077,8.028968950289468e-06,0.0019138755980863,2.72817770867268e-06,0.0014354066985646,2.3218533690831315e-05,0.0009569377990432,2.360763761793349e-05,0.0033492822966507,8.826912558131039e-06,0.0038277511961724,7.623418561822949e-06,0.0043062200956938,3.3945883231556897e-05,0.0047846889952154,8.415770372800642e-05,0.005263157894737,2.879485153224597e-05,2,2,2,2,2
1673,38,11:03:42,4,0.0033492822966507,1537539.0,0.0035885167464115,0.0033492822966507,1.7955666054242884e-06,0.0028708133971293,3.192548382489306e-06,0.0023923444976077,8.164410396819318e-06,0.0019138755980863,3.734314168608704e-06,0.0014354066985646,2.3218533690831315e-05,0.0038277511961724,6.365747986902919e-06,0.0043062200956938,3.3539558891967345e-05,0.0047846889952154,8.437054028683905e-05,0.005263157894737,2.8485271083034884e-05,0.0057416267942584,5.224170080437046e-06,2,2,2,2,2
1674,38,11:03:45,4,0.0038277511961724,1671899.0,0.0040669856459329,0.0038277511961724,1.5436455148787687e-05,0.0033492822966507,1.0835315722387947e-06,0.0028708133971293,6.578584545735539e-06,0.0023923444976077,8.009620172213775e-06,0.0019138755980863,8.590857465607587e-06,0.0043062200956938,3.1565983528246686e-05,0.0047846889952154,8.452920026705973e-05,0.005263157894737,2.8485271083034884e-05,0.0057416267942584,5.224170080437046e-06,0.0062200956937801,1.667864670124716e-05,1,1,2,2,2
1675,38,11:03:48,4,0.0038277511961724,543536.0,0.0040669856459329,0.0038277511961724,1.3404833450839948e-05,0.0033492822966507,1.8574826952665047e-06,0.0028708133971293,7.584721005671563e-06,0.0023923444976077,8.009620172213775e-06,0.0019138755980863,9.59699392554361e-06,0.0043062200956938,2.858627170459e-05,0.0047846889952154,8.398743448094033e-05,0.005263157894737,2.846592230495919e-05,0.0057416267942584,5.224170080437046e-06,0.0062200956937801,1.667864670124716e-05,1,1,2,2,2
1676,38,11:03:51,4,0.0043062200956938,1800788.0,0.0040669856459329,0.0038277511961724,1.063795818601588e-05,0.0033492822966507,6.714025992265389e-06,0.0028708133971293,8.764996468288822e-06,0.0023923444976077,8.203107952970704e-06,0.0019138755980863,9.59699392554361e-06,0.0043062200956938,1.4964731939302297e-05,0.0047846889952154,8.420027103977296e-05,0.005263157894737,2.846592230495919e-05,0.0057416267942584,5.224170080437046e-06,0.0062200956937801,1.667864670124716e-05,1,1,2,2,2
1677,38,11:03:54,4,0.0038277511961724,1124938.0,0.0040669856459329,0.0038277511961724,5.878158779395461e-06,0.0033492822966507,8.881089136742978e-06,0.0028708133971293,6.8301186607195456e-06,0.0023923444976077,8.203107952970704e-06,0.0019138755980863,9.59699392554361e-06,0.0043062200956938,1.6841563412644494e-05,0.0047846889952154,8.575126909032049e-05,0.005263157894737,2.8272434524202264e-05,0.0057416267942584,5.224170080437046e-06,0.0062200956937801,1.667864670124716e-05,1,2,2,2,2
1678,38,11:03:57,4,0.0047846889952154,2962118.0,0.004306220095694,0.0038277511961724,8.548290153841063e-06,0.0033492822966507,1.1783405848096892e-05,0.0028708133971293,6.8301186607195456e-06,0.0023923444976077,8.299851843349168e-06,0.0019138755980863,9.345459810559604e-06,0.0047846889952154,7.61856201852595e-05,0.005263157894737,2.788545896268841e-05,0.0057416267942584,5.224170080437046e-06,0.0062200956937801,1.667864670124716e-05,0.0066985645933015,1.7026924706609631e-06,1,2,2,2,2
1679,38,11:04:00,4,0.0043062200956938,1423661.0,0.0040669856459329,0.0038277511961724,1.0521865517561724e-05,0.0033492822966507,1.2712147195730146e-05,0.0028708133971293,6.8301186607195456e-06,0.0023923444976077,8.493339624106095e-06,0.0019138755980863,9.345459810559604e-06,0.0043062200956938,5.8046334227078287e-08,0.0047846889952154,6.49246313452063e-05,0.005263157894737,2.788545896268841e-05,0.0057416267942584,5.224170080437046e-06,0.0062200956937801,1.667864670124716e-05,1,2,2,2,2
1680,38,11:04:03,4,0.0047846889952154,2255273.0,0.0045454545454544,0.0043062200956938,1.9929241417963544e-06,0.0038277511961724,1.1856931204784524e-05,0.0033492822966507,8.47476479715343e-06,0.0028708133971293,6.559235767659847e-06,0.0023923444976077,8.164410396819318e-06,0.0047846889952154,4.557585326951355e-05,0.005263157894737,2.788545896268841e-05,0.0057416267942584,5.224170080437046e-06,0.0062200956937801,1.667864670124716e-05,0.0066985645933015,1.7026924706609631e-06,1,1,2,2,2
1681,38,11:04:06,4,0.0038277511961724,1240702.0,0.0045454545454544,0.0043062200956938,1.9348778075692766e-07,0.0038277511961724,1.0463819183334644e-05,0.0033492822966507,8.416718462926351e-06,0.0028708133971293,6.675328436114004e-06,0.0023923444976077,8.299851843349168e-06,0.0047846889952154,4.031298563292511e-05,0.005263157894737,2.782741262846133e-05,0.0057416267942584,5.224170080437046e-06,0.0062200956937801,1.667864670124716e-05,0.0066985645933015,1.7026924706609631e-06,1,2,2,2,2
1682,38,11:04:09,4,0.0043062200956938,1871037.0,0.0045454545454544,0.0043062200956938,9.59699392554361e-06,0.0038277511961724,1.0618609407940188e-05,0.0033492822966507,8.590857465607587e-06,0.0028708133971293,6.675328436114004e-06,0.0023923444976077,8.299851843349168e-06,0.0047846889952154,2.446633638893274e-05,0.005263157894737,2.782741262846133e-05,0.0057416267942584,5.224170080437046e-06,0.0062200956937801,1.638841503011177e-05,0.0066985645933015,1.7026924706609631e-06,1,2,2,2,2
1683,38,11:04:12,4,0.0047846889952154,547885.0,0.0045454545454544,0.0043062200956938,1.485986156213204e-05,0.0038277511961724,9.225497386490307e-06,0.0033492822966507,8.590857465607587e-06,0.0028708133971293,6.578584545735539e-06,0.0023923444976077,8.396595733727632e-06,0.0047846889952154,2.363433893167795e-05,0.005263157894737,1.3969817770650175e-05,0.0057416267942584,5.224170080437046e-06,0.0062200956937801,1.646581014241454e-05,0.0066985645933015,1.7026924706609631e-06,1,2,2,2,2
1684,38,11:04:15,4,0.0047846889952154,934378.0,0.0045454545454544,0.0043062200956938,1.3099122757244e-05,0.0038277511961724,1.2011721429390067e-05,0.0033492822966507,8.029742901412497e-06,0.0028708133971293,6.481840655357075e-06,0.0023923444976077,8.473990846030402e-06,0.0047846889952154,1.9648490648085243e-05,0.005263157894737,1.3969817770650175e-05,0.0057416267942584,5.224170080437046e-06,0.0062200956937801,1.646581014241454e-05,0.0066985645933015,1.7026924706609631e-06,1,2,2,2,2
1685,38,11:04:18,4,0.0047846889952154,2599149.0,0.0045454545454544,0.0043062200956938,6.636630879962617e-06,0.0038277511961724,1.2205209210146996e-05,0.0033492822966507,8.029742901412497e-06,0.0028708133971293,6.075516315767528e-06,0.0023923444976077,8.473990846030402e-06,0.0047846889952154,1.2218559867019225e-05,0.005263157894737,1.3969817770650175e-05,0.0057416267942584,5.224170080437046e-06,0.0062200956937801,1.646581014241454e-05,0.0066985645933015,1.7026924706609631e-06,1,2,2,2,2
1686,38,11:04:21,4,0.0047846889952154,1102173.0,0.0045454545454544,0.0043062200956938,3.540826387851776e-06,0.0038277511961724,1.2205209210146996e-05,0.0033492822966507,5.088728633907197e-06,0.0028708133971293,6.075516315767528e-06,0.0023923444976077,8.473990846030402e-06,0.0047846889952154,8.98731392837853e-06,0.005263157894737,1.3389354428379392e-05,0.0057416267942584,5.224170080437046e-06,0.0062200956937801,1.646581014241454e-05,0.0066985645933015,1.7026924706609631e-06,2,2,2,2,2
1687,38,11:04:24,4,0.0047846889952154,1570794.0,0.0050239234449762,0.0047846889952154,5.242551419608954e-06,0.0043062200956938,5.417657861193973e-06,0.0038277511961724,1.2205209210146996e-05,0.0033492822966507,5.088728633907197e-06,0.0028708133971293,5.8820285350106e-06,0.005263157894737,1.3544144652984934e-05,0.0057416267942584,7.855603898731262e-06,0.0062200956937801,1.646581014241454e-05,0.0066985645933015,1.7026924706609631e-06,0.0071770334928231,3.706993693965825e-05,1,2,2,2,2
1688,38,11:04:27,4,0.0047846889952154,945301.0,0.0050239234449762,0.0047846889952154,4.991017304624948e-06,0.0043062200956938,7.758860008352799e-06,0.0038277511961724,1.1454476620810116e-05,0.0033492822966507,5.088728633907197e-06,0.0028708133971293,5.8820285350106e-06,0.005263157894737,7.720162452201413e-06,0.0057416267942584,7.855603898731262e-06,0.0062200956937801,1.646581014241454e-05,0.0066985645933015,1.7026924706609631e-06,0.0071770334928231,3.706993693965825e-05,1,2,2,2,2
1689,38,11:04:30,4,0.0047846889952154,909192.0,0.0050239234449762,0.0047846889952154,2.186411922553282e-06,0.0043062200956938,5.8230147618797365e-06,0.0038277511961724,1.1841452182323973e-05,0.0033492822966507,5.185472524285661e-06,0.0028708133971293,5.8820285350106e-06,0.005263157894737,7.507325893368792e-06,0.0057416267942584,7.855603898731262e-06,0.0062200956937801,1.6369066252036076e-05,0.0066985645933015,1.7026924706609631e-06,0.0071770334928231,3.706993693965825e-05,1,2,2,2,2
1690,38,11:04:33,4,0.0047846889952154,224763.0,0.0050239234449762,0.0047846889952154,5.495052973496745e-06,0.0043062200956938,7.177429227178231e-06,0.0038277511961724,1.1454476620810116e-05,0.0033492822966507,5.088728633907197e-06,0.0028708133971293,5.8820285350106e-06,0.005263157894737,6.288352874600148e-06,0.0057416267942584,7.855603898731262e-06,0.0062200956937801,1.6369066252036076e-05,0.0066985645933015,1.4318095776012643e-06,0.0071770334928231,3.706993693965825e-05,1,2,2,2,2
1691,38,11:04:36,4,0.0047846889952154,1018056.0,0.0052631578947368,0.0047846889952154,6.780392301065015e-06,0.0043062200956938,7.177429227178231e-06,0.0038277511961724,1.1299686396204572e-05,0.0033492822966507,4.353475067030872e-06,0.0028708133971293,5.611145641950901e-06,0.0057416267942584,7.855603898731262e-06,0.0062200956937801,1.6369066252036076e-05,0.0066985645933015,1.4318095776012643e-06,0.0071770334928231,3.706993693965825e-05,0.0076555023923445,9.229367142105449e-06,2,2,2,2,2
1692,38,11:04:39,4,0.005263157894737,646889.0,0.0055023923444976,0.005263157894737,5.030682299680119e-07,0.0047846889952154,5.174443720782516e-06,0.0043062200956938,7.564404788692085e-06,0.0038277511961724,1.099010594699349e-05,0.0033492822966507,4.353475067030872e-06,0.0057416267942584,7.855603898731262e-06,0.0062200956937801,1.7220412487366557e-05,0.0066985645933015,1.4318095776012643e-06,0.0071770334928231,3.706993693965825e-05,0.0076555023923445,9.132623251726983e-06,1,2,2,2,2
1693,38,11:04:42,4,0.0047846889952154,447391.0,0.0052631578947368,0.0047846889952154,7.012577637973328e-06,0.0043062200956938,7.583753566767778e-06,0.0038277511961724,1.1377081508507344e-05,0.0033492822966507,3.9664995055170165e-06,0.0028708133971293,5.611145641950901e-06,0.0057416267942584,8.145835569866653e-06,0.0062200956937801,1.7220412487366557e-05,0.0066985645933015,1.4318095776012643e-06,0.0071770334928231,3.706993693965825e-05,0.0076555023923445,9.132623251726983e-06,2,2,2,2,2
1694,38,11:04:45,4,0.005263157894737,375948.0,0.0055023923444976,0.005263157894737,1.547902246055421e-07,0.0047846889952154,5.155094942706822e-06,0.0043062200956938,7.583753566767778e-06,0.0038277511961724,1.1435127842734423e-05,0.0033492822966507,3.8117092809114736e-06,0.0057416267942584,8.532811131380508e-06,0.0062200956937801,1.7220412487366557e-05,0.0066985645933015,1.5285534679797282e-06,0.0071770334928231,3.706993693965825e-05,0.0076555023923445,9.132623251726983e-06,2,2,2,2,2
1695,38,11:04:48,4,0.0057416267942584,770911.0,0.0055023923444976,0.005263157894737,1.7026924706609631e-06,0.0047846889952154,1.7497100013848966e-06,0.0043062200956938,7.777241347524706e-06,0.0038277511961724,1.1435127842734423e-05,0.0033492822966507,3.8117092809114736e-06,0.0057416267942584,6.346399208827226e-06,0.0062200956937801,1.7220412487366557e-05,0.0066985645933015,2.341202147158824e-06,0.0071770334928231,3.708928571773394e-05,0.0076555023923445,9.132623251726983e-06,2,2,2,2,2
1696,38,11:04:51,4,0.0062200956937801,990158.0,0.005980861244019,0.0057416267942584,4.643706738166263e-07,0.005263157894737,2.573387484067137e-06,0.0047846889952154,3.742634143181251e-06,0.0043062200956938,7.777241347524706e-06,0.0038277511961724,9.30676225440822e-06,0.0062200956937801,1.4414839666391107e-05,0.0066985645933015,2.457294815612981e-06,0.0071770334928231,3.74762612792478e-05,0.0076555023923445,9.132623251726983e-06,0.0081339712918662,4.546962847787799e-06,2,2,2,2,2
1697,38,11:04:54,4,0.0057416267942584,75682.0,0.005980861244019,0.0057416267942584,1.3931120214498788e-06,0.005263157894737,1.5034000564813276e-05,0.0047846889952154,3.800680477408329e-06,0.0043062200956938,8.08682179673579e-06,0.0038277511961724,9.364808588635297e-06,0.0062200956937801,1.422135188563418e-05,0.0066985645933015,2.263807034856053e-06,0.0071770334928231,3.74762612792478e-05,0.0076555023923445,9.132623251726983e-06,0.0081339712918662,4.546962847787799e-06,2,2,2,2,2
1698,38,11:04:57,4,0.0062200956937801,158577.0,0.005980861244019,0.0057416267942584,1.2026426500727594e-05,0.005263157894737,1.5014651786737584e-05,0.0047846889952154,7.805877539076731e-06,0.0043062200956938,8.667285139006573e-06,0.0038277511961724,5.340262748891203e-06,0.0062200956937801,1.478246644982927e-05,0.0066985645933015,2.4766435936886736e-06,0.0071770334928231,3.74762612792478e-05,0.0076555023923445,9.132623251726983e-06,0.0081339712918662,4.546962847787799e-06,2,2,2,2,2
1699,38,11:05:00,4,0.0062200956937801,1867340.0,0.0064593301435407,0.0062200956937801,3.7730117247600887e-06,0.0057416267942584,9.743270687795847e-06,0.005263157894737,1.4047212882952946e-05,0.0047846889952154,9.7601041247217e-06,0.0043062200956938,8.667285139006573e-06,0.0066985645933015,2.3218533690831315e-06,0.0071770334928231,3.74762612792478e-05,0.0076555023923445,9.132623251726983e-06,0.0081339712918662,4.546962847787799e-06,0.0086124401913876,1.0077811060724577e-05,2,2,2,2,2
1700,38,11:05:03,4,0.0066985645933015,229314.0,0.0064593301435407,0.0062200956937801,6.191608984221684e-06,0.0057416267942584,1.0981592484640184e-05,0.005263157894737,1.4047212882952946e-05,0.0047846889952154,1.0611450360052184e-05,0.0043062200956938,8.667285139006573e-06,0.0066985645933015,6.385096764978611e-07,0.0071770334928231,3.749561005732349e-05,0.0076555023923445,9.132623251726983e-06,0.0081339712918662,3.579523944003161e-06,0.0086124401913876,1.0077811060724577e-05,2,2,2,2,2
1701,38,11:05:06,4,0.0062200956937801,1007723.0,0.0066985645933015,0.0062200956937801,3.753662946684396e-06,0.0057416267942584,1.6534691792364006e-05,0.005263157894737,1.4395490888315416e-05,0.0047846889952154,1.0398613801219562e-05,0.0043062200956938,8.667285139006573e-06,0.0071770334928231,3.4322410452909875e-05,0.0076555023923445,9.132623251726983e-06,0.0081339712918662,3.579523944003161e-06,0.0086124401913876,1.0077811060724577e-05,0.0090909090909092,1.0045885576899682e-05,2,2,2,2,2
1702,38,11:05:09,4,0.0066985645933015,252537.0,0.0069377990430623,0.0066985645933015,1.3544144652984934e-07,0.0062200956937801,7.197745444157708e-06,0.0057416267942584,1.3292610538000928e-05,0.005263157894737,1.4376142110239725e-05,0.0047846889952154,1.1075821033868808e-05,0.0071770334928231,3.2697113094551684e-05,0.0076555023923445,9.17132080787837e-06,0.0081339712918662,3.579523944003161e-06,0.0086124401913876,1.0077811060724577e-05,0.0090909090909092,1.0045885576899682e-05,2,2,2,2,2
1703,38,11:05:12,4,0.0066985645933015,492249.0,0.0069377990430623,0.0066985645933015,7.932999011034033e-07,0.0062200956937801,9.30676225440822e-06,0.0057416267942584,1.3099122757244e-05,0.005263157894737,1.4376142110239725e-05,0.0047846889952154,1.1327355148852814e-05,0.0071770334928231,3.2755159428778766e-05,0.0076555023923445,9.17132080787837e-06,0.0081339712918662,3.579523944003161e-06,0.0086124401913876,1.0077811060724577e-05,0.0090909090909092,1.0045885576899682e-05,2,2,2,2,2
1704,38,11:05:15,4,0.0071770334928231,3809714.0,0.0074162679425837,0.0071770334928231,8.844713433960675e-06,0.0066985645933015,4.392172623182257e-06,0.0062200956937801,1.064182794163102e-05,0.0057416267942584,1.3118471535319694e-05,0.005263157894737,1.422135188563418e-05,0.0076555023923445,9.17132080787837e-06,0.0081339712918662,3.579523944003161e-06,0.0086124401913876,1.0077811060724577e-05,0.0090909090909092,1.0045885576899682e-05,0.0095693779904306,4.873531524149342e-05,1,2,2,2,2
1705,38,11:05:18,4,0.0071770334928231,309535.0,0.0074162679425837,0.0071770334928231,2.0879653397041572e-05,0.0066985645933015,6.23030654037307e-06,0.0062200956937801,1.3292610538000928e-05,0.0057416267942584,1.518879078941882e-05,0.005263157894737,1.422135188563418e-05,0.0076555023923445,7.236443000309093e-06,0.0081339712918662,3.579523944003161e-06,0.0086124401913876,1.0077811060724577e-05,0.0090909090909092,1.0045885576899682e-05,0.0095693779904306,4.873531524149342e-05,1,2,2,2,2
1706,38,11:05:21,4,0.0076555023923445,1681633.0,0.0074162679425837,0.0071770334928231,2.560501197868726e-05,0.0066985645933015,7.2170942222334e-06,0.0062200956937801,1.3756981211817557e-05,0.0057416267942584,1.6330368695884693e-05,0.005263157894737,1.4240700663709871e-05,0.0076555023923445,3.908453171289938e-06,0.0081339712918662,3.579523944003161e-06,0.0086124401913876,1.2051386424445238e-05,0.0090909090909092,1.0045885576899682e-05,0.0095693779904306,6.808409331718618e-05,2,2,2,2,2
1707,38,11:05:24,4,0.0081339712918662,1447450.0,0.0083732057416268,0.0081339712918662,1.9348778075692766e-07,0.0076555023923445,4.06324339589548e-07,0.0071770334928231,2.6514404548244825e-05,0.0066985645933015,1.3273261759925236e-05,0.0062200956937801,1.3195866647622464e-05,0.0086124401913876,7.717260135490059e-06,0.0090909090909092,1.0045885576899682e-05,0.0095693779904306,6.75036299749154e-05,0.0100478468899523,1.547902246055421e-05,0.0105263157894737,1.270750348899198e-05,1,2,2,2,2
1708,38,11:05:27,4,0.0076555023923445,299092.0,0.0078947368421051,0.0076555023923445,6.30770165267584e-06,0.0071770334928231,3.0268067494929217e-05,0.0066985645933015,1.2479961858821832e-05,0.0062200956937801,1.2267125299989212e-05,0.0057416267942584,1.6330368695884693e-05,0.0081339712918662,5.998121203464756e-07,0.0086124401913876,7.65921380126298e-06,0.0090909090909092,1.0045885576899682e-05,0.0095693779904306,6.75036299749154e-05,0.0100478468899523,1.547902246055421e-05,2,2,2,2,2
1709,38,11:05:30,4,0.0076555023923445,6319.0,0.0078947368421051,0.0076555023923445,1.456962989099665e-05,0.0071770334928231,3.16418307383034e-05,0.0066985645933015,1.2054288741156591e-05,0.0062200956937801,1.232517163421629e-05,0.0057416267942584,1.2054288741156591e-05,0.0081339712918662,6.965560107249394e-07,0.0086124401913876,7.833352803944214e-06,0.0090909090909092,1.275471450749667e-05,0.0095693779904306,6.75036299749154e-05,0.0100478468899523,1.5517720016705597e-05,2,2,2,2,2
1710,38,11:05:33,4,0.0081339712918662,862114.0,0.0078947368421051,0.0076555023923445,1.3428051984530778e-05,0.0071770334928231,3.183531851906033e-05,0.0066985645933015,1.2054288741156591e-05,0.0062200956937801,1.2267125299989212e-05,0.0057416267942584,1.2054288741156591e-05,0.0081339712918662,2.418597259461595e-06,0.0086124401913876,9.645365870732843e-07,0.0090909090909092,1.275471450749667e-05,0.0095693779904306,6.75036299749154e-05,0.0100478468899523,1.5517720016705597e-05,2,2,2,2,2
1711,38,11:05:36,4,0.0086124401913876,1652865.0,0.0088516746411484,0.0086124401913876,9.480901257089452e-07,0.0081339712918662,4.024545839744095e-06,0.0076555023923445,1.2634752083427374e-05,0.0071770334928231,2.7249658115121145e-05,0.0066985645933015,1.2054288741156591e-05,0.0090909090909092,4.838161957826976e-06,0.0095693779904306,6.72327470818557e-05,0.0100478468899523,1.5517720016705597e-05,0.0105263157894737,1.2688154710916288e-05,0.0110047846889951,1.5507078188763965e-05,1,2,2,2,2
1712,38,11:05:39,4,0.0081339712918662,1546564.0,0.0088516746411484,0.0086124401913876,1.876831473342198e-06,0.0081339712918662,2.51534114984006e-07,0.0076555023923445,1.14931741769615e-05,0.0071770334928231,2.8217097018905785e-05,0.0066985645933015,1.1531871733112889e-05,0.0090909090909092,3.909420610193723e-06,0.0095693779904306,6.72327470818557e-05,0.0100478468899523,1.5517720016705597e-05,0.0105263157894737,1.2397923039780894e-05,0.0110047846889951,1.5507078188763965e-05,1,2,2,2,2
1713,38,11:05:42,4,0.0086124401913876,442794.0,0.0088516746411484,0.0086124401913876,3.869755615138552e-08,0.0081339712918662,2.186411922553282e-06,0.0076555023923445,1.2112335075383667e-05,0.0071770334928231,2.9184535922690425e-05,0.0066985645933015,1.0564432829328249e-05,0.0090909090909092,5.979739864292848e-06,0.0095693779904306,6.522047416198365e-05,0.0100478468899523,1.540162734825144e-05,0.0105263157894737,1.2397923039780894e-05,0.0110047846889951,1.5507078188763965e-05,1,2,2,2,2
1714,38,11:05:45,4,0.0095693779904306,1786321.0,0.0093301435406698,0.0090909090909092,1.7607388048880415e-06,0.0086124401913876,2.3218533690831315e-06,0.0081339712918662,4.682404294317648e-06,0.0076555023923445,1.1783405848096892e-05,0.0071770334928231,2.6882031331682984e-05,0.0095693779904306,5.957159840278515e-05,0.0100478468899523,1.540162734825144e-05,0.0105263157894737,1.2397923039780894e-05,0.0110047846889951,1.5507078188763965e-05,0.0114832535885167,1.6688708065846522e-05,1,2,2,2,2
1715,38,11:05:48,4,0.0090909090909092,457622.0,0.0093301435406698,0.0090909090909092,6.423794321129997e-06,0.0086124401913876,5.030682299680119e-06,0.0081339712918662,4.914589631225962e-06,0.0076555023923445,1.162861562349135e-05,0.0071770334928231,2.6765938663228825e-05,0.0095693779904306,5.961029595893654e-05,0.0100478468899523,1.540162734825144e-05,0.0105263157894737,1.2397923039780894e-05,0.0110047846889951,1.5507078188763965e-05,0.0114832535885167,1.64758715070139e-05,1,2,2,2,2
1716,38,11:05:51,4,0.0090909090909092,1322477.0,0.0093301435406698,0.0090909090909092,1.799436361039427e-06,0.0086124401913876,4.508265291636414e-06,0.0081339712918662,5.398309083118281e-06,0.0076555023923445,1.14931741769615e-05,0.0071770334928231,1.812980505692412e-05,0.0095693779904306,5.641774757644723e-05,0.0100478468899523,1.540162734825144e-05,0.0105263157894737,1.278489860129475e-05,0.0110047846889951,1.5507078188763965e-05,0.0114832535885167,1.64758715070139e-05,1,2,2,2,2
1717,38,11:05:54,4,0.0090909090909092,892412.0,0.0093301435406698,0.0090909090909092,8.319974572547888e-06,0.0086124401913876,4.527614069712106e-06,0.0081339712918662,5.804633422707829e-06,0.0076555023923445,1.162861562349135e-05,0.0071770334928231,1.812980505692412e-05,0.0095693779904306,5.0516370263360935e-05,0.0100478468899523,1.540162734825144e-05,0.0105263157894737,1.278489860129475e-05,0.0110047846889951,1.5507078188763965e-05,0.0114832535885167,1.64758715070139e-05,1,2,2,2,2
1718,38,11:05:57,4,0.0095693779904306,2365201.0,0.0093301435406698,0.0090909090909092,1.1183593727750417e-05,0.0086124401913876,4.585660403939185e-06,0.0081339712918662,5.978772425389064e-06,0.0076555023923445,1.162861562349135e-05,0.0071770334928231,1.812980505692412e-05,0.0095693779904306,3.099345318498694e-05,0.0100478468899523,1.540162734825144e-05,0.0105263157894737,1.278489860129475e-05,0.0110047846889951,1.6493865870624294e-05,0.0114832535885167,1.64758715070139e-05,2,2,2,2,2
1719,38,11:06:00,4,0.0095693779904306,3512772.0,0.0098086124401914,0.0095693779904306,2.1286945175534908e-05,0.0090909090909092,2.1051470546353725e-05,0.0086124401913876,4.8758920750745765e-06,0.0081339712918662,5.959423647313371e-06,0.0076555023923445,1.155122051118858e-05,0.0100478468899523,1.526618590172159e-05,0.0105263157894737,1.2746201045143364e-05,0.0110047846889951,1.5913402528353512e-05,0.0114832535885167,1.64758715070139e-05,0.0119617224880381,7.306098601381587e-05,2,2,2,2,2
1720,38,11:06:03,4,0.0100478468899523,403075.0,0.0098086124401914,0.0095693779904306,3.705619930722451e-05,0.0090909090909092,2.1051470546353725e-05,0.0086124401913876,4.8758920750745765e-06,0.0081339712918662,5.843330978859214e-06,0.0076555023923445,1.1647964401567044e-05,0.0100478468899523,1.422135188563418e-05,0.0105263157894737,1.2746201045143364e-05,0.0110047846889951,1.5913402528353512e-05,0.0114832535885167,1.64758715070139e-05,0.0119617224880381,7.306098601381587e-05,2,2,2,2,2
1721,38,11:06:06,4,0.0095693779904306,468491.0,0.0098086124401914,0.0095693779904306,4.303497173261357e-05,0.0090909090909092,2.1612585110548817e-05,0.0086124401913876,4.83719451892319e-06,0.0081339712918662,4.06324339589548e-06,0.0076555023923445,1.120294250582611e-05,0.0100478468899523,1.3389354428379392e-05,0.0105263157894737,1.2746201045143364e-05,0.0110047846889951,1.5913402528353512e-05,0.0114832535885167,1.64758715070139e-05,0.0119617224880381,7.306098601381587e-05,2,2,2,2,2
1722,38,11:06:09,4,0.0100478468899523,350417.0,0.0098086124401914,0.0095693779904306,5.2012804759735017e-05,0.0090909090909092,2.1612585110548817e-05,0.0086124401913876,4.62435796009057e-06,0.0081339712918662,4.06324339589548e-06,0.0076555023923445,1.106750105929626e-05,0.0100478468899523,1.0351596270495628e-05,0.0105263157894737,1.313317660665722e-05,0.0110047846889951,1.6493865870624294e-05,0.0114832535885167,1.64758715070139e-05,0.0119617224880381,7.306098601381587e-05,2,2,2,2,2
1723,38,11:06:12,4,0.0105263157894737,1762774.0,0.0102870813397131,0.0100478468899523,4.2760799547281006e-06,0.0095693779904306,4.092595492236306e-05,0.0090909090909092,2.184477044745713e-05,0.0086124401913876,4.605009182014878e-06,0.0081339712918662,3.908453171289938e-06,0.0105263157894737,1.251401570823505e-05,0.0110047846889951,1.6493865870624294e-05,0.0114832535885167,1.6340430060484054e-05,0.0119617224880381,7.344796157532973e-05,0.0124401913875598,5.022942788449841e-06,2,2,2,2,2
1724,38,11:06:15,4,0.0105263157894737,2768596.0,0.0107655502392345,0.0105263157894737,3.2892922728677695e-07,0.0100478468899523,2.573387484067137e-06,0.0095693779904306,3.937805267630764e-05,0.0090909090909092,2.209630456244113e-05,0.0086124401913876,1.354414465298493e-06,0.0110047846889951,1.4244763907105767e-05,0.0114832535885167,1.6340430060484054e-05,0.0119617224880381,7.344796157532973e-05,0.0124401913875598,5.061640344601227e-06,0.0129186602870814,1.2206563624612292e-05,1,2,2,2,2
1725,38,11:06:18,4,0.0110047846889951,1031881.0,0.0107655502392345,0.0105263157894737,1.0254852380117164e-06,0.0100478468899523,1.939869792312805e-05,0.0095693779904306,3.984242335012427e-05,0.0090909090909092,2.1902816781684206e-05,0.0086124401913876,1.1996242406929513e-06,0.0110047846889951,7.047018462948061e-06,0.0114832535885167,1.6340430060484054e-05,0.0119617224880381,7.280945189883187e-05,0.0124401913875598,5.061640344601227e-06,0.0129186602870814,1.2206563624612292e-05,2,2,2,2,2
1726,38,11:06:21,4,0.0110047846889951,549348.0,0.0107655502392345,0.0105263157894737,8.513462353304815e-06,0.0100478468899523,2.1797946404513956e-05,0.0095693779904306,3.804298698908484e-05,0.0090909090909092,2.1128865658656497e-05,0.0086124401913876,1.1996242406929513e-06,0.0110047846889951,2.90637995474981e-06,0.0114832535885167,1.856553953918872e-05,0.0119617224880381,7.323512501649711e-05,0.0124401913875598,8.58311795437731e-06,0.0129186602870814,1.2206563624612292e-05,2,2,2,2,2
1727,38,11:06:24,4,0.0114832535885167,716340.0,0.0112440191387559,0.0110047846889951,7.739511230277106e-08,0.0105263157894737,1.2092986297307976e-05,0.0100478468899523,2.2281665856406276e-05,0.0095693779904306,3.41345338177949e-05,0.0090909090909092,2.1128865658656497e-05,0.0114832535885167,1.7486071210345822e-05,0.0119617224880381,7.323512501649711e-05,0.0124401913875598,8.58311795437731e-06,0.0129186602870814,1.2167866068460907e-05,0.0133971291866028,2.5419650684722125e-05,1,2,2,2,2
1728,38,11:06:27,4,0.0110047846889951,1113367.0,0.0112440191387559,0.0110047846889951,1.81878513911512e-06,0.0105263157894737,8.029742901412497e-06,0.0100478468899523,2.346194131902353e-05,0.0095693779904306,3.098068299145698e-05,0.0090909090909092,1.7955666054242884e-05,0.0114832535885167,1.6808863977696575e-05,0.0119617224880381,7.044890097359735e-05,0.0124401913875598,8.58311795437731e-06,0.0129186602870814,1.21872148465366e-05,0.0133971291866028,2.590337013661444e-05,1,2,2,2,2
1729,38,11:06:30,4,0.0114832535885167,1173131.0,0.0112440191387559,0.0110047846889951,5.572448085799515e-06,0.0105263157894737,9.422854922862376e-06,0.0100478468899523,2.309431453558537e-05,0.0095693779904306,2.6240232362912253e-05,0.0090909090909092,1.6697995479322855e-05,0.0114832535885167,9.050003969343776e-06,0.0119617224880381,6.8707510946785e-05,0.0124401913875598,8.58311795437731e-06,0.0129186602870814,1.2129168512309524e-05,0.0133971291866028,2.590337013661444e-05,1,2,2,2,2
1730,38,11:06:33,4,0.0119617224880381,1143682.0,0.0117224880382775,0.0114832535885167,5.998121203464756e-07,0.0110047846889951,1.0332247492419937e-05,0.0105263157894737,9.422854922862376e-06,0.0100478468899523,2.2881477976752748e-05,0.0095693779904306,2.5059956900295e-05,0.0119617224880381,6.819921854673655e-05,0.0124401913875598,8.58311795437731e-06,0.0129186602870814,1.323204886262401e-05,0.0133971291866028,2.638708958850676e-05,0.0138755980861244,7.323144874866273e-05,1,2,2,2,2
1731,38,11:06:36,4,0.0114832535885167,4402804.0,0.0117224880382775,0.0114832535885167,2.4379460375372883e-06,0.0110047846889951,1.7104319818912402e-05,0.0105263157894737,9.016530583272828e-06,0.0100478468899523,2.230101463448197e-05,0.0095693779904306,2.459558622647837e-05,0.0119617224880381,3.590610793840533e-05,0.0124401913875598,8.58311795437731e-06,0.0129186602870814,1.3174002528396932e-05,0.0133971291866028,2.638708958850676e-05,0.0138755980861244,7.367647064440366e-05,1,2,2,2,2
1732,38,11:06:39,4,0.0119617224880381,646119.0,0.0117224880382775,0.0114832535885167,7.03328083051432e-06,0.0110047846889951,1.8400687949983814e-05,0.0105263157894737,8.494113575229124e-06,0.0100478468899523,2.2107526853725035e-05,0.0095693779904306,2.277680108736325e-05,0.0119617224880381,3.044975252105997e-05,0.0124401913875598,8.93139595973978e-06,0.0129186602870814,1.3174002528396932e-05,0.0133971291866028,2.6406438366582452e-05,0.0138755980861244,7.367647064440366e-05,1,2,2,2,2
1733,38,11:06:42,4,0.0119617224880381,1676793.0,0.0117224880382775,0.0114832535885167,8.000719734298957e-06,0.0110047846889951,1.87102683991949e-05,0.0105263157894737,8.494113575229124e-06,0.0100478468899523,2.195273662911949e-05,0.0095693779904306,2.1538479290518918e-05,0.0119617224880381,3.056584518951413e-05,0.0124401913875598,8.892698403588394e-06,0.0129186602870814,1.3174002528396932e-05,0.0133971291866028,2.6406438366582452e-05,0.0138755980861244,7.367647064440366e-05,2,2,2,2,2
1734,38,11:06:45,4,0.0119617224880381,2859278.0,0.0117224880382775,0.0114832535885167,6.356073597865073e-06,0.0110047846889951,1.9213336629162917e-05,0.0105263157894737,6.539886989584154e-06,0.0100478468899523,2.1391622064924405e-05,0.0095693779904306,1.828788457380253e-05,0.0119617224880381,9.417630752781938e-06,0.0124401913875598,8.892698403588394e-06,0.0129186602870814,1.3174002528396932e-05,0.0133971291866028,2.694820415270185e-05,0.0138755980861244,7.367647064440366e-05,2,2,2,2,2
1735,38,11:06:48,4,0.0119617224880381,1774268.0,0.0117224880382775,0.0114832535885167,7.091327164741398e-06,0.0110047846889951,1.9116592738784448e-05,0.0105263157894737,7.062303997627858e-06,0.0100478468899523,2.4081102217445695e-05,0.0095693779904306,1.815244312727268e-05,0.0119617224880381,3.237050572063399e-07,0.0124401913875598,8.93139595973978e-06,0.0129186602870814,1.3560978089910786e-05,0.0133971291866028,2.694820415270185e-05,0.0138755980861244,7.367647064440366e-05,2,2,2,2,2
1736,38,11:06:51,4,0.0119617224880381,1816288.0,0.0122009569377992,0.0119617224880381,1.5865998022068066e-05,0.0114832535885167,3.884654174256836e-06,0.0110047846889951,1.9155290294935838e-05,0.0105263157894737,7.120350331854937e-06,0.0100478468899523,2.398435832706724e-05,0.0124401913875598,3.47504054239442e-06,0.0129186602870814,1.358593801362843e-05,0.0133971291866028,2.7025599265004623e-05,0.0138755980861244,7.367647064440366e-05,0.0143540669856458,9.55854790350721e-05,2,2,2,2,2
1737,38,11:06:54,4,0.0124401913875598,674848.0,0.0122009569377992,0.0119617224880381,2.9719723124264083e-05,0.0114832535885167,4.290978513846384e-06,0.0110047846889951,1.913594151686014e-05,0.0105263157894737,6.385096764978612e-06,0.0100478468899523,2.398435832706724e-05,0.0124401913875598,8.823042802515899e-07,0.0129186602870814,1.39342160189909e-05,0.0133971291866028,2.7176132758433518e-05,0.0138755980861244,7.367647064440366e-05,0.0143540669856458,9.55854790350721e-05,2,2,2,2,2
1738,38,11:06:57,4,0.0129186602870814,1849042.0,0.0126794258373206,0.0124401913875598,2.225109478704668e-06,0.0119617224880381,2.9584281677734235e-05,0.0114832535885167,4.290978513846384e-06,0.0110047846889951,1.8961802514178907e-05,0.0105263157894737,4.237382398576715e-06,0.0129186602870814,1.0018023336470685e-05,0.0133971291866028,2.729222542688767e-05,0.0138755980861244,7.160615139030453e-05,0.0143540669856458,9.568222292545056e-05,0.0148325358851675,1.555641757285698e-05,2,2,2,2,2
1739,38,11:07:00,4,0.0124401913875598,2127906.0,0.0126794258373206,0.0124401913875598,2.3798997033102097e-05,0.0119617224880381,4.272210199112962e-05,0.0114832535885167,4.32967606999777e-06,0.0110047846889951,1.842003672805951e-05,0.0105263157894737,4.372823845106564e-06,0.0129186602870814,9.674389037846382e-07,0.0133971291866028,2.159904096589583e-05,0.0138755980861244,7.102568804803375e-05,0.0143540669856458,9.568222292545056e-05,0.0148325358851675,1.555641757285698e-05,2,2,2,2,2
1740,38,11:07:03,4,0.0133971291866028,2248168.0,0.0131578947368422,0.0129186602870814,4.895240853150269e-06,0.0124401913875598,2.739786975518095e-05,0.0119617224880381,4.504395536021275e-05,0.0114832535885167,4.32967606999777e-06,0.0110047846889951,1.814915383499981e-05,0.0133971291866028,1.2950137166061166e-05,0.0138755980861244,7.102568804803375e-05,0.0143540669856458,9.577896681582902e-05,0.0148325358851675,1.555641757285698e-05,0.0153110047846889,7.313838112611864e-06,2,2,2,2,2
1741,38,11:07:06,4,0.0133971291866028,3896101.0,0.0136363636363638,0.0133971291866028,1.7413900268123485e-07,0.0129186602870814,5.553099307723823e-06,0.0124401913875598,3.002930357347517e-05,0.0119617224880381,4.372823845106564e-05,0.0114832535885167,3.335284318353692e-05,0.0138755980861244,4.917511296715391e-05,0.0143540669856458,9.566287414737484e-05,0.0148325358851675,1.555641757285698e-05,0.0153110047846889,7.313838112611864e-06,0.0157894736842105,4.334126288955179e-06,2,2,2,2,2
1742,38,11:07:09,4,0.0138755980861244,16948105.0,0.0141148325358853,0.0138755980861244,9.287413476332526e-07,0.0133971291866028,6.191608984221684e-07,0.0129186602870814,1.0061364599360235e-06,0.0124401913875598,2.4379460375372883e-06,0.0119617224880381,3.767207091337381e-05,0.0143540669856458,4.180187410584968e-05,0.0148325358851675,1.5595115129008366e-05,0.0153110047846889,7.313838112611864e-06,0.0157894736842105,4.334126288955179e-06,0.0162679425837319,1.5362929792100053e-05,2,1,2,2,2
1743,38,11:07:12,4,0.0143540669856458,5577445.0,0.0145933014354067,0.0143540669856458,1.3118471535319692e-06,0.0138755980861244,7.35253566876325e-07,0.0133971291866028,2.207695578436544e-05,0.0129186602870814,1.8961802514178909e-06,0.0124401913875598,4.75979940662042e-06,0.0148325358851675,1.5498371238629904e-05,0.0153110047846889,7.313838112611864e-06,0.0157894736842105,4.334126288955179e-06,0.0162679425837319,1.5362929792100053e-05,0.0167464114832536,2.543899946279781e-05,2,2,2,2,2
1744,38,11:07:15,4,0.0143540669856458,2643194.0,0.0145933014354067,0.0143540669856458,2.128365588326204e-07,0.0138755980861244,6.675328436114004e-06,0.0133971291866028,5.105755558613806e-05,0.0129186602870814,2.9023167113539144e-06,0.0124401913875598,5.437006639269666e-06,0.0148325358851675,9.693737815922074e-06,0.0153110047846889,7.313838112611864e-06,0.0157894736842105,4.334126288955179e-06,0.0162679425837319,1.5362929792100053e-05,0.0167464114832536,2.543899946279781e-05,2,2,2,2,2
1745,38,11:07:18,4,0.0143540669856458,2139265.0,0.0141148325358853,0.0138755980861244,8.726298912137436e-05,0.0133971291866028,5.1289740923046376e-05,0.0129186602870814,5.088728633907197e-06,0.0124401913875598,6.481840655357075e-06,0.0119617224880381,4.5218094362893984e-05,0.0143540669856458,4.024545839744095e-06,0.0148325358851675,3.173199604413613e-06,0.0153110047846889,7.313838112611864e-06,0.0157894736842105,4.334126288955179e-06,0.0162679425837319,1.5362929792100053e-05,2,2,2,2,2
1746,38,11:07:21,4,0.0148325358851675,1579718.0,0.0150717703349283,0.0148325358851675,1.1028803503144874e-06,0.0143540669856458,5.030682299680119e-07,0.0138755980861244,8.532811131380508e-05,0.0133971291866028,5.194759937761993e-05,0.0129186602870814,5.475704195421052e-06,0.0153110047846889,6.327050430751533e-06,0.0157894736842105,4.334126288955179e-06,0.0162679425837319,1.5362929792100053e-05,0.0167464114832536,2.543899946279781e-05,0.0172248803827752,4.914589631225962e-06,2,2,2,2,2
1747,38,11:07:24,4,0.0153110047846889,3628083.0,0.0155502392344499,0.0153110047846889,4.701753072393341e-06,0.0148325358851675,2.3798997033102097e-05,0.0143540669856458,1.1996242406929513e-06,0.0138755980861244,8.424457974156629e-05,0.0133971291866028,5.084471902730544e-05,0.0157894736842105,4.334126288955179e-06,0.0162679425837319,1.5420976126327132e-05,0.0167464114832536,2.538095312857074e-05,0.0172248803827752,4.914589631225962e-06,0.0177033492822966,4.353475067030872e-06,0,1,2,2,2
1748,38,11:07:27,4,0.0157894736842105,893704.0,0.0160287081339713,0.0157894736842105,2.37989970331021e-06,0.0153110047846889,4.179336064349637e-06,0.0148325358851675,3.15385082633792e-05,0.0143540669856458,1.3002378866865537e-05,0.0138755980861244,8.461220652500445e-05,0.0162679425837319,1.540162734825144e-05,0.0167464114832536,2.596141647084152e-05,0.0172248803827752,4.914589631225962e-06,0.0177033492822966,4.353475067030872e-06,0.0181818181818183,2.766875264824065e-05,1,2,1,2,2
1749,38,11:07:30,4,0.0153110047846889,2201760.0,0.0157894736842103,0.0153110047846889,1.1957544850778128e-05,0.0148325358851675,3.587263455233438e-05,0.0143540669856458,1.57692541316896e-05,0.0138755980861244,8.461220652500445e-05,0.0133971291866028,3.884847662037593e-05,0.0162679425837319,5.108077411982889e-06,0.0167464114832536,2.5767928690084597e-05,0.0172248803827752,5.301565192739817e-06,0.0177033492822966,4.159987286273944e-06,0.0181818181818183,2.766875264824065e-05,2,2,2,2,2
1750,38,11:07:33,4,0.0157894736842105,2388243.0,0.0165071770334928,0.0162679425837319,5.8046334227078287e-08,0.0157894736842105,6.772072326492467e-07,0.0153110047846889,4.8565432969988834e-06,0.0148325358851675,3.577589066195592e-05,0.0143540669856458,1.5924044356295145e-05,0.0167464114832536,2.4607002005543023e-05,0.0172248803827752,5.495052973496745e-06,0.0177033492822966,4.159987286273944e-06,0.0181818181818183,2.7862240428997575e-05,0.0186602870813397,3.730444412993565e-05,1,1,1,1,2
1751,38,11:07:36,4,0.0167464114832536,2513202.0,0.0165071770334928,0.0162679425837319,4.62435796009057e-06,0.0157894736842105,5.0113335216044255e-06,0.0153110047846889,8.04909167948819e-06,0.0148325358851675,3.509868342930667e-05,0.0143540669856458,1.6059485802824993e-05,0.0167464114832536,1.5609820200345893e-05,0.0172248803827752,5.591796863875208e-06,0.0177033492822966,4.546962847787799e-06,0.0181818181818183,2.7862240428997575e-05,0.0186602870813397,3.639505156037809e-05,1,1,1,1,1
1752,38,11:07:39,4,0.0148325358851675,9633530.0,0.0145933014354067,0.0143540669856458,1.2421915524594751e-05,0.0138755980861244,1.954226585644969e-06,0.0133971291866028,3.788103771659129e-05,0.0129186602870814,7.042955219552166e-06,0.0124401913875598,5.456355417345359e-06,0.0148325358851675,1.3486098318757855e-05,0.0157894736842105,7.546023449520178e-07,0.0162679425837319,1.934877807569276e-08,0.0167464114832536,1.2881642491673214e-05,0.0172248803827752,3.656919056305932e-06,2,2,2,2,2
1753,38,11:07:42,4,0.0167464114832536,4048505.0,0.0165071770334928,0.0162679425837319,1.7413900268123485e-07,0.0157894736842105,1.1609266845415658e-06,0.0153110047846889,5.804633422707829e-07,0.0148325358851675,1.9348778075692766e-07,0.0143540669856458,6.772072326492467e-06,0.0167464114832536,1.1144896171599033e-07,0.0172248803827752,3.656919056305932e-06,0.0177033492822966,4.682404294317648e-06,0.0181818181818183,2.8055728209754506e-05,0.0186602870813397,3.639505156037809e-05,2,2,2,1,2
1754,38,11:07:45,4,0.0177033492822966,2357974.0,0.0169856459330144,0.0167464114832536,4.159987286273944e-06,0.0162679425837319,3.9664995055170165e-06,0.0157894736842105,5.8046334227078287e-08,0.0153110047846889,7.35253566876325e-07,0.0143540669856458,1.0003318265133158e-05,0.0172248803827752,3.869755615138552e-08,0.0177033492822966,4.232738691838549e-06,0.0181818181818183,2.9990606017323782e-05,0.0186602870813397,3.639505156037809e-05,0.0191387559808613,9.725721346081194e-05,1,1,1,1,2
1755,38,11:07:48,4,0.0162679425837319,2695976.0,0.0160287081339713,0.0157894736842105,1.1822103404248278e-05,0.0153110047846889,1.141577906465873e-06,0.0148325358851675,4.643706738166263e-06,0.0143540669856458,1.561446390708406e-05,0.0138755980861244,1.954226585644969e-06,0.0162679425837319,2.244458256780361e-05,0.0167464114832536,7.739511230277105e-07,0.0177033492822966,4.368180138368398e-06,0.0181818181818183,2.9990606017323782e-05,0.0186602870813397,3.651114422883224e-05,2,2,2,2,2
1756,38,11:07:51,4,0.0162679425837319,902607.0,0.0160287081339713,0.0157894736842105,1.3892422658347405e-05,0.0153110047846889,1.141577906465873e-06,0.0148325358851675,5.185472524285661e-06,0.0143540669856458,1.5846649243992373e-05,0.0138755980861244,1.954226585644969e-06,0.0162679425837319,3.053237180344318e-05,0.0167464114832536,7.99104534526111e-06,0.0172248803827752,1.2770193529957225e-06,0.0177033492822966,4.52297036297394e-06,0.0181818181818183,3.15385082633792e-05,2,2,2,2,2
1757,38,11:07:54,4,0.0157894736842105,4054161.0,0.0160287081339713,0.0157894736842105,3.4053849413219262e-06,0.0153110047846889,1.141577906465873e-06,0.0148325358851675,6.385096764978612e-06,0.0143540669856458,1.5924044356295145e-05,0.0138755980861244,1.954226585644969e-06,0.0162679425837319,5.378960305042588e-06,0.0167464114832536,1.1996242406929512e-05,0.0172248803827752,1.2576705749200296e-06,0.0177033492822966,6.806126175905686e-06,0.0181818181818183,3.0822603474578574e-05,1,2,2,2,2
1758,38,11:07:57,4,0.0172248803827752,3768869.0,0.017464114832536,0.0172248803827752,2.070319254099126e-06,0.0167464114832536,1.1609266845415657e-07,0.0162679425837319,1.0448340160874092e-06,0.0153110047846889,1.1609266845415658e-06,0.0148325358851675,6.578584545735539e-06,0.0177033492822966,6.457848170543216e-06,0.0181818181818183,3.219636671795276e-05,0.0186602870813397,3.941346094018616e-05,0.0191387559808613,9.847618647958058e-05,0.0196172248803827,1.954226585644969e-06,1,0,1,1,2
1759,38,11:08:00,4,0.0162679425837319,2999919.0,0.017224880382775,0.0167464114832536,4.256731176652408e-07,0.0162679425837319,6.926862551098009e-06,0.0157894736842105,9.867876818603309e-07,0.0153110047846889,1.6639949145095776e-06,0.0148325358851675,6.926862551098009e-06,0.0177033492822966,1.934877807569276e-08,0.0181818181818183,3.3758974035345704e-05,0.0186602870813397,3.980043650170001e-05,0.0191387559808613,9.808921091806672e-05,0.0196172248803827,1.876831473342198e-06,1,1,2,1,2
1760,38,11:08:03,4,0.0172248803827752,1457913.0,0.0167464114832536,0.0162679425837319,1.6756041813549934e-05,0.0157894736842105,1.1802754626172586e-06,0.0153110047846889,1.6639949145095776e-06,0.0148325358851675,7.313838112611864e-06,0.0143540669856458,1.7181714931215175e-05,0.0172248803827752,7.720162452201413e-06,0.0177033492822966,7.720162452201413e-06,0.0181818181818183,3.4165298374935256e-05,0.0186602870813397,4.0187412063213866e-05,0.0191387559808613,9.97338570545006e-05,1,1,2,1,2
1761,38,11:08:06,4,0.0167464114832536,473966.0,0.0169856459330144,0.0167464114832536,3.095804492110842e-07,0.0162679425837319,2.555973583799014e-05,0.0157894736842105,1.722041248736656e-06,0.0153110047846889,2.0122729198720474e-06,0.0148325358851675,9.016530583272828e-06,0.0172248803827752,6.791421104568159e-06,0.0177033492822966,9.751784150149151e-06,0.0181818181818183,3.637105907556423e-05,0.0186602870813397,4.119354852314989e-05,0.0191387559808613,0.0001007012959582,1,1,2,1,2
1762,38,11:08:09,4,0.0157894736842105,4697153.0,0.0155502392344499,0.0153110047846889,2.0122729198720474e-06,0.0148325358851675,9.016530583272828e-06,0.0143540669856458,1.8013712388469963e-05,0.0138755980861244,1.7413900268123486e-06,0.0133971291866028,1.7336505155820716e-05,0.0157894736842105,1.0119410933587316e-05,0.0172248803827752,1.9348778075692766e-07,0.0177033492822966,1.1241640061977496e-05,0.0181818181818183,3.913793434038829e-05,0.0186602870813397,4.1290292413528354e-05,2,2,2,2,2
1763,38,11:08:12,4,0.0177033492822966,10263474.0,0.0179425837320574,0.0177033492822966,4.345929043581352e-06,0.0172248803827752,2.186411922553282e-06,0.0167464114832536,1.0970757168917796e-05,0.0162679425837319,1.1028803503144874e-06,0.0157894736842105,5.804633422707829e-07,0.0181818181818183,1.547902246055421e-07,0.0186602870813397,1.886041491706228e-05,0.0191387559808613,0.0001018041763085,0.0196172248803827,1.876831473342198e-06,0.0200956937799043,4.701753072393341e-06,0,1,1,1,2
1764,38,11:08:15,4,0.0172248803827752,2170697.0,0.017464114832536,0.0172248803827752,5.9013773130862925e-06,0.0167464114832536,7.964150543735898e-06,0.0162679425837319,1.780087582963734e-06,0.0157894736842105,6.385096764978611e-07,0.0153110047846889,5.398309083118281e-06,0.0177033492822966,1.547902246055421e-07,0.0181818181818183,1.4124607995255717e-06,0.0186602870813397,1.9305436812803213e-05,0.0191387559808613,0.0001019009201989,0.0196172248803827,1.876831473342198e-06,1,1,1,1,2
1765,38,11:08:18,4,0.0172248803827752,1483695.0,0.0169856459330144,0.0167464114832536,3.0495609125099364e-06,0.0162679425837319,2.167063144477589e-06,0.0157894736842105,1.1609266845415658e-06,0.0153110047846889,5.378960305042588e-06,0.0148325358851675,2.554038705991445e-06,0.0172248803827752,4.06324339589548e-07,0.0177033492822966,3.4634312755490046e-06,0.0181818181818183,3.540826387851776e-06,0.0186602870813397,1.9518273371635836e-05,0.0191387559808613,0.0001018622226428,1,2,1,1,2
1766,38,11:08:21,4,0.0172248803827752,1920412.0,0.017464114832536,0.0172248803827752,9.674389037846383e-08,0.0167464114832536,1.2694733295462022e-06,0.0162679425837319,2.921665489429607e-06,0.0157894736842105,2.4766435936886736e-06,0.0153110047846889,6.30770165267584e-06,0.0177033492822966,2.5482340725687367e-05,0.0181818181818183,2.9023167113539144e-07,0.0186602870813397,1.992459771122538e-05,0.0191387559808613,0.0001028490103246,0.0196172248803827,1.876831473342198e-06,1,2,1,1,2
1767,38,11:08:24,4,0.0177033492822966,1695477.0,0.017464114832536,0.0172248803827752,3.869755615138552e-08,0.0167464114832536,1.0487037717025478e-05,0.0162679425837319,2.999060601732378e-06,0.0157894736842105,1.7413900268123486e-06,0.0153110047846889,8.203881904093731e-06,0.0177033492822966,2.6882998770586768e-05,0.0181818181818183,2.921665489429607e-06,0.0186602870813397,2.025352693851216e-05,0.0191387559808613,0.0001029651029931,0.0196172248803827,1.876831473342198e-06,1,1,1,1,2
1768,38,11:08:27,4,0.0167464114832536,2528766.0,0.0165071770334928,0.0162679425837319,2.766875264824065e-06,0.0157894736842105,2.128365588326204e-06,0.0153110047846889,8.203881904093731e-06,0.0148325358851675,4.450218957409336e-06,0.0143540669856458,1.990989263988785e-05,0.0167464114832536,4.605009182014878e-06,0.0172248803827752,5.1467749681342745e-06,0.0177033492822966,2.9224200917745596e-05,0.0181818181818183,3.598872722078854e-06,0.0186602870813397,2.1143570729994024e-05,2,2,2,2,2
1769,38,11:08:30,4,0.0177033492822966,1674975.0,0.017464114832536,0.0172248803827752,3.173199604413613e-06,0.0162679425837319,2.72817770867268e-06,0.0157894736842105,2.37989970331021e-06,0.0153110047846889,1.1319035174280268e-05,0.0148325358851675,4.450218957409336e-06,0.0177033492822966,3.0269034933833e-05,0.0181818181818183,4.7211018504690345e-06,0.0186602870813397,2.2072312077627275e-05,0.0191387559808613,0.0001059448148167,0.0196172248803827,1.876831473342198e-06,1,2,1,1,2
1770,38,11:08:33,4,0.0167464114832536,4810310.0,0.0165071770334928,0.0162679425837319,1.780087582963734e-06,0.0157894736842105,3.0571069359594564e-06,0.0153110047846889,1.1377081508507344e-05,0.0148325358851675,4.450218957409336e-06,0.0143540669856458,1.0835315722387946e-05,0.0167464114832536,1.47050713375265e-06,0.0172248803827752,5.8046334227078287e-08,0.0177033492822966,5.880093657203031e-07,0.0181818181818183,5.0113335216044255e-06,0.0186602870813397,8.109343774415896e-05,2,2,1,2,2
1771,38,11:08:36,4,0.0177033492822966,2298779.0,0.017464114832536,0.0172248803827752,3.937476338403477e-05,0.0167464114832536,5.061833832381983e-06,0.0162679425837319,9.674389037846383e-08,0.0157894736842105,4.605009182014878e-06,0.0153110047846889,1.1299686396204572e-05,0.0177033492822966,9.480901257089452e-07,0.0181818181818183,5.0113335216044255e-06,0.0186602870813397,8.138366941529436e-05,0.0191387559808613,0.0001065639757152,0.0196172248803827,2.263807034856053e-06,2,2,1,1,2
1772,38,11:08:39,4,0.0172248803827752,1252611.0,0.0177033492822968,0.0172248803827752,3.550500776889622e-05,0.0167464114832536,1.0440794137424572e-05,0.0162679425837319,2.51534114984006e-07,0.0157894736842105,4.605009182014878e-06,0.0153110047846889,1.1299686396204572e-05,0.0181818181818183,5.940074869237678e-06,0.0186602870813397,8.157715719605128e-05,0.0191387559808613,0.00010882778275,0.0196172248803827,2.263807034856053e-06,0.0200956937799043,4.701753072393341e-06,1,1,1,1,2
1773,38,11:08:42,4,0.0181818181818183,1701667.0,0.0179425837320574,0.0177033492822966,2.2444582567803605e-06,0.0172248803827752,3.393775674476511e-05,0.0167464114832536,1.5916498332845622e-05,0.0162679425837319,1.9155290294935838e-06,0.0157894736842105,5.185472524285661e-06,0.0181818181818183,1.9735753637206617e-06,0.0186602870813397,8.09966938537805e-05,0.0191387559808613,0.0001102982898838,0.0196172248803827,6.133562649994606e-06,0.0200956937799043,4.701753072393341e-06,1,1,1,1,2
1774,38,11:08:45,4,0.0177033492822966,1493116.0,0.017464114832536,0.0172248803827752,3.0106698685777937e-05,0.0167464114832536,2.1024575744828512e-05,0.0162679425837319,1.9348778075692764e-06,0.0157894736842105,4.991984743528732e-06,0.0153110047846889,7.797557564504183e-06,0.0177033492822966,5.8046334227078287e-08,0.0181818181818183,4.837194518923191e-07,0.0186602870813397,9.103870967506504e-05,0.0191387559808613,0.0001105111264426,0.0196172248803827,6.133562649994606e-06,2,2,1,2,2
1775,38,11:08:48,4,0.0181818181818183,5443258.0,0.0184210526315791,0.0181818181818183,2.5838358242280115e-05,0.0177033492822966,4.7211018504690345e-06,0.0172248803827752,2.9023167113539144e-07,0.0167464114832536,2.408168268078797e-05,0.0162679425837319,1.8574826952665047e-06,0.0186602870813397,9.028410733011302e-05,0.0191387559808613,0.0001102334714772,0.0196172248803827,6.133562649994606e-06,0.0200956937799043,4.701753072393341e-06,0.0205741626794258,1.5598984884623504e-05,1,1,1,2,2
1776,38,11:08:51,4,0.0181818181818183,2032314.0,0.0184210526315791,0.0181818181818183,1.2545747704279187e-05,0.0177033492822966,9.964620708981772e-06,0.0172248803827752,1.954226585644969e-06,0.0167464114832536,2.4952377694194145e-05,0.0162679425837319,1.8574826952665047e-06,0.0186602870813397,8.906513431134438e-05,0.0191387559808613,0.0001112202591591,0.0196172248803827,6.133562649994606e-06,0.0200956937799043,4.701753072393341e-06,0.0205741626794258,1.5598984884623504e-05,1,1,1,2,2
1777,38,11:08:54,4,0.0177033492822966,2990416.0,0.0179425837320574,0.0177033492822966,1.1183593727750417e-05,0.0172248803827752,1.5227488345570205e-05,0.0167464114832536,2.394624123425812e-05,0.0162679425837319,2.0122729198720474e-06,0.0157894736842105,4.895240853150269e-06,0.0181818181818183,5.080989122676919e-06,0.0186602870813397,9.030345610818873e-05,0.0191387559808613,0.0001092273350173,0.0196172248803827,6.133562649994606e-06,0.0200956937799043,4.701753072393341e-06,1,1,1,2,2
1778,38,11:08:57,4,0.0186602870813397,2549677.0,0.0184210526315791,0.0181818181818183,5.417657861193974e-07,0.0177033492822966,9.887225596679e-06,0.0172248803827752,1.756869049272903e-05,0.0167464114832536,2.352056811659288e-05,0.0162679425837319,2.979711823656685e-06,0.0186602870813397,8.147267379444254e-05,0.0191387559808613,0.0001115878859425,0.0196172248803827,6.288352874600148e-06,0.0200956937799043,6.44314309920569e-06,0.0205741626794258,1.5598984884623504e-05,1,1,1,2,2
1779,38,11:09:00,4,0.0181818181818183,3241184.0,0.0184210526315791,0.0181818181818183,3.6375702782302393e-06,0.0177033492822966,1.261540330535168e-05,0.0172248803827752,1.783957338578873e-05,0.0167464114832536,1.3660237321439093e-05,0.0162679425837319,3.753662946684396e-06,0.0186602870813397,7.59582720428701e-05,0.0191387559808613,0.0001122650931752,0.0196172248803827,6.288352874600148e-06,0.0200956937799043,6.23030654037307e-06,0.0205741626794258,1.5598984884623504e-05,1,1,0,2,2
1780,38,11:09:03,4,0.0181818181818183,2462153.0,0.0179425837320574,0.0177033492822966,1.1783405848096892e-05,0.0172248803827752,1.7433249046199178e-05,0.0167464114832536,1.2905634976487071e-05,0.0162679425837319,3.753662946684396e-06,0.0157894736842105,4.140638508198252e-06,0.0181818181818183,2.354746291811809e-05,0.0186602870813397,7.417818445990637e-05,0.0191387559808613,0.0001120135590602,0.0196172248803827,6.288352874600148e-06,0.0200956937799043,6.327050430751533e-06,1,1,0,2,2
1781,38,11:09:06,4,0.0181818181818183,6302362.0,0.0184210526315791,0.0181818181818183,2.4766435936886736e-06,0.0177033492822966,1.2267125299989212e-05,0.0172248803827752,1.8729617177270597e-05,0.0167464114832536,1.261540330535168e-05,0.0162679425837319,3.869755615138553e-06,0.0186602870813397,5.108328946097873e-05,0.0191387559808613,0.0001113557006056,0.0196172248803827,6.288352874600148e-06,0.0200956937799043,6.327050430751533e-06,0.0205741626794258,1.5598984884623504e-05,1,0,0,2,2
1782,38,11:09:09,4,0.0181818181818183,1534338.0,0.0179425837320574,0.0177033492822966,1.2402566746519062e-05,0.0172248803827752,1.8594175730740745e-05,0.0167464114832536,1.1918847294626742e-05,0.0162679425837319,3.869755615138553e-06,0.0157894736842105,3.947150727441323e-06,0.0181818181818183,1.652385647664162e-05,0.0186602870813397,4.866469220151714e-05,0.0191387559808613,0.0001105817494826,0.0196172248803827,6.288352874600148e-06,0.0200956937799043,6.327050430751533e-06,1,1,1,2,2
1783,38,11:09:12,4,0.0181818181818183,2048906.0,0.0179425837320574,0.0177033492822966,5.66919197617798e-06,0.0172248803827752,1.8594175730740745e-05,0.0167464114832536,1.2228427743837826e-05,0.0162679425837319,3.289292272867769e-06,0.0157894736842105,3.947150727441323e-06,0.0181818181818183,1.2383217968443369e-05,0.0186602870813397,5.065761634331349e-05,0.0191387559808613,0.0001105817494826,0.0196172248803827,6.636630879962617e-06,0.0200956937799043,6.520538211508461e-06,1,0,1,2,2
1784,38,11:09:15,4,0.0186602870813397,3511350.0,0.0181818181818183,0.0177033492822966,2.0896680321748184e-05,0.0172248803827752,1.8594175730740745e-05,0.0167464114832536,8.068440457563883e-06,0.0162679425837319,3.250594716716384e-06,0.0157894736842105,3.8117092809114736e-06,0.0186602870813397,4.647789330340234e-05,0.0191387559808613,0.0001116459322768,0.0196172248803827,6.636630879962617e-06,0.0200956937799043,6.520538211508461e-06,0.0205741626794258,1.557963610654781e-05,1,0,1,2,2
1785,38,11:09:18,4,0.0177033492822966,1740432.0,0.0179425837320574,0.0177033492822966,1.5208139567494512e-05,0.0172248803827752,1.820720016922689e-05,0.0167464114832536,7.99104534526111e-06,0.0162679425837319,3.15385082633792e-06,0.0157894736842105,3.8117092809114736e-06,0.0181818181818183,9.17132080787837e-06,0.0186602870813397,4.754207609756544e-05,0.0191387559808613,0.0001148191318812,0.0196172248803827,6.636630879962617e-06,0.0200956937799043,6.520538211508461e-06,1,1,1,2,2
1786,38,11:09:21,4,0.0181818181818183,2321458.0,0.0179425837320574,0.0177033492822966,1.1183593727750417e-05,0.0172248803827752,1.820720016922689e-05,0.0167464114832536,7.99104534526111e-06,0.0162679425837319,2.37989970331021e-06,0.0157894736842105,3.8117092809114736e-06,0.0181818181818183,2.0142077976796167e-05,0.0186602870813397,4.7619471209868216e-05,0.0191387559808613,0.0001156124317823,0.0196172248803827,6.636630879962617e-06,0.0200956937799043,6.520538211508461e-06,1,1,1,2,2
1787,38,11:09:24,4,0.0181818181818183,2863910.0,0.0179425837320574,0.0177033492822966,5.495052973496745e-06,0.0172248803827752,1.6968878372382554e-05,0.0167464114832536,9.538947591316533e-06,0.0162679425837319,2.418597259461595e-06,0.0157894736842105,3.8117092809114736e-06,0.0181818181818183,4.179336064349637e-06,0.0186602870813397,5.057112730531515e-05,0.0191387559808613,0.0001165024755737,0.0196172248803827,6.8301186607195456e-06,0.0200956937799043,6.520538211508461e-06,1,1,1,2,2
1788,38,11:09:27,4,0.0177033492822966,2368369.0,0.0179425837320574,0.0177033492822966,7.526674671444484e-06,0.0172248803827752,1.6968878372382554e-05,0.0167464114832536,9.403506144786684e-06,0.0162679425837319,2.418597259461595e-06,0.0157894736842105,3.8117092809114736e-06,0.0181818181818183,1.0763725243507884e-06,0.0186602870813397,4.911996894963819e-05,0.0191387559808613,0.0001167927072449,0.0196172248803827,7.604069783747256e-06,0.0200956937799043,6.520538211508461e-06,0,1,1,2,2
1789,38,11:09:30,4,0.0177033492822966,1901560.0,0.0181818181818183,0.0177033492822966,3.7221244384210167e-06,0.0172248803827752,1.6968878372382554e-05,0.0167464114832536,9.229367142105449e-06,0.0162679425837319,2.418597259461595e-06,0.0157894736842105,3.753662946684396e-06,0.0186602870813397,5.008585995117677e-05,0.0191387559808613,0.000110930027488,0.0196172248803827,7.604069783747256e-06,0.0200956937799043,6.520538211508461e-06,0.0205741626794258,1.4747638649293024e-05,0,0,1,2,2
1790,38,11:09:33,4,0.0177033492822966,1217876.0,0.017464114832536,0.0172248803827752,1.6833436925852703e-05,0.0167464114832536,9.538947591316533e-06,0.0162679425837319,1.3737632433741862e-06,0.0157894736842105,3.753662946684396e-06,0.0153110047846889,4.991984743528732e-06,0.0177033492822966,1.881920201976105e-05,0.0181818181818183,2.109016810250511e-06,0.0186602870813397,4.875079426395397e-05,0.0191387559808613,0.0001112976542714,0.0196172248803827,7.604069783747256e-06,1,0,1,2,2
1791,38,11:09:36,4,0.0172248803827752,1761035.0,0.017464114832536,0.0172248803827752,1.449223477869388e-05,0.0167464114832536,1.0622479163555326e-05,0.0162679425837319,1.3737632433741862e-06,0.0157894736842105,4.140638508198252e-06,0.0153110047846889,4.991984743528732e-06,0.0177033492822966,8.93197642308205e-06,0.0181818181818183,5.0113335216044255e-06,0.0186602870813397,5.552286659044644e-05,0.0191387559808613,0.0001114911420521,0.0196172248803827,7.604069783747256e-06,1,0,1,2,2
1792,38,11:09:39,4,0.0177033492822966,1201717.0,0.017464114832536,0.0172248803827752,1.3756981211817557e-05,0.0167464114832536,1.0622479163555326e-05,0.0162679425837319,1.2770193529957225e-06,0.0157894736842105,4.140638508198252e-06,0.0153110047846889,4.991984743528732e-06,0.0177033492822966,1.9666098036134123e-05,0.0181818181818183,8.532811131380508e-06,0.0186602870813397,5.6006586042338754e-05,0.0191387559808613,0.0001110074226003,0.0196172248803827,7.604069783747256e-06,1,1,2,2,2
1793,38,11:09:42,4,0.0172248803827752,7671537.0,0.0169856459330144,0.0167464114832536,8.416718462926351e-06,0.0162679425837319,1.2770193529957225e-06,0.0157894736842105,4.140638508198252e-06,0.0153110047846889,5.185472524285661e-06,0.0148325358851675,9.577645147467915e-06,0.0172248803827752,7.758860008352799e-06,0.0177033492822966,1.6434852097493432e-06,0.0181818181818183,5.804633422707829e-07,0.0186602870813397,3.6472059697119344e-05,0.0191387559808613,0.0001121683492848,1,1,2,2,2
1794,38,11:09:45,4,0.0172248803827752,2986356.0,0.0169856459330144,0.0167464114832536,5.804633422707829e-07,0.0157894736842105,2.766875264824065e-06,0.0153110047846889,5.185472524285661e-06,0.0148325358851675,9.577645147467915e-06,0.0143540669856458,9.86787681860331e-06,0.0172248803827752,1.4511583556769572e-06,0.0177033492822966,8.617945754913556e-07,0.0181818181818183,1.1241640061977496e-05,0.0186602870813397,3.651075725327073e-05,0.0191387559808613,0.0001119942102821,1,1,2,2,2
1795,38,11:09:48,4,0.0177033492822966,2199511.0,0.0179425837320574,0.0177033492822966,8.79595451320993e-07,0.0172248803827752,2.128365588326204e-06,0.0167464114832536,4.837194518923191e-07,0.0157894736842105,2.4379460375372883e-06,0.0153110047846889,5.185472524285661e-06,0.0181818181818183,1.87102683991949e-05,0.0186602870813397,3.660750114364919e-05,0.0191387559808613,0.0001101560763649,0.0196172248803827,6.8301186607195456e-06,0.0200956937799043,6.578584545735539e-06,0,1,2,2,2
1796,38,11:09:51,4,0.0177033492822966,727284.0,0.017464114832536,0.0172248803827752,5.8046334227078287e-08,0.0167464114832536,2.410857748231318e-07,0.0162679425837319,9.480901257089452e-07,0.0157894736842105,2.37989970331021e-06,0.0153110047846889,5.185472524285661e-06,0.0177033492822966,2.9023167113539144e-07,0.0181818181818183,1.9445521966071227e-05,0.0186602870813397,3.653010603134642e-05,0.0191387559808613,0.0001122457443971,0.0196172248803827,6.675328436114004e-06,0,1,2,2,2
1797,38,11:09:54,4,0.0172248803827752,748447.0,0.017464114832536,0.0172248803827752,1.8381339171908123e-06,0.0167464114832536,2.410857748231318e-07,0.0162679425837319,9.674389037846382e-07,0.0157894736842105,2.37989970331021e-06,0.0153110047846889,5.185472524285661e-06,0.0177033492822966,1.1609266845415657e-07,0.0181818181818183,2.0277519423326012e-05,0.0186602870813397,3.639466458481657e-05,0.0191387559808613,0.0001136195076405,0.0196172248803827,6.675328436114004e-06,1,1,2,2,2
1798,38,11:09:57,4,0.0172248803827752,1140326.0,0.017464114832536,0.0172248803827752,2.186411922553282e-06,0.0167464114832536,4.401073061097076e-06,0.0162679425837319,9.674389037846382e-07,0.0157894736842105,1.9929241417963544e-06,0.0153110047846889,5.185472524285661e-06,0.0177033492822966,7.99104534526111e-06,0.0181818181818183,1.5034000564813276e-05,0.0186602870813397,3.678164014633043e-05,0.0191387559808613,0.0001141225758704,0.0196172248803827,6.675328436114004e-06,1,1,2,2,2
1799,38,11:10:00,4,0.0172248803827752,1856298.0,0.0169856459330144,0.0167464114832536,7.635027828668364e-07,0.0162679425837319,1.3350656872228009e-06,0.0157894736842105,1.9929241417963544e-06,0.0153110047846889,5.185472524285661e-06,0.0148325358851675,9.558296369392224e-06,0.0172248803827752,1.913594151686014e-05,0.0177033492822966,4.159987286273944e-06,0.0181818181818183,1.849743184036228e-05,0.0186602870813397,3.666554747787627e-05,0.0191387559808613,0.0001136969027528,1,2,2,2,2
1800,38,11:10:03,4,0.0172248803827752,874637.0,0.0165071770334928,0.0162679425837319,2.573387484067137e-06,0.0157894736842105,1.9929241417963544e-06,0.0153110047846889,6.733374770341081e-06,0.0148325358851675,9.558296369392224e-06,0.0143540669856458,1.1164244949674724e-05,0.0167464114832536,9.674389037846382e-07,0.0172248803827752,1.581840002800186e-05,0.0177033492822966,7.932999011034033e-06,0.0181818181818183,1.932942929761707e-05,0.0186602870813397,3.734275471052552e-05,2,2,2,2,2
1801,38,11:10:06,4,0.0172248803827752,3931350.0,0.0167464114832536,0.0162679425837319,1.81878513911512e-06,0.0157894736842105,1.9929241417963544e-06,0.0153110047846889,6.926862551098009e-06,0.0148325358851675,9.558296369392224e-06,0.0143540669856458,1.120294250582611e-05,0.0172248803827752,1.390016216957768e-06,0.0181818181818183,2.176737533515436e-05,0.0186602870813397,4.411482703701798e-05,0.0191387559808613,0.0001136775539747,0.0196172248803827,7.333186890687557e-06,2,1,2,2,2
1802,38,11:10:09,4,0.0177033492822966,1250110.0,0.0179425837320574,0.0177033492822966,3.311736855435573e-06,0.0172248803827752,1.9348778075692764e-06,0.0167464114832536,1.547902246055421e-07,0.0162679425837319,2.109016810250511e-06,0.0157894736842105,1.9929241417963544e-06,0.0181818181818183,2.250262890203068e-05,0.0186602870813397,4.394068803433675e-05,0.0191387559808613,0.0001137936466432,0.0196172248803827,7.236443000309093e-06,0.0200956937799043,6.578584545735539e-06,1,2,2,2,2
1803,38,11:10:12,4,0.0172248803827752,1537871.0,0.017464114832536,0.0172248803827752,1.8033061166545656e-05,0.0167464114832536,1.091271083469072e-05,0.0162679425837319,1.9155290294935838e-06,0.0157894736842105,1.9929241417963544e-06,0.0153110047846889,8.47476479715343e-06,0.0177033492822966,2.5702916795750267e-06,0.0181818181818183,2.2870255685468847e-05,0.0186602870813397,4.3186085689384736e-05,0.0191387559808613,0.000114006483202,0.0196172248803827,7.236443000309093e-06,1,2,2,2,2
1804,38,11:10:15,4,0.0172248803827752,1711576.0,0.017464114832536,0.0172248803827752,1.1841452182323973e-05,0.0167464114832536,1.44341884444668e-05,0.0162679425837319,2.109016810250511e-06,0.0157894736842105,2.186411922553282e-06,0.0153110047846889,8.668252577910358e-06,0.0177033492822966,2.4155014549694847e-06,0.0181818181818183,2.348941658389101e-05,0.0186602870813397,4.32828295797632e-05,0.0191387559808613,0.0001141999709827,0.0196172248803827,7.236443000309093e-06,2,2,2,2,2
1805,38,11:10:18,4,0.0181818181818183,1625042.0,0.0177033492822968,0.0172248803827752,1.0254852380117164e-05,0.0167464114832536,5.940074869237678e-06,0.0162679425837319,3.231245938640692e-06,0.0157894736842105,1.2576705749200296e-06,0.0153110047846889,9.0939256955756e-06,0.0181818181818183,2.05453065118936e-05,0.0186602870813397,4.339156971254859e-05,0.0191387559808613,0.0001141999709827,0.0196172248803827,3.3666873851705405e-06,0.0200956937799043,6.578584545735539e-06,1,2,2,2,2
1806,38,11:10:21,4,0.0172248803827752,1722910.0,0.017464114832536,0.0172248803827752,7.720162452201413e-06,0.0167464114832536,6.578584545735539e-06,0.0162679425837319,3.3860361632462336e-06,0.0157894736842105,1.2576705749200296e-06,0.0153110047846889,9.0939256955756e-06,0.0177033492822966,1.9348778075692766e-07,0.0181818181818183,1.594494103661689e-05,0.0186602870813397,4.356570871522983e-05,0.0191387559808613,0.0001141419246485,0.0196172248803827,3.3666873851705405e-06,1,2,2,2,2
1807,38,11:10:24,4,0.0172248803827752,1012548.0,0.017464114832536,0.0172248803827752,7.83625512065557e-06,0.0167464114832536,6.578584545735539e-06,0.0162679425837319,3.3860361632462336e-06,0.0157894736842105,1.4318095776012643e-06,0.0153110047846889,9.0939256955756e-06,0.0177033492822966,7.410582002990328e-06,0.0181818181818183,1.3719831557912223e-05,0.0186602870813397,4.364310382753259e-05,0.0191387559808613,0.0001141419246485,0.0196172248803827,3.3666873851705405e-06,2,2,2,2,2
1808,38,11:10:27,4,0.0181818181818183,2204534.0,0.0179425837320574,0.0177033492822966,5.471834439805914e-06,0.0172248803827752,1.2572835993585158e-05,0.0167464114832536,7.062303997627858e-06,0.0162679425837319,3.3860361632462336e-06,0.0157894736842105,2.3992484813859025e-06,0.0181818181818183,3.181403486317707e-05,0.0186602870813397,4.401073061097076e-05,0.0191387559808613,0.0001141419246485,0.0196172248803827,3.3666873851705405e-06,0.0200956937799043,6.578584545735539e-06,2,2,2,2,2
1809,38,11:10:30,4,0.0181818181818183,4040563.0,0.0184210526315791,0.0181818181818183,2.9054125158460253e-06,0.0177033492822966,5.394439327503142e-06,0.0172248803827752,1.4236830908094735e-05,0.0167464114832536,1.04289913827984e-05,0.0162679425837319,3.3860361632462336e-06,0.0186602870813397,4.408812572327353e-05,0.0191387559808613,0.0001124392321779,0.0196172248803827,3.3666873851705405e-06,0.0200956937799043,6.578584545735539e-06,0.0205741626794258,1.557963610654781e-05,1,2,2,2,2
1810,38,11:10:33,4,0.0177033492822966,1587365.0,0.0179425837320574,0.0177033492822966,5.86190580581188e-06,0.0172248803827752,1.607496482528555e-05,0.0167464114832536,8.977833027121442e-06,0.0162679425837319,3.3860361632462336e-06,0.0157894736842105,2.3218533690831315e-06,0.0181818181818183,1.7413900268123485e-07,0.0186602870813397,4.1553435795357774e-05,0.0191387559808613,0.0001124392321779,0.0196172248803827,3.3666873851705405e-06,0.0200956937799043,6.578584545735539e-06,2,2,2,2,2
1811,38,11:10:36,4,0.0177033492822966,3760987.0,0.017224880382775,0.0167464114832536,9.0939256955756e-06,0.0162679425837319,3.521477609776083e-06,0.0157894736842105,2.3218533690831315e-06,0.0153110047846889,9.0939256955756e-06,0.0148325358851675,9.635691481694996e-06,0.0177033492822966,1.9735753637206617e-06,0.0181818181818183,8.966997711399055e-06,0.0186602870813397,4.22886893622341e-05,0.0191387559808613,0.0001194241410632,0.0196172248803827,3.3666873851705405e-06,2,2,2,2,2
1812,38,11:10:39,4,0.0191387559808613,7001172.0,0.0186602870813397,0.0181818181818183,6.829344709596517e-06,0.0177033492822966,2.921665489429607e-06,0.0167464114832536,9.03587936134852e-06,0.0162679425837319,3.018409379808071e-06,0.0157894736842105,2.3218533690831315e-06,0.0191387559808613,0.0001184760509375,0.0196172248803827,3.3666873851705405e-06,0.0200956937799043,6.288352874600148e-06,0.0205741626794258,1.596661166806167e-05,0.0210526315789474,4.430870179333643e-06,2,2,2,2,2
1813,38,11:10:42,4,0.0186602870813397,598100.0,0.0188995215311005,0.0186602870813397,9.093925695575598e-07,0.0181818181818183,7.680690944927e-06,0.0177033492822966,7.70081367412572e-06,0.0172248803827752,3.869755615138553e-07,0.0167464114832536,8.823042802515899e-06,0.0191387559808613,0.0001180310290417,0.0196172248803827,3.3666873851705405e-06,0.0200956937799043,6.288352874600148e-06,0.0205741626794258,1.6353587229575524e-05,0.0210526315789474,5.398309083118281e-06,2,2,2,2,2
1814,38,11:10:45,4,0.0186602870813397,2702555.0,0.0188995215311005,0.0186602870813397,2.302504591007439e-06,0.0181818181818183,8.53203718025748e-06,0.0177033492822966,2.571452606259568e-05,0.0172248803827752,2.8829679332782217e-06,0.0167464114832536,8.068440457563883e-06,0.0191387559808613,9.864355340993532e-05,0.0196172248803827,3.3666873851705405e-06,0.0200956937799043,6.288352874600148e-06,0.0205741626794258,1.6353587229575524e-05,0.0210526315789474,5.398309083118281e-06,2,2,2,2,2
1815,38,11:10:48,4,0.0200956937799043,12668905.0,0.0203349282296652,0.0200956937799043,6.017469981540449e-06,0.0196172248803827,1.4608327447148036e-05,0.0191387559808613,1.787478816188649e-05,0.0181818181818183,1.280811713498558e-05,0.0177033492822966,2.764940387016496e-05,0.0205741626794258,1.0993975702608627e-05,0.0210526315789474,5.398309083118281e-06,0.021531100478469,4.04172755467531e-05,0.0220095693779904,1.8110456278848425e-05,0.0224880382775121,2.044449937811924e-05,2,2,2,2,1
1816,38,11:10:51,4,0.0205741626794258,1386804.0,0.0208133971291866,0.0205741626794258,8.374151151159827e-06,0.0200956937799043,5.785284644632136e-06,0.0196172248803827,2.163193388862451e-05,0.0191387559808613,3.4669527531587806e-05,0.0186602870813397,6.191608984221684e-07,0.0210526315789474,5.398309083118281e-06,0.021531100478469,4.020443898792048e-05,0.0220095693779904,1.8110456278848425e-05,0.0224880382775121,2.044449937811924e-05,0.0229665071770335,3.779938587311187e-05,2,2,2,2,1
1817,38,11:10:54,4,0.0205741626794258,1043324.0,0.0210526315789474,0.0205741626794258,4.46569797986989e-06,0.0200956937799043,7.83625512065557e-06,0.0196172248803827,2.4224670150767335e-05,0.0191387559808613,9.039400838958296e-05,0.0186602870813397,1.0448340160874092e-06,0.021531100478469,4.020443898792048e-05,0.0220095693779904,1.8110456278848425e-05,0.0224880382775121,2.044449937811924e-05,0.0229665071770335,3.779938587311187e-05,0.0234449760765551,0.0001438968625489,2,2,2,2,1
1818,38,11:10:57,4,0.0210526315789474,380011.0,0.0212918660287082,0.0210526315789474,1.1609266845415657e-07,0.0205741626794258,5.433136883654528e-06,0.0200956937799043,7.797557564504183e-06,0.0196172248803827,2.5172760276476285e-05,0.0191387559808613,8.563420898296254e-05,0.021531100478469,3.697319304927979e-05,0.0220095693779904,1.820720016922689e-05,0.0224880382775121,2.044449937811924e-05,0.0229665071770335,3.779938587311187e-05,0.0234449760765551,0.0001440903503296,2,2,2,2,1
1819,38,11:11:00,4,0.021531100478469,3388229.0,0.0212918660287082,0.0210526315789474,5.050031077755811e-06,0.0205741626794258,8.432197485386906e-06,0.0200956937799043,4.643706738166263e-06,0.0196172248803827,1.0448340160874092e-05,0.0191387559808613,4.1290292413528354e-05,0.021531100478469,6.963238253880312e-06,0.0220095693779904,1.820720016922689e-05,0.0224880382775121,1.4446378174654488e-05,0.0229665071770335,3.774133953888479e-05,0.0234449760765551,0.0001440903503296,2,2,2,2,1
1820,38,11:11:03,4,0.0220095693779904,2355274.0,0.0217703349282296,0.021531100478469,8.33932335062358e-06,0.0210526315789474,7.432252634435104e-06,0.0205741626794258,1.1837582426708831e-05,0.0200956937799043,1.0796618166236562e-05,0.0196172248803827,1.0448340160874092e-05,0.0220095693779904,4.97263596545304e-06,0.0224880382775121,1.4407680618503102e-05,0.0229665071770335,3.774133953888479e-05,0.0234449760765551,0.0001440903503296,0.0239234449760765,8.584685205401441e-05,2,2,2,2,1
1821,38,11:11:06,4,0.0224880382775121,1610654.0,0.0222488038277512,0.0220095693779904,9.287413476332526e-07,0.021531100478469,2.4708389602659655e-05,0.0210526315789474,1.8228870800671665e-05,0.0205741626794258,3.519155756407e-05,0.0200956937799043,1.114489617159903e-05,0.0224880382775121,8.58369841771958e-06,0.0229665071770335,3.776068831696048e-05,0.0234449760765551,0.0001440903503296,0.0239234449760765,8.223946586958225e-05,0.0244019138755982,6.731826868095026e-06,2,2,2,2,1
1822,38,11:11:09,4,0.021531100478469,1245395.0,0.0222488038277512,0.0220095693779904,2.9023167113539144e-07,0.021531100478469,3.411189574744634e-05,0.0210526315789474,1.89447755894723e-05,0.0205741626794258,3.5849416018643554e-05,0.0200956937799043,1.2847588642259994e-05,0.0224880382775121,2.662972326557595e-06,0.0229665071770335,3.36947360921344e-05,0.0234449760765551,0.0001431229114258,0.0239234449760765,8.222011709150656e-05,0.0244019138755982,6.847919536549183e-06,2,2,2,2,1
1823,38,11:11:12,4,0.0229665071770335,6263264.0,0.0224880382775118,0.0220095693779904,1.937973612061387e-06,0.021531100478469,6.481840655357075e-06,0.0210526315789474,5.478026048790135e-06,0.0205741626794258,2.9719723124264083e-05,0.0200956937799043,1.2596054527275987e-05,0.0229665071770335,2.933410197721553e-05,0.0234449760765551,0.0001431229114258,0.0239234449760765,8.220076831343087e-05,0.0244019138755982,6.847919536549183e-06,0.0248803827751198,1.1532065220893643e-05,2,2,2,1,1
1824,38,11:11:15,4,0.0229665071770335,1870702.0,0.0227272727272727,0.0224880382775121,1.5064958609734383e-06,0.0220095693779904,1.3643984347855508e-05,0.021531100478469,6.926862551098009e-06,0.0210526315789474,6.580906399104622e-06,0.0205741626794258,2.813312332205728e-05,0.0229665071770335,1.731851079221032e-05,0.0234449760765551,0.0001431229114258,0.0239234449760765,8.341974133219951e-05,0.0244019138755982,6.847919536549183e-06,0.0248803827751198,1.1454670108590873e-05,1,2,2,1,1
1825,38,11:11:18,4,0.0234449760765551,3390221.0,0.0229665071770337,0.0224880382775121,5.0113335216044255e-06,0.0220095693779904,1.4066948636590151e-05,0.021531100478469,1.3331308094152314e-05,0.0210526315789474,5.981094278758147e-06,0.0205741626794258,2.621759429256369e-05,0.0234449760765551,0.0001413441782574,0.0239234449760765,8.303276577068565e-05,0.0244019138755982,6.847919536549183e-06,0.0248803827751198,1.1454670108590873e-05,0.0253588516746412,2.122560954903496e-05,1,2,2,1,1
1826,38,11:11:21,4,0.0234449760765551,6270416.0,0.0229665071770337,0.0224880382775121,1.4898559118283427e-06,0.0220095693779904,1.1802754626172586e-06,0.021531100478469,1.0448340160874092e-06,0.0210526315789474,5.787606498001219e-06,0.0205741626794258,2.6178896736412308e-05,0.0234449760765551,0.0001335075361611,0.0239234449760765,8.214272197920378e-05,0.0244019138755982,6.847919536549183e-06,0.0248803827751198,1.1454670108590873e-05,0.0253588516746412,2.122560954903496e-05,2,2,2,1,1
1827,38,11:11:24,4,0.0234449760765551,2063792.0,0.0232057416267943,0.0229665071770335,1.723976126544225e-05,0.0224880382775121,2.9603630455809928e-06,0.0220095693779904,1.3931120214498788e-06,0.021531100478469,2.03162169794774e-06,0.0210526315789474,5.594118717244292e-06,0.0234449760765551,0.0001212597596392,0.0239234449760765,8.210402442305239e-05,0.0244019138755982,6.731826868095026e-06,0.0248803827751198,1.1454670108590873e-05,0.0253588516746412,2.122560954903496e-05,1,2,2,0,1
1828,38,11:11:27,4,0.0234449760765551,7802679.0,0.0232057416267943,0.0229665071770335,3.0222791354232096e-05,0.0224880382775121,4.450218957409336e-06,0.0220095693779904,2.070319254099126e-06,0.021531100478469,1.954226585644969e-06,0.0210526315789474,5.574769939168598e-06,0.0234449760765551,5.895669423553963e-05,0.0239234449760765,8.154290985885731e-05,0.0244019138755982,6.6350829777165625e-06,0.0248803827751198,1.1454670108590873e-05,0.0253588516746412,2.122560954903496e-05,1,2,2,0,1
1829,38,11:11:30,4,0.0234449760765551,4503537.0,0.0232057416267943,0.0229665071770335,1.2770193529957223e-05,0.0224880382775121,7.429930781066021e-06,0.0220095693779904,2.844270377126836e-06,0.021531100478469,2.167063144477589e-06,0.0210526315789474,5.553099307723823e-06,0.0234449760765551,4.1368654964734914e-05,0.0239234449760765,8.202662931074963e-05,0.0244019138755982,6.6350829777165625e-06,0.0248803827751198,1.1319228662061024e-05,0.0253588516746412,2.122560954903496e-05,2,2,2,0,1
1830,38,11:11:33,4,0.0234449760765551,5032851.0,0.0232057416267943,0.0229665071770335,9.151972029802676e-06,0.0224880382775121,8.107138013715267e-06,0.0220095693779904,2.844270377126836e-06,0.021531100478469,1.9929241417963544e-06,0.0210526315789474,5.378960305042588e-06,0.0234449760765551,2.1380399773640506e-07,0.0239234449760765,8.202662931074963e-05,0.0244019138755982,6.654431755792255e-06,0.0248803827751198,1.228666756584566e-05,0.0253588516746412,2.114821443673219e-05,2,2,2,0,1
1831,38,11:11:36,4,0.0234449760765551,6979838.0,0.0236842105263157,0.0234449760765551,6.940309951860615e-05,0.0229665071770335,1.0564432829328249e-05,0.0224880382775121,8.610206243683279e-06,0.0220095693779904,3.289292272867769e-06,0.021531100478469,1.47050713375265e-06,0.0239234449760765,3.740834706820212e-05,0.0244019138755982,6.654431755792255e-06,0.0248803827751198,1.4395684376096172e-05,0.0253588516746412,2.114821443673219e-05,0.0258373205741628,9.94527193090608e-06,2,2,2,0,2
1832,38,11:11:39,4,0.0234449760765551,1626104.0,0.0236842105263157,0.0234449760765551,9.374386233782764e-05,0.0229665071770335,1.093205961276641e-05,0.0224880382775121,7.081652775703551e-06,0.0220095693779904,3.579523944003161e-06,0.021531100478469,1.47050713375265e-06,0.0239234449760765,2.924316272025977e-05,0.0244019138755982,6.654431755792255e-06,0.0248803827751198,1.4395684376096172e-05,0.0253588516746412,2.1186911992883576e-05,0.0258373205741628,1.0312898714344242e-05,2,2,2,0,2
1833,38,11:11:42,4,0.0239234449760765,3658443.0,0.0236842105263157,0.0234449760765551,0.0001097671659256,0.0229665071770335,1.1319035174280268e-05,0.0224880382775121,8.494113575229124e-06,0.0220095693779904,3.15385082633792e-06,0.021531100478469,1.625297358358192e-06,0.0239234449760765,1.0378104096459328e-05,0.0244019138755982,6.9059658707762605e-06,0.0248803827751198,1.4318289263793402e-05,0.0253588516746412,2.124495832711065e-05,0.0258373205741628,1.0312898714344242e-05,2,2,2,0,2
1834,38,11:11:45,4,0.0244019138755982,3725990.0,0.0241626794258373,0.0239234449760765,1.0661176719706712e-05,0.0234449760765551,0.0001028718418828,0.0229665071770335,1.0796618166236562e-05,0.0224880382775121,8.300625794472195e-06,0.0220095693779904,3.115153270186535e-06,0.0244019138755982,6.035270857370087e-06,0.0248803827751198,1.4415033154171864e-05,0.0253588516746412,2.066449498483987e-05,0.0258373205741628,1.0312898714344242e-05,0.0263157894736842,0.000104902302654,2,2,1,0,1
1835,38,11:11:48,4,0.0239234449760765,3541340.0,0.0241626794258373,0.0239234449760765,2.8486625497500185e-05,0.0234449760765551,0.0001091988923135,0.0229665071770335,1.0583781607403942e-05,0.0224880382775121,8.26192823832081e-06,0.0220095693779904,2.9023167113539144e-06,0.0244019138755982,1.7978884587933715e-06,0.0248803827751198,1.6040330512530056e-05,0.0253588516746412,2.0683843762915563e-05,0.0258373205741628,1.0216154823965778e-05,0.0263157894736842,0.0001054827659963,2,2,2,0,2
1836,38,11:11:51,4,0.0244019138755982,12628366.0,0.0246411483253587,0.0244019138755982,7.546023449520178e-07,0.0239234449760765,5.102350173672484e-05,0.0234449760765551,5.282177717107973e-05,0.0229665071770335,1.0332247492419937e-05,0.0224880382775121,7.894301454882647e-06,0.0248803827751198,9.479546842624156e-06,0.0253588516746412,2.074189009714264e-05,0.0258373205741628,1.0312898714344242e-05,0.0263157894736842,0.0001061406244509,0.0267942583732059,2.24639313458793e-05,2,2,2,0,2
1837,38,11:11:54,4,0.0248803827751198,3588708.0,0.0251196172248804,0.0248803827751198,8.900437914818671e-07,0.0244019138755982,1.1860800960399664e-05,0.0239234449760765,6.017547376652752e-05,0.0234449760765551,5.140931637155416e-05,0.0229665071770335,1.0332247492419937e-05,0.0253588516746412,2.939659853040001e-06,0.0258373205741628,1.0448340160874092e-05,0.0263157894736842,0.0001066243439028,0.0267942583732059,2.24639313458793e-05,0.0272727272727273,7.932999011034033e-06,2,2,0,0,2
1838,38,11:11:57,4,0.0248803827751198,1425111.0,0.0253588516746412,0.0248803827751198,2.303859005472737e-06,0.0244019138755982,2.4689040824583965e-05,0.0239234449760765,6.470308783623963e-05,0.0234449760765551,4.97066239008932e-05,0.0229665071770335,1.114489617159903e-05,0.0258373205741628,4.97263596545304e-06,0.0263157894736842,0.000107204807245,0.0267942583732059,2.24639313458793e-05,0.0272727272727273,7.932999011034033e-06,0.0277511961722489,2.958582957998029e-05,2,2,1,0,2
1839,38,11:12:00,4,0.0263157894736842,1292366.0,0.025598086124402,0.0248803827751198,1.0546438465717854e-05,0.0244019138755982,3.312510806558601e-05,0.0239234449760765,6.698624364917137e-05,0.0234449760765551,4.366980514127705e-05,0.0229665071770335,1.120294250582611e-05,0.0263157894736842,0.0001068758780178,0.0267942583732059,2.24639313458793e-05,0.0272727272727273,7.932999011034033e-06,0.0277511961722489,2.958582957998029e-05,0.0282296650717703,0.000123812250443,2,2,1,0,1
1840,38,11:12:03,4,0.0258373205741628,1137592.0,0.0260765550239234,0.0258373205741628,3.095804492110842e-07,0.0253588516746412,6.578584545735539e-07,0.0248803827751198,1.2603213575163996e-05,0.0244019138755982,3.585328577425869e-05,0.0239234449760765,8.767008741208693e-05,0.0263157894736842,0.0001044959783144,0.0267942583732059,2.24639313458793e-05,0.0272727272727273,7.932999011034033e-06,0.0277511961722489,2.958582957998029e-05,0.0282296650717703,0.000123812250443,2,2,0,0,2
1841,38,11:12:06,4,0.0263157894736842,5171456.0,0.0260765550239234,0.0258373205741628,3.965725554393989e-05,0.0253588516746412,3.2815527616374924e-05,0.0248803827751198,2.574103388855938e-05,0.0244019138755982,2.5269504166854747e-05,0.0239234449760765,9.382299884015724e-05,0.0263157894736842,7.185458970079643e-05,0.0267942583732059,2.24639313458793e-05,0.0272727272727273,7.932999011034033e-06,0.0277511961722489,2.9063412571936585e-05,0.0282296650717703,0.0001247796893468,2,1,0,0,2
1842,38,11:12:09,4,0.0263157894736842,9717527.0,0.0265550239234448,0.0263157894736842,3.895876465540738e-06,0.0258373205741628,2.7680361915086065e-05,0.0253588516746412,3.647244667268086e-05,0.0248803827751198,2.88948847148973e-05,0.0244019138755982,2.544364316953598e-05,0.0267942583732059,2.2425233789727916e-05,0.0272727272727273,7.971696567185417e-06,0.0277511961722489,2.9063412571936585e-05,0.0282296650717703,0.0001250505722398,0.028708133971292,0.0002376618150548,2,1,0,0,2
1843,38,11:12:12,4,0.0263157894736842,3721057.0,0.0265550239234448,0.0263157894736842,1.3157169091471078e-06,0.0258373205741628,1.799494407373654e-05,0.0253588516746412,3.782686113797935e-05,0.0248803827751198,2.9204465164108384e-05,0.0244019138755982,2.277351179509038e-05,0.0267942583732059,1.2596054527275987e-05,0.0272727272727273,8.029742901412497e-06,0.0277511961722489,3.119177816026279e-05,0.0282296650717703,0.0001264630330393,0.028708133971292,0.0002355141006884,2,1,0,0,2
1844,38,11:12:15,4,0.0263157894736842,1596046.0,0.0265550239234448,0.0263157894736842,3.237050572063399e-05,0.0258373205741628,1.7317736841087295e-05,0.0253588516746412,4.1135502188922816e-05,0.0248803827751198,3.05008332951798e-05,0.0244019138755982,2.170932900092728e-05,0.0267942583732059,8.745647690213128e-06,0.0272727272727273,8.300625794472195e-06,0.0277511961722489,3.314600474590776e-05,0.0282296650717703,0.0001288816302988,0.028708133971292,0.0002353786592419,2,0,0,0,2
1845,38,11:12:18,4,0.0267942583732059,2762590.0,0.0272727272727273,0.0267942583732059,7.159047888006322e-07,0.0263157894736842,4.566311625863492e-05,0.0258373205741628,1.722099295070883e-05,0.0253588516746412,3.935541460595908e-05,0.0248803827751198,2.742437758114465e-05,0.0277511961722489,3.0398478259159387e-05,0.0282296650717703,0.0001297136277561,0.028708133971292,0.0002353593104638,0.0291866028708136,1.81878513911512e-06,0.029665071770335,1.141577906465873e-06,2,0,0,0,2
1846,38,11:12:21,4,0.0272727272727273,3490296.0,0.0275119617224881,0.0272727272727273,5.185472524285661e-06,0.0267942583732059,1.6485158920490234e-05,0.0263157894736842,6.679198191729142e-05,0.0258373205741628,7.681464896050026e-06,0.0253588516746412,7.971696567185417e-06,0.0277511961722489,2.4090776606483543e-05,0.0282296650717703,0.0001300425569833,0.028708133971292,0.0002376424662767,0.0291866028708136,1.81878513911512e-06,0.029665071770335,3.076455714035149e-06,0,0,0,0,2
1847,38,11:12:24,4,0.0277511961722489,5372969.0,0.0272727272727273,0.0267942583732059,2.144850747246694e-05,0.0263157894736842,0.0001054895380686,0.0258373205741628,7.584721005671563e-06,0.0253588516746412,7.236443000309093e-06,0.0248803827751198,2.339983174140056e-05,0.0277511961722489,1.6680194603493218e-05,0.0282296650717703,0.0001305843227695,0.028708133971292,0.0002382422783971,0.0291866028708136,1.81878513911512e-06,0.029665071770335,3.076455714035149e-06,0,0,0,0,2
1848,38,11:12:27,4,0.0272727272727273,5729950.0,0.0275119617224881,0.0272727272727273,1.547902246055421e-07,0.0267942583732059,8.590857465607587e-06,0.0263157894736842,7.79662882315655e-05,0.0258373205741628,8.029742901412497e-06,0.0253588516746412,6.907513773022316e-06,0.0277511961722489,8.515010255550872e-06,0.0282296650717703,0.0001344734271627,0.028708133971292,0.0002426731485764,0.0291866028708136,1.81878513911512e-06,0.029665071770335,3.076455714035149e-06,0,0,0,0,2
1849,38,11:12:30,4,0.0277511961722489,6965960.0,0.0272727272727273,0.0267942583732059,9.867876818603309e-07,0.0263157894736842,4.673736041739738e-05,0.0258373205741628,5.8820285350106e-06,0.0253588516746412,6.385096764978612e-06,0.0248803827751198,2.280001962105408e-05,0.0277511961722489,6.483388557603131e-06,0.0282296650717703,0.000137627277989,0.028708133971292,0.000242576404686,0.0291866028708136,1.81878513911512e-06,0.029665071770335,3.076455714035149e-06,0,0,0,0,2
1850,38,11:12:33,4,0.0277511961722489,8521608.0,0.0279904306220095,0.0277511961722489,5.707889532329365e-06,0.0272727272727273,8.436067241002044e-06,0.0267942583732059,1.1802754626172586e-06,0.0263157894736842,1.030361130086791e-05,0.0258373205741628,5.862679756934907e-06,0.0282296650717703,0.000125284305479,0.028708133971292,0.000242324870571,0.0291866028708136,1.81878513911512e-06,0.029665071770335,3.076455714035149e-06,0.0301435406698566,2.9216654894296076e-05,0,0,0,0,2
1851,38,11:12:36,4,0.0258373205741628,12087542.0,0.025598086124402,0.0253588516746412,6.094865093843221e-06,0.0248803827751198,2.2277602613010372e-05,0.0244019138755982,1.667864670124716e-05,0.0239234449760765,8.260070755625544e-05,0.0234449760765551,3.6336618250589496e-05,0.0258373205741628,1.9793799971433692e-05,0.0272727272727273,1.0042015821284544e-05,0.0277511961722489,3.076455714035149e-06,0.0282296650717703,9.625107700087591e-05,0.028708133971292,0.0002424022656834,1,0,0,1,2
1852,38,11:12:39,4,0.0272727272727273,3229343.0,0.0263157894736842,0.0253588516746412,2.03162169794774e-06,0.0248803827751198,2.131016370922574e-05,0.0244019138755982,1.667864670124716e-05,0.0239234449760765,8.403251713385669e-05,0.0234449760765551,3.57948524644701e-05,0.0272727272727273,1.2034939963080898e-05,0.0277511961722489,1.2073637519232285e-05,0.0282296650717703,9.851488403573196e-05,0.028708133971292,0.0002363267493676,0.0291866028708136,2.2057607006289748e-06,0,0,0,1,2
1853,38,11:12:42,4,0.0272727272727273,6960444.0,0.0263157894736842,0.0253588516746412,7.739511230277106e-08,0.0248803827751198,1.929789078935369e-05,0.0244019138755982,1.667864670124716e-05,0.0239234449760765,8.039494685562646e-05,0.0234449760765551,3.567875979601594e-05,0.0272727272727273,1.9348778075692766e-07,0.0277511961722489,2.9603630455809928e-06,0.0282296650717703,9.004011923857854e-05,0.028708133971292,0.000234140337445,0.0291866028708136,2.2057607006289748e-06,0,0,0,0,2
1854,38,11:12:45,4,0.0253588516746412,4108636.0,0.0251196172248804,0.0248803827751198,1.7517803206389957e-05,0.0244019138755982,1.5459673682478518e-05,0.0239234449760765,8.051103952408061e-05,0.0234449760765551,3.5601364683713166e-05,0.0229665071770335,1.2286474078064903e-05,0.0253588516746412,3.869755615138553e-07,0.0263157894736842,3.869755615138553e-07,0.0267942583732059,1.4163305551407104e-05,0.0272727272727273,9.229367142105449e-06,0.0277511961722489,0.0001085853425607,1,0,0,1,2
1855,38,11:12:48,4,0.0267942583732059,6659878.0,0.0265550239234448,0.0263157894736842,8.12648679179096e-07,0.0258373205741628,3.889104393214245e-06,0.0244019138755982,9.674389037846383e-08,0.0239234449760765,7.631951372954329e-05,0.0234449760765551,3.326016253655435e-05,0.0267942583732059,7.604069783747256e-06,0.0272727272727273,1.449223477869388e-05,0.0277511961722489,0.0001206013207213,0.0282296650717703,7.632183558291237e-05,0.028708133971292,0.0002348562422338,0,0,0,1,2
1856,38,11:12:51,4,0.0258373205741628,4620546.0,0.0260765550239234,0.0258373205741628,8.900437914818671e-07,0.0253588516746412,2.147714366401897e-06,0.0244019138755982,9.674389037846383e-08,0.0239234449760765,7.438463592197401e-05,0.0234449760765551,3.306667475579742e-05,0.0263157894736842,1.9348778075692766e-07,0.0267942583732059,8.706950134061743e-07,0.0272727272727273,1.816443936967961e-05,0.0277511961722489,0.0001256707005771,0.0282296650717703,7.709578670594008e-05,0,0,0,1,2
1857,38,11:12:54,4,0.0239234449760765,12812418.0,0.0236842105263157,0.0234449760765551,3.142202861936353e-05,0.0229665071770335,1.1454476620810116e-05,0.0224880382775121,4.798496962771805e-06,0.0220095693779904,2.824921599051144e-06,0.021531100478469,2.495992371764366e-06,0.0239234449760765,6.121566407587676e-06,0.0248803827751198,3.444082497473312e-06,0.0253588516746412,1.9348778075692764e-06,0.0258373205741628,3.9974575504381245e-05,0.0263157894736842,9.093925695575598e-07,1,0,0,2,2
1858,38,11:12:57,4,0.0258373205741628,2469028.0,0.0251196172248804,0.0244019138755982,1.0254852380117164e-06,0.0234449760765551,2.7784458341133293e-05,0.0229665071770335,1.1454476620810116e-05,0.0224880382775121,4.798496962771805e-06,0.0220095693779904,2.7475264867483723e-06,0.0258373205741628,4.845669283720344e-05,0.0263157894736842,7.681464896050026e-06,0.0267942583732059,2.1964732871526424e-06,0.0272727272727273,3.656919056305932e-06,0.0277511961722489,0.0001497792780594,0,0,0,2,2
1859,38,11:13:00,4,0.0253588516746412,2614511.0,0.0246411483253587,0.0244019138755982,2.3218533690831315e-06,0.0239234449760765,5.030682299680119e-07,0.0234449760765551,2.69718096619542e-05,0.0229665071770335,1.133838395235596e-05,0.0224880382775121,3.734314168608704e-06,0.0248803827751198,4.643706738166263e-07,0.0253588516746412,9.674389037846383e-08,0.0258373205741628,4.7411858821116034e-05,0.0263157894736842,1.3892422658347405e-05,0.0267942583732059,5.272929001187792e-06,0,0,0,2,2
1860,38,11:13:03,4,0.0239234449760765,4316301.0,0.0236842105263157,0.0234449760765551,1.054469707569104e-05,0.0229665071770335,1.1048152281220569e-05,0.0224880382775121,3.734314168608704e-06,0.0220095693779904,2.9410142675053e-06,0.021531100478469,2.495992371764366e-06,0.0239234449760765,0.0001544489121602,0.0244019138755982,1.57692541316896e-05,0.0248803827751198,3.869755615138553e-07,0.0253588516746412,2.341202147158824e-06,0.0258373205741628,4.690879059114802e-05,0,0,0,2,2
1861,38,11:13:06,4,0.0239234449760765,1224019.0,0.0236842105263157,0.0234449760765551,9.557909393830712e-06,0.0229665071770335,1.1009454725069182e-05,0.0224880382775121,3.734314168608704e-06,0.0220095693779904,2.9410142675053e-06,0.021531100478469,2.495992371764366e-06,0.0239234449760765,0.000147231817938,0.0244019138755982,1.5865998022068066e-05,0.0248803827751198,1.6639949145095776e-06,0.0253588516746412,7.739511230277106e-06,0.0258373205741628,4.7411858821116034e-05,0,0,0,2,2
1862,38,11:13:09,4,0.0239234449760765,2516475.0,0.0236842105263157,0.0234449760765551,6.404058567492791e-06,0.0229665071770335,1.1106198615447646e-05,0.0224880382775121,3.734314168608704e-06,0.0220095693779904,3.3279898290191552e-06,0.021531100478469,2.495992371764366e-06,0.0239234449760765,0.0001299146615603,0.0244019138755982,2.207695578436544e-05,0.0248803827751198,2.708828930596986e-06,0.0253588516746412,9.751784150149151e-06,0.0258373205741628,5.354542147111064e-05,0,0,0,2,2
1863,38,11:13:12,4,0.0224880382775121,8400068.0,0.0232057416267943,0.0229665071770335,9.674389037846383e-08,0.0224880382775121,3.269943494792077e-06,0.0220095693779904,3.3279898290191552e-06,0.021531100478469,2.495992371764366e-06,0.0210526315789474,3.173199604413613e-06,0.0234449760765551,8.902411490182392e-05,0.0239234449760765,6.423794321129997e-06,0.0244019138755982,2.290895324162023e-05,0.0248803827751198,3.347338607094848e-06,0.0253588516746412,1.1299686396204572e-05,0,0,1,2,2
1864,38,11:13:15,4,0.0234449760765551,2590273.0,0.0227272727272727,0.0224880382775121,2.8636191552025287e-06,0.0220095693779904,2.7475264867483723e-06,0.021531100478469,2.495992371764366e-06,0.0210526315789474,3.173199604413613e-06,0.0205741626794258,1.8574826952665047e-06,0.0229665071770335,1.9232685407238606e-05,0.0234449760765551,9.488679465875884e-05,0.0239234449760765,7.236443000309093e-06,0.0244019138755982,2.4669692046508272e-05,0.0248803827751198,3.3860361632462336e-06,0,0,1,2,2
1865,38,11:13:18,4,0.0229665071770335,1231078.0,0.0224880382775118,0.0220095693779904,2.128365588326204e-07,0.021531100478469,2.689480152521294e-06,0.0210526315789474,2.7862240428997576e-06,0.0205741626794258,1.8574826952665047e-06,0.0200956937799043,1.3931120214498788e-06,0.0229665071770335,1.4511583556769573e-05,0.0234449760765551,0.0001027037010013,0.0239234449760765,9.055228139424213e-06,0.0244019138755982,2.908121344776622e-05,0.0248803827751198,3.3860361632462336e-06,0,0,1,2,2
1866,38,11:13:21,4,0.0224880382775121,1660671.0,0.0220095693779904,0.021531100478469,3.869755615138552e-08,0.0191387559808613,4.605009182014878e-06,0.0186602870813397,2.708828930596987e-07,0.0181818181818183,1.9728014125976343e-06,0.0177033492822966,5.765935866556444e-06,0.0224880382775121,2.134170221748912e-05,0.0229665071770335,1.435679333216403e-05,0.0234449760765551,0.0001026069571109,0.0239234449760765,1.085466450046364e-05,0.0244019138755982,2.8810330554706525e-05,0,0,1,2,2
1867,38,11:13:24,4,0.0224880382775121,450728.0,0.0208133971291866,0.0191387559808613,4.450218957409336e-06,0.0186602870813397,2.708828930596987e-07,0.0181818181818183,1.9728014125976343e-06,0.0177033492822966,5.765935866556444e-06,0.0172248803827752,8.513462353304816e-07,0.0224880382775121,2.0548402316385715e-05,0.0229665071770335,2.8307262324738512e-05,0.0234449760765551,0.0001038065813516,0.0239234449760765,1.0409642604722706e-05,0.0244019138755982,2.9042515891614835e-05,2,1,2,2,2
1868,38,11:13:27,4,0.0210526315789474,1039565.0,0.0203349282296652,0.0191387559808613,4.7211018504690345e-06,0.0186602870813397,2.708828930596987e-07,0.0181818181818183,1.9728014125976343e-06,0.0177033492822966,5.765935866556444e-06,0.0172248803827752,8.513462353304816e-07,0.021531100478469,1.762673682695611e-05,0.0220095693779904,3.2892922728677695e-07,0.0224880382775121,2.836530865896559e-05,0.0229665071770335,3.068716202804872e-05,0.0234449760765551,0.0001015234255387,1,2,2,2,2
1869,38,11:13:30,4,0.021531100478469,1314561.0,0.0210526315789474,0.0205741626794258,2.2057607006289748e-06,0.0191387559808613,6.9655601072493945e-06,0.0186602870813397,2.708828930596987e-07,0.0181818181818183,1.9728014125976343e-06,0.0177033492822966,5.765935866556444e-06,0.021531100478469,2.975842068041547e-05,0.0220095693779904,1.7413900268123486e-06,0.0224880382775121,3.569849554965315e-05,0.0229665071770335,3.165460093183336e-05,0.0234449760765551,9.482874832453174e-05,0,1,2,2,2
1870,38,11:13:33,4,0.021531100478469,1416153.0,0.0212918660287082,0.0210526315789474,7.739511230277106e-08,0.0196172248803827,5.8046334227078287e-08,0.0191387559808613,2.573387484067137e-06,0.0186602870813397,2.708828930596987e-07,0.0181818181818183,2.22433552758164e-06,0.021531100478469,2.6000114026992907e-05,0.0220095693779904,2.457294815612981e-06,0.0224880382775121,3.6027424776939926e-05,0.0229665071770335,3.238985449870968e-05,0.0234449760765551,9.043657570134948e-05,0,1,2,2,2
1871,38,11:13:36,4,0.021531100478469,967757.0,0.0203349282296652,0.0196172248803827,5.030682299680119e-06,0.0191387559808613,4.953287187377347e-06,0.0186602870813397,1.547902246055421e-07,0.0181818181818183,2.22433552758164e-06,0.0177033492822966,6.346399208827226e-06,0.0210526315789474,1.9348778075692766e-07,0.021531100478469,3.2528391749731644e-05,0.0220095693779904,4.991984743528732e-06,0.0224880382775121,3.6046773555015616e-05,0.0229665071770335,3.2680086169845075e-05,2,2,2,2,2
1872,38,11:13:39,4,0.0220095693779904,5704660.0,0.0217703349282296,0.021531100478469,2.0865722276827075e-06,0.0205741626794258,2.109016810250511e-06,0.0200956937799043,2.708828930596987e-07,0.0196172248803827,9.51959881324084e-06,0.0191387559808613,7.042955219552166e-06,0.0220095693779904,3.15385082633792e-06,0.0224880382775121,3.306706173135893e-05,0.0229665071770335,3.2660737391769386e-05,0.0234449760765551,6.95398953796013e-05,0.0239234449760765,1.1473825398885808e-05,0,1,2,2,2
1873,38,11:13:42,4,0.0210526315789474,6025510.0,0.0203349282296652,0.0200956937799043,1.5865998022068066e-06,0.0196172248803827,6.636630879962617e-06,0.0191387559808613,1.114489617159903e-05,0.0186602870813397,1.0448340160874092e-06,0.0181818181818183,3.288518321744742e-06,0.0205741626794258,1.141577906465873e-06,0.0210526315789474,6.794516909060271e-06,0.021531100478469,6.385096764978611e-07,0.0220095693779904,1.934877807569276e-08,0.0224880382775121,1.4297973046813924e-05,2,2,2,2,2
1874,38,11:13:45,4,0.0210526315789474,1471623.0,0.0203349282296652,0.0196172248803827,1.1473825398885808e-05,0.0191387559808613,1.1570569289264271e-05,0.0186602870813397,1.141577906465873e-06,0.0181818181818183,3.288518321744742e-06,0.0177033492822966,6.481840655357075e-06,0.0210526315789474,1.625606938807403e-05,0.021531100478469,3.50212883170039e-06,0.0220095693779904,1.5092046899040356e-06,0.0224880382775121,1.511062172599302e-05,0.0229665071770335,2.8597493995873905e-05,1,2,2,2,2
1875,38,11:13:48,4,0.0205741626794258,1097923.0,0.0200956937799043,0.0196172248803827,5.804633422707829e-06,0.0191387559808613,1.1570569289264271e-05,0.0186602870813397,1.4124607995255717e-06,0.0181818181818183,2.379125752187182e-06,0.0177033492822966,6.481840655357075e-06,0.0205741626794258,3.115153270186535e-06,0.0210526315789474,1.631411572230111e-05,0.021531100478469,1.3640888543363398e-05,0.0220095693779904,5.030682299680119e-07,0.0224880382775121,1.524606317252287e-05,2,2,2,2,2
1876,38,11:13:51,4,0.0210526315789474,3776044.0,0.0212918660287082,0.0210526315789474,1.54480644156331e-06,0.0200956937799043,4.837194518923191e-07,0.0191387559808613,1.1102522347613264e-05,0.0186602870813397,1.722041248736656e-06,0.0181818181818183,3.036984206760736e-06,0.021531100478469,1.6001439468597914e-05,0.0220095693779904,8.900437914818671e-07,0.0224880382775121,1.518801683829579e-05,0.0229665071770335,2.8907074445084987e-05,0.0234449760765551,2.414727503846457e-05,1,2,2,2,2
1877,38,11:13:54,4,0.0200956937799043,923666.0,0.0208133971291866,0.0200956937799043,1.81878513911512e-06,0.0196172248803827,1.934877807569276e-08,0.0191387559808613,1.5510947944379103e-05,0.0186602870813397,2.109016810250511e-06,0.0181818181818183,3.036984206760736e-06,0.021531100478469,1.7336505155820716e-05,0.0220095693779904,2.824921599051144e-06,0.0224880382775121,1.5381504619052718e-05,0.0229665071770335,2.871358666432806e-05,0.0234449760765551,2.4185972594615952e-05,2,2,2,2,2
1878,38,11:13:57,4,0.0210526315789474,1030149.0,0.0212918660287082,0.0210526315789474,1.9929241417963544e-06,0.0205741626794258,5.483443706651329e-05,0.0196172248803827,7.159047888006322e-07,0.0191387559808613,1.6304247845482505e-05,0.0186602870813397,2.109016810250511e-06,0.021531100478469,2.0703192540991256e-05,0.0220095693779904,2.844270377126836e-06,0.0224880382775121,1.51686680602201e-05,0.0229665071770335,2.8307262324738512e-05,0.0234449760765551,2.3992484813859025e-05,2,2,2,2,2
1879,38,11:14:00,4,0.021531100478469,2730120.0,0.0208133971291866,0.0205741626794258,5.330588359853356e-05,0.0200956937799043,1.954226585644969e-06,0.0196172248803827,1.8961802514178909e-06,0.0191387559808613,1.655578196046651e-05,0.0186602870813397,2.109016810250511e-06,0.0210526315789474,1.9348778075692766e-07,0.021531100478469,8.405883147203964e-06,0.0220095693779904,5.905247068701431e-06,0.0224880382775121,1.5013877835614556e-05,0.0229665071770335,2.8307262324738512e-05,2,2,2,2,2
1880,38,11:14:03,4,0.0205741626794258,1713537.0,0.0210526315789474,0.0205741626794258,4.953287187377348e-05,0.0200956937799043,8.455416019077737e-06,0.0196172248803827,4.701753072393341e-06,0.0191387559808613,1.6478386848163743e-05,0.0186602870813397,2.109016810250511e-06,0.021531100478469,7.167561350359627e-06,0.0220095693779904,6.524407967123599e-06,0.0224880382775121,1.5013877835614556e-05,0.0229665071770335,2.9642328011961317e-05,0.0234449760765551,2.3915089701556256e-05,2,2,2,2,2
1881,38,11:14:06,4,0.021531100478469,3683858.0,0.0217703349282296,0.021531100478469,5.6915591636334806e-05,0.0210526315789474,2.360550925234517e-06,0.0205741626794258,3.242855205486107e-05,0.0200956937799043,8.571508687531894e-06,0.0196172248803827,5.088728633907197e-06,0.0220095693779904,6.524407967123599e-06,0.0224880382775121,1.393034626337576e-05,0.0229665071770335,2.9661676790037007e-05,0.0234449760765551,2.3721601920799328e-05,0.0239234449760765,1.3331308094152314e-05,2,2,2,2,2
1882,38,11:14:09,4,0.0220095693779904,3985154.0,0.0222488038277512,0.0220095693779904,9.442203700938068e-07,0.021531100478469,3.158417137963784e-05,0.0210526315789474,4.701753072393341e-06,0.0205741626794258,3.643374911652947e-05,0.0200956937799043,8.571508687531894e-06,0.0224880382775121,1.4027090153754224e-05,0.0229665071770335,2.970037434618839e-05,0.0234449760765551,2.2986348353923e-05,0.0239234449760765,1.3253912981849542e-05,0.0244019138755982,2.7978333097451733e-05,1,2,2,2,2
1883,38,11:14:12,4,0.0220095693779904,1939775.0,0.0222488038277512,0.0220095693779904,1.540162734825144e-05,0.021531100478469,3.169871614584594e-05,0.0210526315789474,1.646581014241454e-05,0.0205741626794258,3.575654188388022e-05,0.0200956937799043,8.33932335062358e-06,0.0224880382775121,1.5471282949323932e-06,0.0229665071770335,2.970037434618839e-05,0.0234449760765551,2.2792860573166078e-05,0.0239234449760765,1.3060425201092614e-05,0.0244019138755982,2.801703065360312e-05,2,2,2,2,2
1884,38,11:14:15,4,0.0220095693779904,2137140.0,0.0224880382775118,0.0220095693779904,1.1996242406929512e-05,0.021531100478469,3.4891264528335246e-05,0.0210526315789474,2.178672411323005e-05,0.0205741626794258,3.618221500154546e-05,0.0200956937799043,9.074576917499906e-06,0.0229665071770335,1.9425399236872506e-05,0.0234449760765551,2.2328489899349447e-05,0.0239234449760765,1.2924983754562766e-05,0.0244019138755982,2.7359172199029565e-05,0.0248803827751198,7.159047888006322e-07,2,2,2,2,2
1885,38,11:14:18,4,0.0220095693779904,3274650.0,0.0222488038277512,0.0220095693779904,6.075516315767528e-06,0.021531100478469,3.0479743127077297e-05,0.0210526315789474,2.227044356512237e-05,0.0205741626794258,3.829123181179598e-05,0.0200956937799043,1.4105259217180023e-05,0.0224880382775121,8.12648679179096e-07,0.0229665071770335,1.952214312725097e-05,0.0234449760765551,2.3353975137361163e-05,0.0239234449760765,1.2924983754562766e-05,0.0244019138755982,2.7359172199029565e-05,2,2,2,2,2
1886,38,11:14:21,4,0.0224880382775121,1773444.0,0.0227272727272727,0.0224880382775121,1.2770193529957225e-06,0.0220095693779904,5.243518858512739e-06,0.021531100478469,3.266615504963058e-05,0.0210526315789474,2.19221655597599e-05,0.0205741626794258,3.805904647488766e-05,0.0229665071770335,1.952214312725097e-05,0.0234449760765551,2.333462635928547e-05,0.0239234449760765,1.0390293826647014e-05,0.0244019138755982,2.7359172199029565e-05,0.0248803827751198,1.1609266845415658e-06,2,2,2,2,2
1887,38,11:14:24,4,0.0224880382775121,4062579.0,0.0227272727272727,0.0224880382775121,2.689480152521294e-06,0.0220095693779904,3.889104393214245e-06,0.021531100478469,3.604870843282319e-05,0.0210526315789474,2.074189009714264e-05,0.0205741626794258,3.74398855764655e-05,0.0229665071770335,3.037758157883764e-06,0.0234449760765551,2.3373323915436856e-05,0.0239234449760765,1.085466450046364e-05,0.0244019138755982,1.0835315722387946e-05,0.0248803827751198,1.1609266845415658e-06,2,2,2,2,2
1888,38,11:14:27,4,0.0239234449760765,5151798.0,0.0241626794258373,0.0239234449760765,1.5324232235948667e-05,0.0234449760765551,1.6833436925852705e-06,0.0229665071770335,2.7862240428997576e-06,0.0224880382775121,1.1028803503144876e-05,0.0220095693779904,8.571508687531894e-06,0.0244019138755982,6.9655601072493945e-06,0.0248803827751198,9.093925695575598e-07,0.0253588516746412,5.8820285350106e-06,0.0258373205741628,1.3002378866865537e-05,0.0263157894736842,9.016530583272828e-06,2,2,2,2,2
1889,38,11:14:30,4,0.0229665071770335,2424256.0,0.0236842105263157,0.0229665071770335,2.3199184912755625e-05,0.0224880382775121,1.855547817458936e-05,0.0220095693779904,8.977833027121442e-06,0.021531100478469,3.527475730979548e-05,0.0210526315789474,2.0142077976796167e-05,0.0244019138755982,6.404445543054305e-06,0.0248803827751198,9.093925695575598e-07,0.0253588516746412,9.0939256955756e-06,0.0258373205741628,1.3002378866865537e-05,0.0263157894736842,9.016530583272828e-06,2,2,2,2,2
1890,38,11:14:33,4,0.0239234449760765,1264418.0,0.0241626794258373,0.0239234449760765,5.1583842349796906e-05,0.0234449760765551,2.0122729198720474e-06,0.0229665071770335,3.213832038372568e-05,0.0224880382775121,3.391840796668941e-05,0.0220095693779904,1.0874013278539333e-05,0.0244019138755982,6.23030654037307e-06,0.0248803827751198,9.093925695575598e-07,0.0253588516746412,9.0939256955756e-06,0.0258373205741628,1.3002378866865537e-05,0.0263157894736842,8.977833027121442e-06,2,2,2,2,2
1891,38,11:14:36,4,0.0258373205741628,3409846.0,0.0251196172248804,0.0244019138755982,1.0061364599360235e-05,0.0239234449760765,4.8236503742702056e-05,0.0234449760765551,2.9023167113539144e-06,0.0229665071770335,3.846537081447721e-05,0.0224880382775121,3.310575928751032e-05,0.0258373205741628,9.132623251726983e-06,0.0263157894736842,8.977833027121442e-06,0.0267942583732059,6.008182568064117e-06,0.0272727272727273,6.313893261660062e-06,0.0277511961722489,5.542457479782192e-05,2,2,2,2,2
1892,38,11:14:39,4,0.0248803827751198,526914.0,0.0253588516746412,0.0248803827751198,2.109016810250511e-06,0.0244019138755982,3.389905918861372e-05,0.0239234449760765,7.232573244693955e-05,0.0234449760765551,6.185804350798976e-05,0.0229665071770335,4.03808998439708e-05,0.0258373205741628,7.952347789109726e-06,0.0263157894736842,8.977833027121442e-06,0.0267942583732059,6.008182568064117e-06,0.0272727272727273,6.313893261660062e-06,0.0277511961722489,5.542457479782192e-05,2,2,2,2,2
1893,38,11:14:42,4,0.0258373205741628,1471738.0,0.0251196172248804,0.0244019138755982,4.556366353932586e-05,0.0239234449760765,7.224833733463678e-05,0.0234449760765551,6.168390450530853e-05,0.0229665071770335,4.264470687882685e-05,0.0224880382775121,2.345071902773963e-05,0.0258373205741628,7.159047888006322e-06,0.0263157894736842,1.8884407401876135e-05,0.0267942583732059,6.008182568064117e-06,0.0272727272727273,6.313893261660062e-06,0.0277511961722489,5.561806257857885e-05,2,2,2,2,2
1894,38,11:14:45,4,0.0244019138755982,3034752.0,0.0246411483253587,0.0244019138755982,4.3306435089015545e-05,0.0239234449760765,4.94554767614707e-05,0.0234449760765551,6.168390450530853e-05,0.0229665071770335,4.009066817283541e-05,0.0224880382775121,2.2715465460863305e-05,0.0248803827751198,7.739511230277105e-07,0.0253588516746412,4.295428732803794e-06,0.0258373205741628,4.256731176652408e-07,0.0263157894736842,6.752723548416774e-06,0.0267942583732059,6.008182568064117e-06,2,2,2,2,2
1895,38,11:14:48,4,0.0263157894736842,1940013.0,0.0265550239234448,0.0263157894736842,5.804633422707829e-07,0.0258373205741628,5.417657861193974e-07,0.0253588516746412,7.739511230277106e-08,0.0248803827751198,6.617282101886925e-06,0.0244019138755982,4.806623449563596e-05,0.0267942583732059,9.285478598524955e-06,0.0272727272727273,6.062359146676056e-06,0.0277511961722489,5.501825045823237e-05,0.0282296650717703,0.0001108957801508,0.028708133971292,0.0002397255557244,2,2,2,2,1
1896,38,11:14:51,4,0.0272727272727273,1658722.0,0.0267942583732059,0.0263157894736842,1.0312898714344242e-05,0.0258373205741628,9.983969487057465e-06,0.0253588516746412,7.546023449520178e-07,0.0248803827751198,1.60401370247493e-05,0.0244019138755982,4.361601553822663e-05,0.0272727272727273,3.951407458617976e-06,0.0277511961722489,5.52117382389893e-05,0.0282296650717703,0.0001108957801508,0.028708133971292,0.0002383711412591,0.0291866028708136,4.334126288955179e-06,2,2,2,2,1
1897,38,11:14:54,4,0.0272727272727273,650235.0,0.0270334928229665,0.0267942583732059,3.095804492110842e-07,0.0263157894736842,9.67438903784638e-06,0.0258373205741628,2.465034326843258e-05,0.0253588516746412,1.7413900268123486e-06,0.0248803827751198,2.0354914535628788e-05,0.0272727272727273,1.2812760841723748e-06,0.0277511961722489,5.501825045823237e-05,0.0282296650717703,0.0001109344777069,0.028708133971292,0.0002392004298874,0.0291866028708136,4.140638508198252e-06,2,2,2,2,0
1898,38,11:14:57,4,0.0272727272727273,1878417.0,0.0275119617224881,0.0272727272727273,2.499862127379505e-07,0.0267942583732059,3.037758157883764e-06,0.0263157894736842,3.347338607094848e-06,0.0258373205741628,4.24899166542213e-05,0.0253588516746412,2.0509704760234327e-06,0.0277511961722489,4.871480553673319e-05,0.0282296650717703,0.0001106442460358,0.028708133971292,0.0002389101982163,0.0291866028708136,4.50536297492506e-06,0.029665071770335,4.005197061668402e-06,2,2,2,2,0
1899,38,11:15:00,4,0.0263157894736842,2265193.0,0.0265550239234448,0.0263157894736842,2.7862240428997576e-06,0.0258373205741628,4.295428732803793e-05,0.0253588516746412,5.53375052964813e-06,0.0248803827751198,1.7607388048880415e-05,0.0244019138755982,4.5357405565038976e-05,0.0267942583732059,3.124827659224381e-05,0.0277511961722489,4.085920163800192e-05,0.0282296650717703,0.0001106829435919,0.028708133971292,0.0002384071299863,0.0291866028708136,4.50536297492506e-06,2,2,2,2,0
1900,38,11:15:03,4,0.028708133971292,49071881.0,0.0294258373205742,0.028708133971292,0.0001405971219358,0.0282296650717703,3.482780053624697e-07,0.0277511961722489,1.4163305551407104e-05,0.0272727272727273,2.087733154367249e-05,0.0267942583732059,3.444082497473312e-06,0.0301435406698566,2.5540387059914447e-05,0.0306220095693781,4.140638508198252e-06,0.0311004784688995,2.3702253142723635e-05,0.0315789473684211,1.7607388048880415e-05,0.0320574162679425,4.408038621204325e-06,2,2,2,1,0
1901,38,11:15:06,4,0.028708133971292,762253.0,0.0294258373205742,0.028708133971292,0.0001522969410627,0.0282296650717703,3.055172058151887e-05,0.0277511961722489,2.198021189398698e-05,0.0272727272727273,2.9255352450447456e-05,0.0267942583732059,5.243518858512739e-06,0.0301435406698566,2.511471394224921e-05,0.0306220095693781,6.772072326492467e-06,0.0311004784688995,2.3702253142723635e-05,0.0315789473684211,1.7607388048880415e-05,0.0320574162679425,4.408038621204325e-06,2,2,2,1,0
1902,38,11:15:09,4,0.028708133971292,2743984.0,0.0291866028708134,0.028708133971292,0.000133973648225,0.0282296650717703,3.089999858688134e-05,0.0277511961722489,2.049035598215864e-05,0.0272727272727273,3.033888402268625e-05,0.0267942583732059,7.623418561822949e-06,0.029665071770335,3.869755615138552e-08,0.0301435406698566,2.4185972594615952e-05,0.0306220095693781,6.772072326492467e-06,0.0311004784688995,2.3702253142723635e-05,0.0315789473684211,1.7607388048880415e-05,2,2,2,1,0
1903,38,11:15:12,4,0.029665071770335,1403199.0,0.0299043062200956,0.029665071770335,1.547902246055421e-07,0.028708133971292,0.000104812330836,0.0282296650717703,3.161590337568197e-05,0.0277511961722489,2.443750670959996e-05,0.0272727272727273,3.1925483824893056e-05,0.0301435406698566,1.751064415850195e-05,0.0306220095693781,6.772072326492467e-06,0.0311004784688995,2.2734814238938995e-05,0.0315789473684211,1.7549341714653336e-05,0.0320574162679425,4.408038621204325e-06,2,2,2,0,0
1904,38,11:15:15,4,0.029665071770335,3408145.0,0.0291866028708134,0.028708133971292,0.000100564693585,0.0282296650717703,2.954558412158285e-05,0.0277511961722489,1.849743184036228e-05,0.0272727272727273,3.374426896400818e-05,0.0267942583732059,1.0196806045890084e-05,0.029665071770335,3.869755615138552e-08,0.0306220095693781,3.579523944003161e-06,0.0311004784688995,2.2734814238938995e-05,0.0315789473684211,1.7549341714653336e-05,0.0320574162679425,4.408038621204325e-06,2,2,2,0,0
1905,38,11:15:18,4,0.0301435406698566,2417378.0,0.0306220095693781,0.0301435406698566,3.3860361632462336e-06,0.029665071770335,1.4743768893677884e-06,0.0291866028708136,2.4700650091429386e-05,0.028708133971292,0.0001018997592722,0.0282296650717703,2.828791354666282e-05,0.0311004784688995,1.0603130385479636e-05,0.0315789473684211,1.7646085605031798e-05,0.0320574162679425,4.408038621204325e-06,0.0325358851674641,3.302488139515392e-05,0.0330143540669856,4.43052190132828e-05,2,2,2,0,0
1906,38,11:15:21,4,0.0301435406698566,1740430.0,0.0306220095693781,0.0301435406698566,4.653381127204109e-05,0.029665071770335,1.430261675355209e-05,0.0291866028708136,2.7583618024707603e-05,0.028708133971292,0.0001011838544834,0.0282296650717703,2.8171820878208664e-05,0.0311004784688995,4.47885514896136e-06,0.0315789473684211,1.834264161575674e-05,0.0320574162679425,6.342916428773602e-06,0.0325358851674641,3.2618557055564374e-05,0.0330143540669856,4.43052190132828e-05,2,2,2,0,0
1907,38,11:15:24,4,0.0311004784688995,2051350.0,0.0313397129186603,0.0311004784688995,2.2289792343198066e-07,0.0306220095693781,3.095804492110842e-07,0.0301435406698566,6.700481847612403e-05,0.029665071770335,2.6743881056222535e-05,0.0291866028708136,2.9344356829595645e-05,0.0315789473684211,1.834264161575674e-05,0.0320574162679425,6.342916428773602e-06,0.0325358851674641,3.455343486313365e-05,0.0330143540669856,4.43052190132828e-05,0.0334928229665072,0.0001433920529289,2,2,2,0,0
1908,38,11:15:27,4,0.0311004784688995,4287720.0,0.0322966507177033,0.0320574162679425,1.1609266845415657e-07,0.0311004784688995,2.0786779262278248e-05,0.0306220095693781,3.4053849413219262e-06,0.0301435406698566,7.987175589645972e-05,0.029665071770335,2.906573442530567e-05,0.0325358851674641,2.4662726486401024e-05,0.0330143540669856,4.391824345176895e-05,0.0334928229665072,0.0001431211700358,0.0339712918660286,1.1222291283901802e-06,0.0344497607655502,2.4379460375372883e-06,1,2,1,0,0
1909,38,11:15:30,4,0.0325358851674641,1133441.0,0.0322966507177033,0.0320574162679425,4.99972425475901e-07,0.0315789473684211,6.269004096524455e-06,0.0311004784688995,4.229488097121832e-05,0.0306220095693781,3.831058058987167e-06,0.0301435406698566,8.399304562658229e-05,0.0325358851674641,2.319221935264837e-05,0.0330143540669856,4.411173123252588e-05,0.0334928229665072,0.0001427341944743,0.0339712918660286,1.1222291283901802e-06,0.0344497607655502,2.4379460375372883e-06,2,2,1,0,0
1910,38,11:15:33,4,0.0320574162679425,1173512.0,0.0322966507177033,0.0320574162679425,3.444082497473312e-06,0.0315789473684211,5.5900554738483965e-06,0.0311004784688995,4.63774731451895e-05,0.0306220095693781,3.947150727441323e-06,0.0301435406698566,8.645034044219527e-05,0.0325358851674641,1.630405435770175e-05,0.0330143540669856,4.427445445614245e-05,0.0334928229665072,0.0001426927880892,0.0339712918660286,1.1222291283901802e-06,0.0344497607655502,2.4379460375372883e-06,2,2,1,0,0
1911,38,11:15:36,4,0.0325358851674641,4836680.0,0.032775119617225,0.0325358851674641,2.5927362621428303e-06,0.0320574162679425,5.611145641950901e-07,0.0315789473684211,1.2168640019583935e-05,0.0311004784688995,5.382675270433121e-05,0.0306220095693781,7.77820878642849e-06,0.0330143540669856,2.449284421489644e-05,0.0334928229665072,0.0001426927880892,0.0339712918660286,1.1222291283901802e-06,0.0344497607655502,2.4379460375372883e-06,0.0349282296650717,1.0680525497782404e-05,1,2,0,0,0
1912,38,11:15:39,4,0.0334928229665072,8892797.0,0.0332535885167464,0.0330143540669856,8.706950134061743e-07,0.0325358851674641,8.842391580591592e-06,0.0320574162679425,2.070319254099126e-06,0.0315789473684211,1.269105702762764e-05,0.0311004784688995,6.257240039454434e-05,0.0334928229665072,9.708500933593828e-05,0.0339712918660286,1.1222291283901802e-06,0.0344497607655502,2.4379460375372883e-06,0.0349282296650717,1.0680525497782404e-05,0.0354066985645933,1.1028803503144874e-06,2,2,0,0,0
1913,38,11:15:42,4,0.0330143540669856,3223388.0,0.032775119617225,0.0325358851674641,7.787496199904823e-05,0.0320574162679425,4.953287187377347e-06,0.0315789473684211,2.132061204938661e-05,0.0311004784688995,6.003771046662858e-05,0.0306220095693781,6.501189433432768e-06,0.0330143540669856,7.159047888006322e-07,0.0334928229665072,9.642715088136472e-05,0.0339712918660286,1.1222291283901802e-06,0.0344497607655502,2.4379460375372883e-06,0.0349282296650717,1.0680525497782404e-05,2,2,0,0,0
1914,38,11:15:45,4,0.0334928229665072,5766357.0,0.0332535885167464,0.0330143540669856,4.566311625863492e-06,0.0325358851674641,8.400852464904284e-05,0.0320574162679425,6.249655318448763e-06,0.0315789473684211,2.2346097287398328e-05,0.0311004784688995,5.97474787954932e-05,0.0334928229665072,5.66460631577404e-05,0.0339712918660286,1.1222291283901802e-06,0.0344497607655502,2.4379460375372883e-06,0.0349282296650717,1.0680525497782404e-05,0.0354066985645933,1.1028803503144874e-06,2,2,0,0,0
1915,38,11:15:48,4,0.0334928229665072,3702963.0,0.0332535885167464,0.0330143540669856,2.0509704760234327e-06,0.0325358851674641,8.6051755613836e-05,0.0320574162679425,6.9655601072493945e-06,0.0315789473684211,2.209456317241432e-05,0.0311004784688995,5.471679649581308e-05,0.0334928229665072,3.398864403110418e-05,0.0339712918660286,1.3350656872228009e-06,0.0344497607655502,2.4379460375372883e-06,0.0349282296650717,1.0680525497782404e-05,0.0354066985645933,1.1028803503144874e-06,2,2,0,0,0
1916,38,11:15:51,4,0.0330143540669856,4198712.0,0.0332535885167464,0.0330143540669856,1.01581084897387e-05,0.0325358851674641,8.005363441037124e-05,0.0320574162679425,5.843330978859214e-06,0.0315789473684211,2.1572146164370615e-05,0.0311004784688995,5.638079141032266e-05,0.0334928229665072,1.278238326014491e-05,0.0339712918660286,1.47050713375265e-06,0.0344497607655502,1.2770193529957225e-06,0.0349282296650717,1.0583781607403942e-05,0.0354066985645933,3.5601751659274683e-06,2,1,0,0,0
1917,38,11:15:54,4,0.0349282296650717,5517686.0,0.0344497607655502,0.0339712918660286,6.191608984221684e-06,0.0334928229665072,2.5466861703226816e-05,0.0330143540669856,1.3253912981849542e-05,0.0325358851674641,7.740285181400132e-05,0.0320574162679425,5.688540754253672e-06,0.0349282296650717,4.810686692959492e-06,0.0354066985645933,3.5601751659274683e-06,0.0358851674641147,1.0890846715465185e-05,0.0363636363636363,1.553068369801631e-05,0.036842105263158,6.423794321129997e-06,2,0,0,0,0
1918,38,11:15:57,4,0.0349282296650717,2499620.0,0.0342105263157896,0.0334928229665072,7.586114117693013e-05,0.0330143540669856,2.670131374445601e-05,0.0325358851674641,7.711262014286594e-05,0.0320574162679425,5.998121203464756e-06,0.0315789473684211,1.9579222022574266e-05,0.0349282296650717,8.95848424904575e-08,0.0354066985645933,4.566311625863492e-06,0.0358851674641147,1.1084334496222114e-05,0.0363636363636363,1.593700803760586e-05,0.036842105263158,7.391233224914635e-06,2,0,0,0,0
1919,38,11:16:00,4,0.0339712918660286,1061975.0,0.0344497607655502,0.0339712918660286,8.99427948848578e-06,0.0334928229665072,0.0001003566942207,0.0330143540669856,2.7920286763224657e-05,0.0325358851674641,7.146277694476365e-05,0.0320574162679425,3.947150727441323e-06,0.0349282296650717,8.64174475194666e-06,0.0354066985645933,5.437006639269666e-06,0.0358851674641147,1.1142380830449191e-05,0.0363636363636363,1.6130495818362787e-05,0.036842105263158,7.487977115293099e-06,2,0,0,0,0
1920,38,11:16:03,4,0.0349282296650717,20261495.0,0.0361244019138757,0.0349282296650717,5.8046334227078287e-08,0.0334928229665072,1.854715820001681e-05,0.0330143540669856,2.739786975518095e-05,0.0325358851674641,7.072752337788732e-05,0.0320574162679425,3.4053849413219262e-06,0.0373205741626794,7.420643367589688e-06,0.037799043062201,4.689602039761806e-05,0.0382775119617224,2.49274177704765e-05,0.0387559808612441,9.480901257089452e-07,0.0392344497607655,2.66142442431154e-06,0,0,0,0,0
1921,38,11:16:06,4,0.0363636363636363,1353123.0,0.0366028708133971,0.0363636363636363,4.06324339589548e-07,0.0358851674641147,2.269805156059518e-06,0.0354066985645933,1.625297358358192e-06,0.0349282296650717,6.152911428070298e-06,0.0344497607655502,1.7413900268123485e-07,0.036842105263158,1.2770193529957225e-06,0.0373205741626794,6.395158129577972e-06,0.037799043062201,4.78634593014027e-05,0.0382775119617224,2.4946766548552198e-05,0.0387559808612441,9.480901257089452e-07,0,0,0,0,0
1922,38,11:16:09,4,0.0363636363636363,1753411.0,0.0361244019138757,0.0358851674641147,6.694677214189696e-06,0.0354066985645933,1.1609266845415657e-07,0.0349282296650717,9.609203004509372e-05,0.0344497607655502,5.030682299680119e-07,0.0339712918660286,8.319974572547888e-07,0.0363636363636363,8.726298912137435e-06,0.0373205741626794,8.755709054812489e-06,0.037799043062201,6.761856171668501e-05,0.0382775119617224,2.4946766548552198e-05,0.0387559808612441,9.480901257089452e-07,0,0,0,0,0
1923,38,11:16:12,4,0.0358851674641147,14985730.0,0.0356459330143541,0.0354066985645933,1.1609266845415658e-06,0.0349282296650717,7.546023449520178e-07,0.0344497607655502,7.739511230277106e-08,0.0339712918660286,1.934877807569276e-08,0.0334928229665072,2.99519084611724e-05,0.0358851674641147,5.315109337392802e-05,0.0363636363636363,6.849467438795238e-06,0.036842105263158,8.068440457563883e-06,0.0373205741626794,1.225783788651288e-05,0.037799043062201,7.052087842803892e-05,0,0,0,0,0
1924,38,11:16:15,4,0.0349282296650717,2599958.0,0.0351674641148325,0.0349282296650717,3.753662946684396e-06,0.0334928229665072,2.463099449035689e-05,0.0330143540669856,2.4108577482313183e-05,0.0325358851674641,2.8636191552025288e-05,0.0320574162679425,3.50212883170039e-06,0.0354066985645933,1.3718283655666169e-05,0.0358851674641147,6.841727927564961e-05,0.0363636363636363,1.5943393134370835e-05,0.036842105263158,9.925923152830387e-06,0.0373205741626794,1.3496159683357216e-05,0,0,0,0,0
1925,38,11:16:18,4,0.0334928229665072,5731557.0,0.0339712918660286,0.0334928229665072,6.036818759616142e-06,0.0330143540669856,2.3798997033102097e-05,0.0325358851674641,2.745591608940803e-05,0.0320574162679425,3.4634312755490046e-06,0.0315789473684211,5.7448456984539385e-06,0.0344497607655502,2.51534114984006e-07,0.0349282296650717,5.611145641950901e-06,0.0354066985645933,2.9603630455809928e-06,0.0358851674641147,7.563437349788301e-05,0.0363636363636363,1.5092046899040357e-05,0,0,0,0,0
1926,38,11:16:21,4,0.0330143540669856,4293663.0,0.0332535885167464,0.0330143540669856,2.149649244209466e-05,0.0325358851674641,2.5811269952974143e-05,0.0320574162679425,3.4634312755490046e-06,0.0315789473684211,5.7448456984539385e-06,0.0311004784688995,3.384101285438664e-05,0.0334928229665072,6.684306269141125e-05,0.0339712918660286,1.3544144652984934e-07,0.0344497607655502,5.030682299680119e-07,0.0349282296650717,7.739511230277106e-06,0.0354066985645933,3.977528309020162e-06,0,0,0,0,0
1927,38,11:16:24,4,0.0334928229665072,11236555.0,0.0330143540669856,0.0325358851674641,2.087733154367249e-05,0.0320574162679425,3.4634312755490046e-06,0.0315789473684211,5.7448456984539385e-06,0.0311004784688995,3.370557140785679e-05,0.0306220095693781,1.0835315722387947e-06,0.0334928229665072,1.344043520249922e-05,0.0339712918660286,1.0390293826647014e-05,0.0344497607655502,1.3989166548725868e-05,0.0349282296650717,7.159047888006322e-05,0.0354066985645933,2.436011159729719e-05,0,0,0,0,0
1928,38,11:16:27,4,0.0334928229665072,3158821.0,0.0332535885167464,0.0330143540669856,1.0061364599360235e-06,0.0325358851674641,1.0777269388160867e-05,0.0320574162679425,3.4053849413219262e-06,0.0315789473684211,5.512660361545625e-06,0.0311004784688995,3.2892922728677696e-05,0.0334928229665072,5.495826924619772e-06,0.0339712918660286,1.2228427743837826e-05,0.0344497607655502,1.422135188563418e-05,0.0349282296650717,7.075848142280843e-05,0.0354066985645933,5.516336629380007e-05,0,0,0,0,0
1929,38,11:16:30,4,0.0315789473684211,4414126.0,0.0313397129186603,0.0311004784688995,2.4784043324935618e-05,0.0306220095693781,1.0835315722387947e-06,0.0301435406698566,1.6233624805506228e-05,0.029665071770335,1.7955666054242884e-05,0.0291866028708136,3.707225879302733e-06,0.0315789473684211,9.674389037846383e-08,0.0320574162679425,9.674389037846383e-08,0.0325358851674641,3.894909026636953e-05,0.0330143540669856,4.546962847787799e-06,0.0334928229665072,1.3970591721773202e-05,0,0,0,0,0
1930,38,11:16:33,4,0.0325358851674641,6209559.0,0.0318181818181817,0.0311004784688995,1.8534388006486853e-05,0.0306220095693781,1.0835315722387947e-06,0.0301435406698566,1.6233624805506228e-05,0.029665071770335,1.7916968498091498e-05,0.0291866028708136,3.707225879302733e-06,0.0325358851674641,5.506178520890268e-05,0.0330143540669856,2.2367187455500837e-05,0.0334928229665072,3.8369400875221776e-05,0.0339712918660286,1.3389354428379392e-05,0.0344497607655502,6.9462113291737015e-06,0,0,0,0,0
1931,38,11:16:36,4,0.0311004784688995,5501429.0,0.0308612440191389,0.0306220095693781,7.932999011034033e-07,0.0301435406698566,1.57692541316896e-05,0.029665071770335,1.7916968498091498e-05,0.0291866028708136,3.803969769681197e-06,0.028708133971292,0.0001485496632127,0.0311004784688995,8.397369684850658e-06,0.0320574162679425,2.128365588326204e-07,0.0325358851674641,4.6762900804457296e-05,0.0330143540669856,3.066781324997303e-05,0.0334928229665072,6.588336329885688e-05,0,0,0,0,0
1932,38,11:16:39,4,0.0311004784688995,2130915.0,0.0306220095693781,0.0301435406698566,1.2692798417654453e-05,0.029665071770335,1.7916968498091498e-05,0.0291866028708136,3.803969769681197e-06,0.028708133971292,0.0001485496632127,0.0282296650717703,6.578584545735539e-07,0.0311004784688995,6.385096764978611e-07,0.0315789473684211,1.141577906465873e-06,0.0320574162679425,2.979711823656685e-06,0.0325358851674641,4.952977606928136e-05,0.0330143540669856,3.024214013230779e-05,0,0,0,0,0
1933,38,11:16:42,4,0.0301435406698566,1136004.0,0.0303827751196172,0.0301435406698566,1.2170381409610748e-05,0.029665071770335,1.7916968498091498e-05,0.0291866028708136,3.9007136600596605e-06,0.028708133971292,0.0001484335705443,0.0282296650717703,6.578584545735539e-07,0.0306220095693781,1.9348778075692766e-07,0.0311004784688995,9.287413476332526e-07,0.0320574162679425,4.1019409520468654e-06,0.0325358851674641,5.051656375114169e-05,0.0330143540669856,3.066781324997303e-05,0,0,0,0,0
1934,38,11:16:45,4,0.0311004784688995,2991638.0,0.0303827751196172,0.0301435406698566,6.332855064174241e-06,0.029665071770335,1.766543438310749e-05,0.0291866028708136,4.5972696707846e-06,0.028708133971292,0.000148627058325,0.0282296650717703,6.578584545735539e-07,0.0306220095693781,1.9348778075692764e-06,0.0311004784688995,1.0448340160874092e-06,0.0315789473684211,1.2383217968443368e-06,0.0320574162679425,8.648903799834665e-06,0.0325358851674641,5.1038980759185394e-05,0,0,0,0,0
1935,38,11:16:48,4,0.0301435406698566,2677445.0,0.0299043062200956,0.029665071770335,1.6994031783880954e-05,0.0291866028708136,5.371220793812311e-06,0.028708133971292,0.0001491494753331,0.0282296650717703,6.578584545735539e-07,0.0277511961722489,4.488916513560721e-06,0.0301435406698566,5.591796863875208e-06,0.0311004784688995,3.970562748912912e-06,0.0320574162679425,1.0409642604722706e-05,0.0325358851674641,3.573409730131242e-05,0.0330143540669856,2.24639313458793e-05,0,0,0,0,0
1936,38,11:16:51,4,0.029665071770335,2785245.0,0.0299043062200956,0.029665071770335,8.525458595711745e-06,0.0291866028708136,4.868152563844299e-06,0.028708133971292,0.0001488011973277,0.0282296650717703,6.578584545735539e-07,0.0277511961722489,4.488916513560721e-06,0.0301435406698566,3.3136330356869914e-05,0.0306220095693781,1.934877807569276e-08,0.0311004784688995,4.338189532351074e-06,0.0315789473684211,1.0254852380117164e-06,0.0320574162679425,1.1183593727750417e-05,0,0,0,0,0
1937,38,11:16:54,4,0.0301435406698566,2930041.0,0.0291866028708134,0.028708133971292,0.0001468986319795,0.0282296650717703,6.578584545735539e-07,0.0277511961722489,4.488916513560721e-06,0.0272727272727273,5.108077411982889e-06,0.0267942583732059,3.4634312755490046e-06,0.029665071770335,7.739511230277106e-08,0.0301435406698566,5.39130482545488e-05,0.0306220095693781,2.708828930596987e-07,0.0311004784688995,5.6345576634224895e-06,0.0315789473684211,4.75979940662042e-06,0,0,0,0,0
1938,38,11:16:57,4,0.028708133971292,2045467.0,0.0291866028708134,0.028708133971292,0.0001361020138133,0.0282296650717703,6.578584545735539e-07,0.0277511961722489,4.488916513560721e-06,0.0272727272727273,5.108077411982889e-06,0.0267942583732059,3.4634312755490046e-06,0.029665071770335,2.147714366401897e-06,0.0301435406698566,5.671862107552425e-05,0.0306220095693781,8.716624523099589e-07,0.0311004784688995,6.5246014549043565e-06,0.0315789473684211,5.088728633907197e-06,0,0,0,0,0
1939,38,11:17:00,4,0.0291866028708136,4414860.0,0.0289473684210528,0.028708133971292,0.0001116064607695,0.0282296650717703,6.578584545735539e-07,0.0277511961722489,4.256731176652408e-06,0.0272727272727273,5.108077411982889e-06,0.0267942583732059,3.4634312755490046e-06,0.0291866028708136,2.7552659979786496e-05,0.029665071770335,1.0449307599777876e-05,0.0301435406698566,6.577384921494847e-05,0.0306220095693781,1.587567241110591e-06,0.0311004784688995,6.911577016418212e-06,0,0,0,0,0
1940,38,11:17:03,4,0.0291866028708136,4967780.0,0.0289473684210528,0.028708133971292,4.6050091820148776e-05,0.0282296650717703,6.578584545735539e-07,0.0277511961722489,4.2760799547281006e-06,0.0272727272727273,5.108077411982889e-06,0.0267942583732059,3.4634312755490046e-06,0.0291866028708136,4.349605311415733e-06,0.029665071770335,2.2967967014751093e-05,0.0301435406698566,7.037885839696334e-05,0.0306220095693781,1.587567241110591e-06,0.0311004784688995,7.182459909477911e-06,0,0,0,0,0
1941,38,11:17:06,4,0.028708133971292,5749356.0,0.0284688995215309,0.0282296650717703,7.35253566876325e-07,0.0277511961722489,4.2760799547281006e-06,0.0272727272727273,5.108077411982889e-06,0.0267942583732059,3.424733719397619e-06,0.0263157894736842,1.547902246055421e-06,0.028708133971292,2.573387484067137e-05,0.0291866028708136,5.640555784625954e-06,0.029665071770335,3.705387745385542e-05,0.0301435406698566,6.975969749854118e-05,0.0306220095693781,1.587567241110591e-06,1,0,0,0,0
1942,38,11:17:09,4,0.028708133971292,3291000.0,0.0284688995215309,0.0282296650717703,7.739511230277106e-08,0.0272727272727273,4.140638508198252e-06,0.0267942583732059,3.424733719397619e-06,0.0263157894736842,1.5865998022068066e-06,0.0258373205741628,5.475704195421052e-06,0.028708133971292,2.7526926104945824e-05,0.0291866028708136,5.717950896928725e-06,0.029665071770335,4.5315805692176233e-05,0.0301435406698566,6.960877702955077e-05,0.0306220095693781,1.5682184630348984e-06,1,0,0,0,0
1943,38,11:17:12,4,0.028708133971292,3820066.0,0.0284688995215309,0.0282296650717703,1.3544144652984934e-07,0.0277511961722489,1.7413900268123485e-07,0.0272727272727273,4.546962847787799e-06,0.0267942583732059,3.424733719397619e-06,0.0263157894736842,1.625297358358192e-06,0.028708133971292,5.629855910350096e-05,0.0291866028708136,2.6647137165844077e-06,0.029665071770335,3.469332652862091e-05,0.0301435406698566,6.355260949185894e-05,0.0306220095693781,1.4908233507321274e-06,0,0,0,0,0
1944,38,11:17:15,4,0.0282296650717703,4284474.0,0.0270334928229665,0.0258373205741628,4.991984743528732e-06,0.0253588516746412,5.611145641950901e-07,0.0248803827751198,6.152911428070298e-06,0.0244019138755982,2.542816414707543e-05,0.0239234449760765,5.572448085799515e-06,0.0282296650717703,9.674389037846383e-08,0.028708133971292,0.0001018649314717,0.0291866028708136,1.3093705099382806e-05,0.029665071770335,3.368719006868488e-05,0.0301435406698566,5.436193990590487e-05,1,0,0,1,0
1945,38,11:17:18,4,0.0282296650717703,1456776.0,0.0272727272727273,0.0263157894736842,7.739511230277106e-08,0.0258373205741628,4.005197061668402e-06,0.0253588516746412,3.925867071558062e-05,0.0248803827751198,6.152911428070298e-06,0.0244019138755982,2.542816414707543e-05,0.0282296650717703,1.876831473342198e-06,0.028708133971292,0.000136441197893,0.0291866028708136,1.5338163356163165e-05,0.029665071770335,3.372588762483627e-05,0.0301435406698566,5.2814037659849454e-05,0,0,0,1,0
1946,38,11:17:21,4,0.0282296650717703,829039.0,0.0279904306220095,0.0277511961722489,2.708828930596987e-07,0.0263157894736842,5.8046334227078287e-08,0.0258373205741628,4.005197061668402e-06,0.0253588516746412,3.925867071558062e-05,0.0248803827751198,6.617282101886925e-06,0.0282296650717703,3.717654870685532e-05,0.028708133971292,0.0001445057685949,0.0291866028708136,1.5473604802693017e-05,0.029665071770335,3.2042543932251e-05,0.0301435406698566,4.294616084124614e-05,0,0,0,0,0
1947,38,11:17:24,4,0.0277511961722489,949779.0,0.0279904306220095,0.0277511961722489,3.095804492110842e-07,0.0263157894736842,6.9655601072493945e-06,0.0258373205741628,4.392172623182257e-06,0.0253588516746412,3.925867071558062e-05,0.0248803827751198,6.539886989584154e-06,0.0282296650717703,3.611236591269222e-05,0.028708133971292,0.0001462471586217,0.0291866028708136,1.5396209690390244e-05,0.029665071770335,3.198449759802392e-05,0.0301435406698566,4.275267306048921e-05,0,0,0,0,0
1948,38,11:17:27,4,0.0263157894736842,1499187.0,0.0260765550239234,0.0258373205741628,7.739511230277105e-07,0.0253588516746412,3.9103880490975074e-05,0.0248803827751198,6.636630879962617e-06,0.0244019138755982,2.5234676366318506e-05,0.0239234449760765,6.655979658038311e-06,0.0263157894736842,3.037758157883764e-06,0.0267942583732059,2.283155812931746e-06,0.0272727272727273,3.095804492110842e-07,0.0277511961722489,1.2383217968443368e-06,0.0282296650717703,3.8792752139517935e-05,1,0,1,1,0
1949,38,11:17:30,4,0.0277511961722489,2223787.0,0.0270334928229665,0.0263157894736842,8.900437914818671e-07,0.0253588516746412,2.9584281677734235e-05,0.0248803827751198,6.636630879962617e-06,0.0244019138755982,2.5234676366318506e-05,0.0239234449760765,6.849467438795238e-06,0.0277511961722489,9.867876818603309e-07,0.0282296650717703,4.266250775465649e-05,0.028708133971292,0.0001519434388872,0.0291866028708136,1.586058036420687e-05,0.029665071770335,3.196514881994823e-05,0,0,1,1,0
1950,38,11:17:33,4,0.0263157894736842,770580.0,0.0260765550239234,0.0258373205741628,4.4502189574093364e-07,0.0253588516746412,2.8636191552025288e-05,0.0248803827751198,6.636630879962617e-06,0.0244019138755982,2.5234676366318506e-05,0.0239234449760765,6.926862551098009e-06,0.0263157894736842,4.06324339589548e-07,0.0267942583732059,1.547902246055421e-07,0.0272727272727273,7.739511230277106e-08,0.0277511961722489,1.3563493431060627e-05,0.0282296650717703,4.809951439392615e-05,1,0,1,1,0
1951,38,11:17:36,4,0.0263157894736842,894561.0,0.0270334928229665,0.0267942583732059,1.2383217968443368e-06,0.0263157894736842,4.605009182014878e-06,0.0258373205741628,2.3218533690831317e-07,0.0253588516746412,2.56564797283686e-05,0.0248803827751198,6.636630879962617e-06,0.0272727272727273,5.8046334227078287e-08,0.0277511961722489,5.782188840140025e-05,0.0282296650717703,5.243364068288133e-05,0.028708133971292,8.879541234496922e-05,0.0291866028708136,4.870474417213382e-06,0,0,1,0,0
1952,38,11:17:39,4,0.0263157894736842,828436.0,0.0270334928229665,0.0263157894736842,1.4801815227904964e-05,0.0258373205741628,8.900437914818671e-07,0.0253588516746412,2.631433818294216e-05,0.0248803827751198,6.636630879962617e-06,0.0244019138755982,2.521532758824281e-05,0.0277511961722489,6.00856954362563e-05,0.0282296650717703,5.254973335133549e-05,0.028708133971292,8.987894391720802e-05,0.0291866028708136,4.870474417213382e-06,0.029665071770335,3.113315136269344e-05,0,0,0,0,0
1953,38,11:17:42,4,0.0263157894736842,1937442.0,0.0265550239234448,0.0263157894736842,3.869755615138553e-06,0.0258373205741628,2.341202147158824e-06,0.0253588516746412,2.631433818294216e-05,0.0248803827751198,6.791421104568159e-06,0.0244019138755982,2.5118583697864344e-05,0.0267942583732059,5.8046334227078287e-08,0.0272727272727273,3.593068088656146e-05,0.0277511961722489,1.7170105664369757e-05,0.0282296650717703,4.8815419182726784e-05,0.028708133971292,8.985959513913233e-05,0,0,1,1,0
1954,38,11:17:45,4,0.0263157894736842,3033422.0,0.0260765550239234,0.0258373205741628,3.869755615138552e-08,0.0253588516746412,1.0138759711663008e-05,0.0248803827751198,6.791421104568159e-06,0.0244019138755982,2.5118583697864344e-05,0.0239234449760765,6.868816216870931e-06,0.0263157894736842,8.532811131380508e-06,0.0267942583732059,1.934877807569276e-08,0.0272727272727273,1.4124607995255717e-06,0.0277511961722489,4.586434355062213e-05,0.0282296650717703,4.92991386346191e-05,0,0,1,1,1
1955,38,11:17:48,4,0.0263157894736842,1692083.0,0.0258373205741626,0.0253588516746412,7.99104534526111e-06,0.0248803827751198,6.791421104568159e-06,0.0244019138755982,2.5118583697864344e-05,0.0239234449760765,6.733374770341081e-06,0.0234449760765551,7.515065404599069e-05,0.0263157894736842,9.751784150149151e-06,0.0267942583732059,2.5385596835308905e-05,0.0272727272727273,2.070319254099126e-06,0.0277511961722489,1.980153948266397e-05,0.0282296650717703,4.792537539124492e-05,1,0,1,1,1
1956,38,11:17:51,4,0.0263157894736842,1151575.0,0.0260765550239234,0.0258373205741628,6.772072326492467e-07,0.0253588516746412,6.0561675376918345e-06,0.0248803827751198,6.791421104568159e-06,0.0244019138755982,2.5389466590924043e-05,0.0239234449760765,8.319974572547888e-06,0.0263157894736842,2.181768215815116e-05,0.0267942583732059,2.8965120779312063e-05,0.0272727272727273,2.72817770867268e-06,0.0277511961722489,1.978219070458828e-05,0.0282296650717703,4.7828631500866455e-05,1,0,1,0,1
1957,38,11:17:54,4,0.0253588516746412,1563427.0,0.0258373205741626,0.0253588516746412,5.707889532329365e-06,0.0248803827751198,6.791421104568159e-06,0.0244019138755982,2.5389466590924043e-05,0.0239234449760765,8.358672128699274e-06,0.0234449760765551,7.553762960750455e-05,0.0263157894736842,2.246760761371368e-05,0.0267942583732059,3.360882751747833e-05,0.0272727272727273,2.72817770867268e-06,0.0277511961722489,1.9066285915787648e-05,0.0282296650717703,4.792537539124492e-05,0,0,1,0,1
1958,38,11:17:57,4,0.0253588516746412,1286060.0,0.0251196172248804,0.0248803827751198,7.042955219552166e-06,0.0244019138755982,2.5389466590924043e-05,0.0239234449760765,8.552159909456201e-06,0.0234449760765551,7.553762960750455e-05,0.0229665071770335,3.927801949365631e-06,0.0253588516746412,2.360550925234517e-06,0.0258373205741628,8.590857465607587e-06,0.0263157894736842,2.8814006822540907e-05,0.0267942583732059,3.380231529823525e-05,0.0272727272727273,3.269943494792077e-06,1,1,1,1,1
1959,38,11:18:00,4,0.0248803827751198,1270895.0,0.0253588516746412,0.0248803827751198,5.727238310405057e-06,0.0244019138755982,2.5389466590924043e-05,0.0239234449760765,9.268064698256831e-06,0.0234449760765551,7.553762960750455e-05,0.0229665071770335,3.927801949365631e-06,0.0258373205741628,6.861076705640653e-06,0.0263157894736842,6.472533893102668e-05,0.0267942583732059,5.224170080437046e-06,0.0272727272727273,5.243518858512739e-06,0.0277511961722489,1.8331032348911325e-05,0,2,1,1,2
1960,38,11:18:03,4,0.0258373205741628,1646005.0,0.0253588516746412,0.0248803827751198,6.133562649994606e-06,0.0244019138755982,2.5389466590924043e-05,0.0239234449760765,9.287413476332526e-06,0.0234449760765551,7.553762960750455e-05,0.0229665071770335,3.927801949365631e-06,0.0258373205741628,6.880425483716346e-06,0.0263157894736842,7.035583335105327e-05,0.0267942583732059,7.932999011034033e-06,0.0272727272727273,5.301565192739817e-06,0.0277511961722489,2.038200282493476e-05,1,1,1,0,2
1961,38,11:18:06,4,0.0253588516746412,1670999.0,0.025598086124402,0.0253588516746412,1.093205961276641e-05,0.0248803827751198,5.224170080437046e-07,0.0244019138755982,2.2390405989191664e-05,0.0239234449760765,1.0332247492419937e-05,0.0234449760765551,7.575046616633717e-05,0.0258373205741628,4.307037999649209e-06,0.0263157894736842,7.281312816666625e-05,0.0267942583732059,7.739511230277106e-06,0.0272727272727273,4.7211018504690345e-06,0.0277511961722489,2.0498095493388912e-05,0,1,2,0,2
1962,38,11:18:09,4,0.0253588516746412,2134546.0,0.0251196172248804,0.0248803827751198,8.513462353304816e-07,0.0244019138755982,2.2390405989191664e-05,0.0239234449760765,1.0815966944312257e-05,0.0234449760765551,7.56537222759587e-05,0.0229665071770335,3.927801949365631e-06,0.0253588516746412,3.091934736495704e-05,0.0258373205741628,1.849743184036228e-06,0.0263157894736842,7.279377938859055e-05,0.0267942583732059,7.642767339898642e-06,0.0272727272727273,4.7211018504690345e-06,1,2,2,0,2
1963,38,11:18:12,4,0.0253588516746412,1807843.0,0.0251196172248804,0.0248803827751198,9.674389037846382e-07,0.0244019138755982,1.675991156916507e-05,0.0239234449760765,1.037094504857132e-05,0.0234449760765551,7.575046616633717e-05,0.0229665071770335,3.9664995055170165e-06,0.0253588516746412,2.598540895565538e-05,0.0258373205741628,4.248991665422131e-06,0.0263157894736842,7.267072116002915e-05,0.0267942583732059,7.642767339898642e-06,0.0272727272727273,4.7211018504690345e-06,1,1,2,0,2
1964,38,11:18:15,4,0.0248803827751198,1583449.0,0.0246411483253587,0.0244019138755982,1.675991156916507e-05,0.0239234449760765,1.0583781607403942e-05,0.0234449760765551,7.575046616633717e-05,0.0229665071770335,3.85040683706286e-06,0.0224880382775121,3.7730117247600887e-06,0.0248803827751198,6.965560107249394e-07,0.0253588516746412,1.6369066252036076e-05,0.0258373205741628,4.752059895390142e-06,0.0263157894736842,7.667591822169755e-05,0.0267942583732059,7.371884446838942e-06,2,2,2,1,2
1965,38,11:18:18,4,0.0244019138755982,2866557.0,0.0251196172248804,0.0248803827751198,1.7413900268123485e-07,0.0244019138755982,1.2251646277528657e-05,0.0239234449760765,1.1512522955037194e-05,0.0234449760765551,7.575046616633717e-05,0.0229665071770335,3.85040683706286e-06,0.0253588516746412,2.1351376606526964e-06,0.0258373205741628,5.64210368687201e-06,0.0263157894736842,7.835926191428282e-05,0.0267942583732059,6.9655601072493945e-06,0.0272727272727273,3.6956166124573177e-06,2,1,2,0,2
1966,38,11:18:21,4,0.0248803827751198,886704.0,0.0246411483253587,0.0244019138755982,1.0007188020748298e-05,0.0239234449760765,1.224777652191352e-05,0.0234449760765551,7.575046616633717e-05,0.0229665071770335,3.985848283592709e-06,0.0224880382775121,3.7730117247600887e-06,0.0248803827751198,3.869755615138553e-07,0.0253588516746412,6.914285845348808e-06,0.0258373205741628,5.661452464947702e-06,0.0263157894736842,7.942344470844592e-05,0.0267942583732059,5.262867636588431e-06,2,2,2,0,2
1967,38,11:18:24,4,0.0248803827751198,2294079.0,0.0251196172248804,0.0248803827751198,8.706950134061743e-07,0.0244019138755982,6.87268597248607e-06,0.0239234449760765,1.3640888543363398e-05,0.0234449760765551,7.575046616633717e-05,0.0229665071770335,3.985848283592709e-06,0.0253588516746412,3.857178909389352e-06,0.0258373205741628,5.661452464947702e-06,0.0263157894736842,7.9229956927689e-05,0.0267942583732059,5.262867636588431e-06,0.0272727272727273,3.6956166124573177e-06,2,2,2,0,2
1968,38,11:18:27,4,0.0248803827751198,664093.0,0.0251196172248804,0.0248803827751198,4.508265291636414e-06,0.0244019138755982,8.788215001979653e-06,0.0239234449760765,1.2692798417654453e-05,0.0234449760765551,7.575046616633717e-05,0.0229665071770335,6.694677214189696e-06,0.0253588516746412,2.4834156660151662e-06,0.0258373205741628,5.661452464947702e-06,0.0263157894736842,7.988781538226255e-05,0.0267942583732059,5.262867636588431e-06,0.0272727272727273,3.6956166124573177e-06,1,1,1,0,2
1969,38,11:18:30,4,0.0248803827751198,1881615.0,0.0260765550239234,0.0258373205741628,1.547902246055421e-07,0.0248803827751198,1.3737632433741862e-06,0.0244019138755982,8.865610114282423e-06,0.0239234449760765,1.6562554032793006e-05,0.0234449760765551,7.575046616633717e-05,0.0263157894736842,7.926768704493659e-05,0.0267942583732059,5.262867636588431e-06,0.0272727272727273,3.598872722078854e-06,0.0277511961722489,1.6434852097493434e-05,0.0282296650717703,1.452183840914969e-05,1,1,1,0,2
1970,38,11:18:33,4,0.0253588516746412,742480.0,0.0258373205741626,0.0253588516746412,1.1531871733112886e-06,0.0248803827751198,5.630494420026594e-06,0.0244019138755982,8.98170278273658e-06,0.0239234449760765,2.345071902773963e-05,0.0234449760765551,7.584721005671563e-05,0.0263157894736842,7.721671656891316e-05,0.0267942583732059,5.262867636588431e-06,0.0272727272727273,3.598872722078854e-06,0.0277511961722489,1.641550331941774e-05,0.0282296650717703,1.374788728612198e-05,1,1,1,0,2
1971,38,11:18:36,4,0.0258373205741628,615062.0,0.0260765550239234,0.0258373205741628,1.9155290294935838e-06,0.0253588516746412,6.493449922202491e-06,0.0248803827751198,5.340262748891203e-06,0.0244019138755982,9.310632010023355e-06,0.0239234449760765,2.4901877383416585e-05,0.0263157894736842,7.439179496986202e-05,0.0267942583732059,4.450218957409336e-06,0.0272727272727273,3.521477609776083e-06,0.0277511961722489,1.662833987825036e-05,0.0282296650717703,1.3651143395743517e-05,1,2,1,0,2
1972,38,11:18:39,4,0.0263157894736842,673370.0,0.0258373205741626,0.0253588516746412,9.782742195070262e-06,0.0248803827751198,6.714025992265389e-06,0.0244019138755982,9.523468568855976e-06,0.0239234449760765,2.51340627203249e-05,0.0234449760765551,7.563437349788301e-05,0.0263157894736842,7.174101237349211e-05,0.0267942583732059,4.450218957409336e-06,0.0272727272727273,3.521477609776083e-06,0.0277511961722489,1.662833987825036e-05,0.0282296650717703,1.3651143395743517e-05,1,2,1,1,2
1973,38,11:18:42,4,0.0258373205741628,671051.0,0.025598086124402,0.0253588516746412,1.20852467860777e-05,0.0248803827751198,1.0216154823965778e-05,0.0244019138755982,1.198076338446896e-05,0.0239234449760765,2.555973583799014e-05,0.0234449760765551,7.563437349788301e-05,0.0258373205741628,7.159047888006322e-07,0.0263157894736842,7.359849506875862e-05,0.0267942583732059,4.159987286273944e-06,0.0272727272727273,3.521477609776083e-06,0.0277511961722489,1.6570293544023282e-05,1,2,1,1,2
1974,38,11:18:45,4,0.0258373205741628,1181457.0,0.025598086124402,0.0253588516746412,9.415115411632098e-06,0.0248803827751198,9.17132080787837e-06,0.0244019138755982,1.2251646277528657e-05,0.0239234449760765,2.6778708856758783e-05,0.0234449760765551,7.62148368401538e-05,0.0258373205741628,1.0254852380117164e-06,0.0263157894736842,6.96319955632416e-05,0.0267942583732059,4.159987286273944e-06,0.0272727272727273,3.50212883170039e-06,0.0277511961722489,1.6957269105537137e-05,1,2,1,2,2
1975,38,11:18:48,4,0.0258373205741628,1664273.0,0.025598086124402,0.0253588516746412,9.028139850118244e-06,0.0248803827751198,9.983969487057465e-06,0.0244019138755982,1.2251646277528657e-05,0.0239234449760765,2.7630055092089265e-05,0.0234449760765551,7.62148368401538e-05,0.0258373205741628,5.417657861193974e-07,0.0263157894736842,5.7906636049371786e-05,0.0267942583732059,4.159987286273944e-06,0.0272727272727273,3.50212883170039e-06,0.0277511961722489,1.6937920327461444e-05,1,2,1,1,2
1976,38,11:18:51,4,0.0263157894736842,735427.0,0.0260765550239234,0.0258373205741628,5.998121203464756e-07,0.0253588516746412,8.737908178982851e-06,0.0248803827751198,1.1260988840053187e-05,0.0244019138755982,1.2251646277528657e-05,0.0239234449760765,2.567582850644429e-05,0.0263157894736842,5.755835804400932e-05,0.0267942583732059,4.159987286273944e-06,0.0272727272727273,3.50212883170039e-06,0.0277511961722489,1.6937920327461444e-05,0.0282296650717703,1.2335426486596406e-05,2,2,0,1,2
1977,38,11:18:54,4,0.0263157894736842,821464.0,0.0260765550239234,0.0258373205741628,1.4898559118283427e-06,0.0253588516746412,9.337720299329328e-06,0.0248803827751198,1.2866937420335689e-05,0.0244019138755982,1.387694363588685e-05,0.0239234449760765,2.296699957584731e-05,0.0263157894736842,4.950926636452113e-05,0.0267942583732059,4.159987286273944e-06,0.0272727272727273,3.15385082633792e-06,0.0277511961722489,1.6937920327461444e-05,0.0282296650717703,1.1077755911676375e-05,2,1,0,1,2
1978,38,11:18:57,4,0.0258373205741628,1363654.0,0.025598086124402,0.0253588516746412,9.821439751221646e-06,0.0248803827751198,1.2983030088789844e-05,0.0244019138755982,1.40123850824167e-05,0.0239234449760765,2.339267269351255e-05,0.0234449760765551,7.679530018242457e-05,0.0258373205741628,1.093205961276641e-05,0.0263157894736842,4.918033713723435e-05,0.0267942583732059,1.4511583556769572e-06,0.0272727272727273,3.15385082633792e-06,0.0277511961722489,1.248770137005211e-05,2,1,1,1,2
1979,38,11:19:00,4,0.0263157894736842,2478942.0,0.025598086124402,0.0253588516746412,1.1117807882293062e-05,0.0248803827751198,1.3621539765287703e-05,0.0244019138755982,1.40123850824167e-05,0.0239234449760765,2.374095069887502e-05,0.0234449760765551,7.679530018242457e-05,0.0258373205741628,3.869755615138553e-07,0.0263157894736842,4.0608828449702456e-05,0.0267942583732059,1.4511583556769572e-06,0.0272727272727273,3.15385082633792e-06,0.0277511961722489,1.3455140273836748e-05,2,2,0,1,2
1980,38,11:19:03,4,0.0258373205741628,6393566.0,0.025598086124402,0.0253588516746412,1.0808227433081978e-05,0.0248803827751198,1.3370005650303698e-05,0.0244019138755982,1.459284842468748e-05,0.0239234449760765,2.348941658389101e-05,0.0234449760765551,7.679530018242457e-05,0.0258373205741628,1.2383217968443368e-06,0.0263157894736842,1.799436361039427e-05,0.0277511961722489,5.6726747562316045e-06,0.0282296650717703,1.1077755911676375e-05,0.028708133971292,2.9874513348869627e-05,2,1,0,2,2
1981,38,11:19:06,4,0.0258373205741628,3363228.0,0.0267942583732059,0.0258373205741628,3.676267834381625e-06,0.0253588516746412,1.0324507981189656e-05,0.0248803827751198,1.379567876796894e-05,0.0244019138755982,1.4573499646611788e-05,0.0239234449760765,2.397313603578333e-05,0.0277511961722489,5.6726747562316045e-06,0.0282296650717703,1.1077755911676375e-05,0.028708133971292,2.9874513348869627e-05,0.0291866028708136,1.2909504732102211e-06,0.029665071770335,1.4473853439521973e-05,1,0,0,2,2
1982,38,11:19:09,4,0.0258373205741628,600454.0,0.0267942583732059,0.0258373205741628,7.00425766340078e-06,0.0253588516746412,1.144673710957984e-05,0.0248803827751198,1.3892422658347405e-05,0.0244019138755982,1.3625409520902845e-05,0.0239234449760765,2.401183359193472e-05,0.0277511961722489,5.6726747562316045e-06,0.0282296650717703,1.0690780350162522e-05,0.028708133971292,2.977776945849116e-05,0.0291866028708136,1.2909504732102211e-06,0.029665071770335,1.4570597329900437e-05,1,0,0,2,2
1983,38,11:19:12,4,0.0263157894736842,686230.0,0.0265550239234448,0.0263157894736842,3.095804492110842e-06,0.0258373205741628,1.1938196072702436e-05,0.0253588516746412,1.4213612374403904e-05,0.0248803827751198,1.379567876796894e-05,0.0244019138755982,1.3625409520902845e-05,0.0267942583732059,1.9348778075692766e-07,0.0272727272727273,3.192548382489306e-06,0.0277511961722489,5.440489419323291e-06,0.0282296650717703,1.0787524240540986e-05,0.028708133971292,2.977776945849116e-05,1,1,0,1,2
1984,38,11:19:15,4,0.0267942583732059,809266.0,0.0272727272727273,0.0267942583732059,7.739511230277105e-07,0.0263157894736842,2.3218533690831317e-07,0.0258373205741628,1.6620600367020082e-05,0.0253588516746412,1.7232021754211975e-05,0.0248803827751198,1.2499310636897524e-05,0.0277511961722489,3.950633507494948e-06,0.0282296650717703,1.0787524240540986e-05,0.028708133971292,3.124827659224381e-05,0.0291866028708136,1.5037870320428415e-06,0.029665071770335,1.4570597329900437e-05,0,0,0,2,2
1985,38,11:19:18,4,0.0263157894736842,736845.0,0.0270334928229665,0.0267942583732059,3.676267834381625e-07,0.0263157894736842,4.740450628544727e-06,0.0258373205741628,1.901191584939495e-05,0.0253588516746412,1.732876564459044e-05,0.0248803827751198,1.232517163421629e-05,0.0272727272727273,7.159047888006322e-07,0.0277511961722489,4.395655403235882e-06,0.0282296650717703,1.059403645978406e-05,0.028708133971292,3.134502048262228e-05,0.0291866028708136,1.5037870320428415e-06,0,0,0,2,2
1986,38,11:19:21,4,0.0282296650717703,1488166.0,0.0267942583732059,0.0263157894736842,4.1019409520468654e-06,0.0258373205741628,2.2127069119581488e-05,0.0253588516746412,1.7232021754211975e-05,0.0248803827751198,1.050638649510117e-05,0.0244019138755982,1.542484588194227e-05,0.0272727272727273,1.1609266845415658e-06,0.0282296650717703,6.979297739683136e-06,0.028708133971292,3.134502048262228e-05,0.0291866028708136,1.5037870320428415e-06,0.029665071770335,1.4570597329900437e-05,0,0,0,2,2
1987,38,11:19:24,4,0.0267942583732059,5738036.0,0.0265550239234448,0.0263157894736842,8.706950134061743e-07,0.0258373205741628,3.869755615138552e-08,0.0253588516746412,1.0461884305527076e-06,0.0248803827751198,1.01581084897387e-05,0.0244019138755982,1.459284842468748e-05,0.0267942583732059,1.571004687077798e-05,0.0277511961722489,4.837194518923191e-07,0.0282296650717703,6.979297739683136e-06,0.028708133971292,3.1286974148395195e-05,0.0291866028708136,1.5037870320428415e-06,0,0,0,2,2
1988,38,11:19:27,4,0.0263157894736842,1452433.0,0.0260765550239234,0.0258373205741628,3.2892922728677695e-07,0.0253588516746412,1.1429323209311715e-06,0.0248803827751198,1.01581084897387e-05,0.0244019138755982,1.4786336205444409e-05,0.0239234449760765,2.08579827655968e-05,0.0263157894736842,3.3860361632462336e-06,0.0267942583732059,1.093089868608187e-05,0.0272727272727273,6.772072326492467e-07,0.0277511961722489,1.5092046899040356e-06,0.0282296650717703,7.366273301196992e-06,1,0,0,2,2
1989,38,11:19:30,4,0.0263157894736842,2589754.0,0.0265550239234448,0.0263157894736842,3.4769754202019893e-05,0.0258373205741628,1.3544144652984934e-07,0.0253588516746412,1.2576705749200296e-06,0.0248803827751198,1.0061364599360235e-05,0.0244019138755982,1.4786336205444409e-05,0.0267942583732059,4.719940923784493e-06,0.0272727272727273,1.1996242406929513e-06,0.0277511961722489,1.5092046899040356e-06,0.0282296650717703,7.579109860029612e-06,0.028708133971292,3.1828739934514594e-05,0,0,0,2,2
1990,38,11:19:33,4,0.0258373205741628,4843607.0,0.025598086124402,0.0253588516746412,2.979711823656685e-06,0.0248803827751198,1.0448340160874092e-05,0.0244019138755982,1.4786336205444409e-05,0.0239234449760765,2.0529053538310025e-05,0.0234449760765551,7.693074162895443e-05,0.0258373205741628,1.550475633539488e-05,0.0263157894736842,1.8381339171908123e-06,0.0267942583732059,9.674389037846383e-08,0.0272727272727273,1.1802754626172586e-06,0.0277511961722489,1.5092046899040356e-06,1,0,0,2,2
1991,38,11:19:36,4,0.0258373205741628,1056991.0,0.025598086124402,0.0253588516746412,3.076455714035149e-06,0.0248803827751198,1.133838395235596e-05,0.0244019138755982,1.4786336205444409e-05,0.0239234449760765,2.0529053538310025e-05,0.0234449760765551,7.654376606744056e-05,0.0258373205741628,9.042264458113498e-06,0.0263157894736842,2.492122616149228e-05,0.0267942583732059,2.128365588326204e-07,0.0272727272727273,1.3737632433741862e-06,0.0277511961722489,1.5092046899040356e-06,0,0,0,2,2
1992,38,11:19:39,4,0.0253588516746412,2538764.0,0.0258373205741626,0.0253588516746412,2.418597259461595e-06,0.0248803827751198,1.120294250582611e-05,0.0244019138755982,1.4786336205444409e-05,0.0239234449760765,2.0529053538310025e-05,0.0234449760765551,7.654376606744056e-05,0.0263157894736842,2.13997485517162e-05,0.0267942583732059,2.9023167113539144e-07,0.0272727272727273,1.3737632433741862e-06,0.0277511961722489,1.8961802514178909e-06,0.0282296650717703,8.494113575229124e-06,0,0,1,2,2
1993,38,11:19:42,4,0.0258373205741628,1318955.0,0.0260765550239234,0.0258373205741628,3.869755615138552e-08,0.0253588516746412,3.831058058987167e-06,0.0248803827751198,1.1086849837371951e-05,0.0244019138755982,1.4786336205444409e-05,0.0239234449760765,2.2657419126636223e-05,0.0263157894736842,1.3544144652984934e-05,0.0267942583732059,1.1028803503144874e-06,0.0272727272727273,1.4124607995255717e-06,0.0277511961722489,2.070319254099126e-06,0.0282296650717703,8.494113575229124e-06,0,0,0,2,2
1994,38,11:19:45,4,0.0253588516746412,4836717.0,0.0251196172248804,0.0248803827751198,1.0351596270495628e-05,0.0244019138755982,1.4786336205444409e-05,0.0239234449760765,2.2734814238938995e-05,0.0234449760765551,7.654376606744056e-05,0.0229665071770335,7.932999011034033e-06,0.0253588516746412,3.991652917015417e-05,0.0258373205741628,3.2118971605649985e-06,0.0263157894736842,5.519896804545934e-05,0.0267942583732059,1.1028803503144874e-06,0.0272727272727273,1.4124607995255717e-06,0,0,2,2,2
1995,38,11:19:48,4,0.0253588516746412,1225687.0,0.0251196172248804,0.0248803827751198,8.33932335062358e-06,0.0244019138755982,1.4786336205444409e-05,0.0239234449760765,2.2734814238938995e-05,0.0234449760765551,7.654376606744056e-05,0.0229665071770335,7.932999011034033e-06,0.0253588516746412,3.558240288119899e-05,0.0258373205741628,3.6956166124573177e-06,0.0263157894736842,5.5161044440430986e-05,0.0267942583732059,1.1028803503144874e-06,0.0272727272727273,1.4124607995255717e-06,0,0,2,2,2
1996,38,11:19:51,4,0.0244019138755982,2555142.0,0.0248803827751198,0.0244019138755982,5.82785195639866e-06,0.0239234449760765,2.4901877383416585e-05,0.0234449760765551,7.654376606744056e-05,0.0229665071770335,7.932999011034033e-06,0.0224880382775121,2.6507825963699087e-06,0.0253588516746412,3.217798537878085e-05,0.0258373205741628,4.450218957409336e-06,0.0263157894736842,5.471602254469005e-05,0.0267942583732059,1.6833436925852705e-06,0.0272727272727273,1.4124607995255717e-06,0,0,2,2,2
1997,38,11:19:54,4,0.0248803827751198,3487866.0,0.0246411483253587,0.0244019138755982,1.934877807569276e-08,0.0239234449760765,2.509923491978865e-05,0.0234449760765551,7.654376606744056e-05,0.0229665071770335,7.932999011034033e-06,0.0224880382775121,2.6507825963699087e-06,0.0248803827751198,5.8046334227078287e-08,0.0253588516746412,1.2326139073120074e-05,0.0258373205741628,4.450218957409336e-06,0.0263157894736842,5.783117581487658e-05,0.0267942583732059,1.6833436925852705e-06,0,0,1,2,2
1998,38,11:19:57,4,0.0244019138755982,1198829.0,0.0246411483253587,0.0244019138755982,1.3157169091471078e-06,0.0239234449760765,1.9507438055913444e-05,0.0234449760765551,7.654376606744056e-05,0.0229665071770335,7.932999011034033e-06,0.0224880382775121,2.6507825963699087e-06,0.0248803827751198,1.0061364599360235e-06,0.0253588516746412,1.3196834086526249e-05,0.0258373205741628,3.289292272867769e-06,0.0263157894736842,5.639936623727532e-05,0.0267942583732059,1.780087582963734e-06,0,0,2,2,2
